HJY Multigroup Import
Application Version:	3.5.1.20
SystemConfiguration::	FL3-11_1602C-0213-FL
Experiment Time Stamp:	10/8/2025 10:48 AM
Export Time Stamp:	10/8/2025 4:02 PM
Experiment Comment:	None

Integration Time:	1
Time Sequence Interval Points:	301
Time Sequence Experiment Duration:	10:00:00	36000000 (ms)
Repetition Time Sequence Enabled:	False
Repetition Time Sequence Count:	2
Repetition Time Sequence Delay:	0 seconds
Time Sequence Interval Total Points:	301
Time Sequence Experiment Duration Total:	10:00:00	36000000 (ms)

Mono Count:	2
Mono Description:	Excitation 1 (Mono1)	Emission 1 (Mono2)
Mono Slit Width:		5	5
Mono Grating Index:		0	0
Mono Grating Value:		1200	1200

Mono Wavelength Group Count:	3
Mono Wavelength Group Description:	Group 1:(Excitation 1:596 Emission 1:615)	Group 2:(Excitation 1:549 Emission 1:565)	Group 3:(Excitation 1:495 Emission 1:520)

Detector Count:	3
Detector Description:	S1 (SCD1)	R (SCD2)	S1/R (SCD1/SCD2)
Detector High Voltage:	950	None	None

Accessory Sequential Type:	Temperature Controller
Accessory Sequential Description:	Temperature Control (TC1)
Accessory Sequential Scan Position Count:	1
Accessory Sequential Scan Positions:		37

Accessory Interleave Type:	Sample Changer
Accessory Interleave Description:	Sample Changer - 4 Position (SCH1)
Accessory Interleave Scan Position Count:	3
Accessory Interleave Scan Positions:	1	2	3

Axis	X	Y	X	Y	X	Y	X	Y	X	Y	X	Y	X	Y	X	Y	X	Y	X	Y	X	Y	X	Y	X	Y	X	Y	X	Y	X	Y	X	Y	X	Y	X	Y	X	Y	X	Y	X	Y	X	Y	X	Y	X	Y	X	Y	X	Y
Sequential: Temperature Controller	Idx:0(Pos:37.00)	Idx:0(Pos:37.00)	Idx:0(Pos:37.00)	Idx:0(Pos:37.00)	Idx:0(Pos:37.00)	Idx:0(Pos:37.00)	Idx:0(Pos:37.00)	Idx:0(Pos:37.00)	Idx:0(Pos:37.00)	Idx:0(Pos:37.00)	Idx:0(Pos:37.00)	Idx:0(Pos:37.00)	Idx:0(Pos:37.00)	Idx:0(Pos:37.00)	Idx:0(Pos:37.00)	Idx:0(Pos:37.00)	Idx:0(Pos:37.00)	Idx:0(Pos:37.00)	Idx:0(Pos:37.00)	Idx:0(Pos:37.00)	Idx:0(Pos:37.00)	Idx:0(Pos:37.00)	Idx:0(Pos:37.00)	Idx:0(Pos:37.00)	Idx:0(Pos:37.00)	Idx:0(Pos:37.00)	Idx:0(Pos:37.00)	Idx:0(Pos:37.00)	Idx:0(Pos:37.00)	Idx:0(Pos:37.00)	Idx:0(Pos:37.00)	Idx:0(Pos:37.00)	Idx:0(Pos:37.00)	Idx:0(Pos:37.00)	Idx:0(Pos:37.00)	Idx:0(Pos:37.00)	Idx:0(Pos:37.00)	Idx:0(Pos:37.00)	Idx:0(Pos:37.00)	Idx:0(Pos:37.00)	Idx:0(Pos:37.00)	Idx:0(Pos:37.00)	Idx:0(Pos:37.00)	Idx:0(Pos:37.00)	Idx:0(Pos:37.00)	Idx:0(Pos:37.00)	Idx:0(Pos:37.00)	Idx:0(Pos:37.00)	Idx:0(Pos:37.00)	Idx:0(Pos:37.00)	Idx:0(Pos:37.00)	Idx:0(Pos:37.00)	Idx:0(Pos:37.00)	Idx:0(Pos:37.00)
Interleave: Sample Changer	Idx:0(Pos:1)	Idx:0(Pos:1)	Idx:0(Pos:1)	Idx:0(Pos:1)	Idx:0(Pos:1)	Idx:0(Pos:1)	Idx:0(Pos:1)	Idx:0(Pos:1)	Idx:0(Pos:1)	Idx:0(Pos:1)	Idx:0(Pos:1)	Idx:0(Pos:1)	Idx:0(Pos:1)	Idx:0(Pos:1)	Idx:0(Pos:1)	Idx:0(Pos:1)	Idx:0(Pos:1)	Idx:0(Pos:1)	Idx:1(Pos:2)	Idx:1(Pos:2)	Idx:1(Pos:2)	Idx:1(Pos:2)	Idx:1(Pos:2)	Idx:1(Pos:2)	Idx:1(Pos:2)	Idx:1(Pos:2)	Idx:1(Pos:2)	Idx:1(Pos:2)	Idx:1(Pos:2)	Idx:1(Pos:2)	Idx:1(Pos:2)	Idx:1(Pos:2)	Idx:1(Pos:2)	Idx:1(Pos:2)	Idx:1(Pos:2)	Idx:1(Pos:2)	Idx:2(Pos:3)	Idx:2(Pos:3)	Idx:2(Pos:3)	Idx:2(Pos:3)	Idx:2(Pos:3)	Idx:2(Pos:3)	Idx:2(Pos:3)	Idx:2(Pos:3)	Idx:2(Pos:3)	Idx:2(Pos:3)	Idx:2(Pos:3)	Idx:2(Pos:3)	Idx:2(Pos:3)	Idx:2(Pos:3)	Idx:2(Pos:3)	Idx:2(Pos:3)	Idx:2(Pos:3)	Idx:2(Pos:3)
Detector	S1 (SCD1)	S1 (SCD1)	S1 (SCD1)	S1 (SCD1)	S1 (SCD1)	S1 (SCD1)	R (SCD2)	R (SCD2)	R (SCD2)	R (SCD2)	R (SCD2)	R (SCD2)	S1/R (SCD1/SCD2)	S1/R (SCD1/SCD2)	S1/R (SCD1/SCD2)	S1/R (SCD1/SCD2)	S1/R (SCD1/SCD2)	S1/R (SCD1/SCD2)	S1 (SCD1)	S1 (SCD1)	S1 (SCD1)	S1 (SCD1)	S1 (SCD1)	S1 (SCD1)	R (SCD2)	R (SCD2)	R (SCD2)	R (SCD2)	R (SCD2)	R (SCD2)	S1/R (SCD1/SCD2)	S1/R (SCD1/SCD2)	S1/R (SCD1/SCD2)	S1/R (SCD1/SCD2)	S1/R (SCD1/SCD2)	S1/R (SCD1/SCD2)	S1 (SCD1)	S1 (SCD1)	S1 (SCD1)	S1 (SCD1)	S1 (SCD1)	S1 (SCD1)	R (SCD2)	R (SCD2)	R (SCD2)	R (SCD2)	R (SCD2)	R (SCD2)	S1/R (SCD1/SCD2)	S1/R (SCD1/SCD2)	S1/R (SCD1/SCD2)	S1/R (SCD1/SCD2)	S1/R (SCD1/SCD2)	S1/R (SCD1/SCD2)
WL Group	1	1	2	2	3	3	1	1	2	2	3	3	1	1	2	2	3	3	1	1	2	2	3	3	1	1	2	2	3	3	1	1	2	2	3	3	1	1	2	2	3	3	1	1	2	2	3	3	1	1	2	2	3	3
Units	(ms)	CPS	(ms)	CPS	(ms)	CPS	(ms)	MicroAmps	(ms)	MicroAmps	(ms)	MicroAmps	(ms)	CPS	(ms)	CPS	(ms)	CPS	(ms)	CPS	(ms)	CPS	(ms)	CPS	(ms)	MicroAmps	(ms)	MicroAmps	(ms)	MicroAmps	(ms)	CPS	(ms)	CPS	(ms)	CPS	(ms)	CPS	(ms)	CPS	(ms)	CPS	(ms)	MicroAmps	(ms)	MicroAmps	(ms)	MicroAmps	(ms)	CPS	(ms)	CPS	(ms)	CPS
1	0	114243	5803	1387693	11606	3743072	0	0.81896	5803	0.97625	11606	1.05344	0	139497.655563153	5803	1421452.49679898	11606	3553189.55042527	16567	112688	22339	1361790	28142	3700901	16567	0.81903	22339	0.97564	28142	1.05262	16567	137587.145769996	22339	1395791.48046411	28142	3515894.62484087	33118	107808	38906	1396608	44694	3717008	33118	0.81924	38906	0.9776	44694	1.05386	33118	131595.136956203	38906	1428608.83797054	44694	3527041.54251988
2	120011	113992	125814	1293759	131617	3689034	120011	0.81978	125814	0.9769	131617	1.05489	120011	139051.940764595	125814	1324351.52011465	131617	3497079.31632682	136593	111994	142397	1277672	148200	3659740	136593	0.82028	142397	0.97795	148200	1.05558	136593	136531.428292778	142397	1306479.88138453	148200	3467041.81587374	153161	108515	158948	1294103	164751	3664551	153161	0.82101	158948	0.97804	164751	1.05589	153161	132172.567934617	158948	1323159.58447507	164751	3470580.268778
3	240022	114476	245809	1277491	251612	3684830	240022	0.82131	245809	0.97858	251612	1.05667	240022	139382.206475022	245809	1305453.82084245	251612	3487209.81952738	256589	112836	262376	1261040	268180	3646063	256589	0.82144	262376	0.97929	268180	1.05592	256589	137363.6540709	262376	1287708.44183031	268180	3452972.76308811	273140	108324	278928	1275725	284716	3645218	273140	0.82174	278928	0.98001	284716	1.05565	273140	131822.717647918	278928	1301746.92094979	284716	3453055.46345853
4	360033	114568	365820	1274678	371623	3675440	360033	0.8221	365820	0.98054	371623	1.05753	360033	139360.175161173	365820	1299975.52369103	371623	3475494.78501792	376615	112972	382419	1255416	388222	3634164	376615	0.82236	382419	0.98011	388222	1.05673	376615	137375.358723673	382419	1280892.96099417	388222	3439065.79731814	393198	108608	398970	1267336	404773	3637539	393198	0.82309	398970	0.98006	404773	1.05743	393198	131951.548433343	398970	1293120.82933698	404773	3439980.89708066
5	480044	114631	485831	1271602	491634	3666398	480044	0.82329	485831	0.98232	491634	1.05737	480044	139235.26339443	485831	1294488.55770014	491634	3467469.28700455	496611	113013	502383	1255525	508186	3631928	496611	0.82302	502383	0.98165	508186	1.0577	496611	137315.010570825	502383	1278994.54999236	508186	3433797.86328827	513162	109249	518950	1266946	524753	3633837	513162	0.82316	518950	0.98148	524753	1.05895	513162	132719.033966665	518950	1290852.58996617	524753	3431547.28740734
6	600055	114859	605858	1265795	611661	3659048	600055	0.82343	605858	0.98219	611661	1.05859	600055	139488.481109505	605858	1288747.59466091	611661	3456529.91243069	616622	113075	622409	1254272	628213	3630928	616622	0.82425	622409	0.98246	628213	1.05896	616622	137185.319987868	622409	1276664.69881725	628213	3428767.84769963	633189	109410	638977	1265037	644764	3633317	633189	0.82388	638977	0.98343	644764	1.05937	633189	132798.46579599	638977	1286351.8501571	644764	3429695.95136732
7	720066	114541	725853	1267817	731656	3663538	720066	0.82405	725853	0.98279	731656	1.05989	720066	138997.633638736	725853	1290018.21345354	731656	3456526.62068705	736617	113853	742405	1253511	748208	3626213	736617	0.82472	742405	0.98311	748208	1.05968	736617	138050.489863226	742405	1275046.53599292	748208	3421988.71357391	753200	109724	758972	1264724	764775	3626200	753200	0.82425	758972	0.98408	764775	1.05953	753200	133119.805884137	758972	1285184.13137143	764775	3422460.90247563
8	840077	115153	845880	1267269	851683	3657450	840077	0.82461	845880	0.9837	851683	1.05989	840077	139645.408132329	845880	1288267.76456237	851683	3450782.62838596	856659	114002	862431	1251800	868235	3619488	856659	0.82545	862431	0.98376	868235	1.06035	856659	138108.910291356	862431	1272464.82882004	868235	3413484.22690621	873211	109892	878999	1262962	884802	3627730	873211	0.82546	878999	0.9844	884802	1.06095	873211	133128.195188138	878999	1282976.43234458	884802	3419322.30548094
9	960088	114257	965875	1265729	971678	3647354	960088	0.82571	965875	0.98465	971678	1.06028	960088	138374.247617202	965875	1285460.82364292	971678	3439991.32304674	976655	113938	982442	1249035	988246	3619966	976655	0.82595	982442	0.98478	988246	1.06139	976655	137947.817664508	982442	1268339.12142814	988246	3410589.88684649	993222	110027	999010	1262140	1004813	3613023	993222	0.82616	999010	0.9848	1004813	1.06108	993222	133178.803137407	999010	1281620.63363119	1004813	3405042.97508199
10	1080099	114215	1085886	1263380	1091705	3639731	1080099	0.82603	1085886	0.98545	1091705	1.06169	1080099	138269.796496495	1085886	1282033.58871581	1091705	3428242.70738163	1096666	113592	1102453	1249909	1108241	3612595	1096666	0.82607	1102453	0.98459	1108241	1.06196	1096666	137508.927814834	1102453	1269471.55668857	1108241	3401818.33590719	1113217	109560	1119005	1263481	1124808	3613738	1113217	0.82609	1119005	0.98549	1124808	1.06138	1113217	132624.774540304	1119005	1282084.03941187	1124808	3404754.187944
11	1200110	114355	1205897	1260253	1211700	3636824	1200110	0.82719	1205897	0.98586	1211700	1.06265	1200110	138245.143195638	1205897	1278328.56592214	1211700	3422410.01270409	1216661	113472	1222449	1252135	1228236	3609885	1216661	0.82725	1222449	0.98584	1228236	1.0621	1216661	137167.724388033	1222449	1270119.89775217	1228236	3398818.37868374	1233228	109386	1239016	1262166	1244819	3605895	1233228	0.8264	1239016	0.98583	1244819	1.06179	1233228	132364.472410455	1239016	1280307.96384772	1244819	3396052.89181477
12	1320121	114481	1325908	1261220	1331727	3633578	1320121	0.82741	1325908	0.98588	1331727	1.06256	1320121	138360.667625482	1325908	1279283.48277681	1331727	3419645.00828189	1336688	113494	1342475	1249439	1348279	3608725	1336688	0.82708	1342475	0.98642	1348279	1.06359	1336688	137222.517773371	1342475	1266639.97080351	1348279	3392966.27459829	1353255	109629	1359043	1261833	1364846	3609489	1353255	0.82702	1359043	0.98586	1364846	1.06343	1353255	132559.067495345	1359043	1279931.22755767	1364846	3394195.19855562
13	1440132	113854	1445919	1260581	1451738	3624681	1440132	0.82789	1445919	0.98664	1451738	1.06275	1440132	137523.100895046	1445919	1277650.40947053	1451738	3410661.96189132	1456699	114029	1462471	1248465	1468258	3603210	1456699	0.82744	1462471	0.98663	1468258	1.06261	1456699	137809.387991879	1462471	1265383.17302332	1468258	3390905.41214557	1473235	110001	1479022	1261345	1484826	3603276	1473235	0.82762	1479022	0.98756	1484826	1.06275	1473235	132912.447741717	1479022	1277233.78832679	1484826	3390520.81863091
14	1560143	113432	1565930	1260201	1571749	3622846	1560143	0.82689	1565930	0.98697	1571749	1.06339	1560143	137179.068558091	1565930	1276838.20176905	1571749	3406883.64569913	1576710	113268	1582497	1248976	1588301	3591213	1576710	0.82759	1582497	0.98655	1588301	1.06212	1576710	136864.872702667	1582497	1266003.75044346	1588301	3381174.4435657	1593293	109280	1599080	1257293	1604884	3592712	1593293	0.82743	1599080	0.98619	1604884	1.06301	1593293	132071.595180257	1599080	1274899.36016386	1604884	3379753.71821526
15	1680154	113348	1685957	1257444	1691760	3608641	1680154	0.82774	1685957	0.9866	1691760	1.06284	1680154	136936.719259671	1685957	1274522.60287857	1691760	3395281.50991683	1696736	113362	1702524	1246823	1708312	3593004	1696736	0.82817	1702524	0.98721	1708312	1.06311	1696736	136882.524119444	1702524	1262976.46903901	1708312	3379710.47210543	1713288	109238	1719060	1255665	1724863	3585333	1713288	0.82744	1719060	0.98783	1724863	1.06353	1713288	132019.240065745	1719060	1271134.70941356	1724863	3371163.01373727
16	1800165	113617	1805952	1254805	1811771	3604695	1800165	0.82814	1805952	0.98787	1811771	1.06471	1800165	137195.401743667	1805952	1270212.67980605	1811771	3385612.0445943	1816732	113597	1822520	1247706	1828307	3592499	1816732	0.82827	1822520	0.98758	1828307	1.06473	1816732	137149.721709105	1822520	1263397.39565402	1828307	3374093.90174035	1833284	108535	1839071	1255834	1844874	3588038	1833284	0.82861	1839071	0.98854	1844874	1.06383	1833284	130984.419690808	1839071	1270392.70034596	1844874	3372755.04544899
17	1920176	113414	1925963	1253582	1931766	3602239	1920176	0.82863	1925963	0.988	1931766	1.06456	1920176	136869.290274308	1925963	1268807.69230769	1931766	3383782.03201323	1936743	113286	1942531	1248310	1948334	3583788	1936743	0.82933	1942531	0.98799	1948334	1.06364	1936743	136599.423631124	1942531	1263484.44822316	1948334	3369361.81414764	1953310	109878	1959098	1254118	1964901	3580535	1953310	0.82907	1959098	0.98859	1964901	1.0636	1953310	132531.631828434	1959098	1268592.64204574	1964901	3366430.04889056
18	2040187	113271	2045990	1254409	2051793	3598996	2040187	0.82855	2045990	0.98833	2051793	1.06501	2040187	136709.914911593	2045990	1269220.80681554	2051793	3379307.23655177	2056770	113168	2062557	1243424	2068360	3580897	2056770	0.82846	2062557	0.98765	2068360	1.0644	2056770	136600.439369432	2062557	1258972.30800385	2068360	3364239.9473882	2073337	109758	2079140	1255516	2084928	3582723	2073337	0.8285	2079140	0.98798	2084928	1.06431	2073337	132477.972238986	2079140	1270790.90669852	2084928	3366240.09921921
19	2160198	101370	2166001	769419	2171804	3302277	2160198	0.82835	2166001	0.98798	2171804	1.06408	2160198	122375.80732782	2166001	778779.934816494	2171804	3103410.45786031	2176905	106311	2182677	798892	2188481	3416235	2176905	0.82883	2182677	0.98702	2188481	1.06361	2176905	128266.351362764	2182677	809397.985856416	2188481	3211924.48359831	2193473	98173	2199245	796204	2205048	3383413	2193473	0.82876	2199245	0.98828	2205048	1.06518	2193473	118457.695834741	2199245	805646.17314931	2205048	3176376.76261289
20	2280209	99232	2285981	440144	2291768	3284715	2280209	0.82915	2285981	0.98864	2291768	1.06376	2280209	119679.189531448	2285981	445201.488914064	2291768	3087834.66195382	2296760	104983	2302532	444426	2308336	3399173	2296760	0.82891	2302532	0.98829	2308336	1.06303	2296760	126651.86811596	2302532	449691.892055975	2308336	3197626.59567463	2313312	97522	2319100	444847	2324903	3365369	2313312	0.82865	2319100	0.9885	2324903	1.06398	2313312	117687.805466723	2319100	450022.255943349	2324903	3163000.2443655
21	2400220	98436	2406007	264504	2411811	3281647	2400220	0.82942	2406007	0.98822	2411811	1.06402	2400220	118680.523739481	2406007	267656.999453563	2411811	3084196.72562546	2416771	104293	2422559	264495	2428347	3402215	2416771	0.82942	2422559	0.98864	2428347	1.06434	2416771	125742.084830363	2422559	267534.188379997	2428347	3196549.03508277	2433339	96872	2439126	269288	2444914	3370549	2433339	0.82901	2439126	0.98895	2444914	1.06473	2433339	116852.631451973	2439126	272296.880529855	2444914	3165637.29771867
22	2520231	98757	2526018	169670	2531822	3281774	2520231	0.82908	2526018	0.98931	2531822	1.06491	2520231	119116.369952236	2526018	171503.371036379	2531822	3081738.36286635	2536798	103859	2542586	165548	2548404	3401711	2536798	0.82901	2542586	0.98911	2548404	1.0651	2536798	125280.75656506	2542586	167370.666558826	2548404	3193794.9488311	2553381	96830	2559153	172340	2564956	3367691	2553381	0.82956	2559153	0.98912	2564956	1.06512	2553381	116724.528665799	2559153	174235.684244581	2564956	3161794.91512693
23	2640242	98043	2646029	113243	2651833	3277188	2640242	0.82993	2646029	0.98875	2651833	1.06567	2640242	118134.059498994	2646029	114531.479140329	2651833	3075237.17473514	2656793	103969	2662581	110173	2668384	3391948	2656793	0.82932	2662581	0.98882	2668384	1.06506	2656793	125366.565378865	2662581	111418.660625796	2668384	3184748.27709237	2673361	96647	2679148	116521	2684967	3356693	2673361	0.82897	2679148	0.98847	2684967	1.06545	2673361	116586.848740003	2679148	117880.158224326	2684967	3150493.21882773
24	2760253	98152	2766040	80288	2771844	3272721	2760253	0.82957	2766040	0.98922	2771844	1.0654	2760253	118316.718299842	2766040	81162.9364549848	2771844	3071823.72817721	2776804	103799	2782592	78477	2788395	3385096	2776804	0.82899	2782592	0.98947	2788395	1.06499	2776804	125211.401826319	2782592	79312.1570133506	2788395	3178523.74200697	2793372	96163	2799159	83802	2804947	3353498	2793372	0.82962	2799159	0.98862	2804947	1.06541	2793372	115912.104336925	2799159	84766.6444134248	2804947	3147612.65616054
25	2880264	98037	2886036	60645	2891855	3266530	2880264	0.83	2886036	0.98976	2891855	1.06575	2880264	118116.86746988	2886036	61272.4296799224	2891855	3065005.86441473	2896831	103574	2902619	59360	2908422	3382062	2896831	0.82963	2902619	0.98922	2908422	1.06551	2896831	124843.604980533	2902619	60006.8741028285	2908422	3174125.06686939	2913398	95825	2919186	63609	2924989	3349245	2913398	0.83001	2919186	0.98876	2924989	1.0657	2913398	115450.416260045	2919186	64332.0927221975	2924989	3142765.31856995
26	3000275	97265	3006062	47815	3011866	3260079	3000275	0.82939	3006062	0.98855	3011866	1.06562	3000275	117272.935530932	3006062	48368.8230236205	3011866	3059326.02616317	3016826	103822	3022614	48002	3028433	3378032	3016826	0.82988	3022614	0.98912	3028433	1.06429	3016826	125104.834433894	3022614	48530.0064703979	3028433	3173977.01754221	3033409	95771	3039197	51315	3044984	3349725	3033409	0.82938	3039197	0.9893	3044984	1.06633	3033409	115473.003930647	3039197	51870.0090973416	3044984	3141358.67883301
27	3120286	97152	3126073	40333	3131877	3258815	3120286	0.82964	3126073	0.98964	3131877	1.06585	3120286	117101.39337544	3126073	40755.2241219029	3131877	3057479.94558334	3136837	103616	3142625	40781	3148413	3373978	3136837	0.83046	3142625	0.98964	3148413	1.06554	3136837	124769.404908123	3142625	41207.9139889253	3148413	3166448.93668938	3153389	95833	3159192	43262	3164995	3340982	3153389	0.8299	3159192	0.99059	3164995	1.06529	3153389	115475.358476925	3159192	43672.9625778576	3164995	3136218.30675215
28	3240297	97854	3246084	35289	3251888	3256414	3240297	0.83027	3246084	0.98925	3251888	1.06636	3240297	117858.046177749	3246084	35672.4791508719	3251888	3053766.08274879	3256864	103475	3262652	36142	3268470	3374224	3256864	0.82962	3262652	0.9896	3268470	1.06645	3256864	124725.778067067	3262652	36521.8270008084	3268470	3163977.68296685	3273431	96505	3279219	37785	3285006	3340878	3273431	0.82994	3279219	0.98957	3285006	1.06682	3273431	116279.490083621	3279219	38183.2513111756	3285006	3131622.95420033
29	3360308	98296	3366095	31878	3371899	3251667	3360308	0.83075	3366095	0.99059	3371899	1.06649	3360308	118321.998194403	3366095	32180.821530603	3371899	3048942.7936502	3376875	103351	3382663	32314	3388466	3363491	3376875	0.83082	3382663	0.99023	3388466	1.06599	3376875	124396.379480513	3382663	32632.8226775598	3388466	3155274.4397227	3393442	95918	3399214	34167	3405017	3330952	3393442	0.83014	3399214	0.98972	3405017	1.06652	3393442	115544.366010552	3399214	34521.8849775694	3405017	3123196.93957919
30	3480319	93071	3486106	28849	3491910	3141259	3480319	0.83067	3486106	0.99032	3491910	1.06701	3480319	112043.290355978	3486106	29130.9879634865	3491910	2943982.71806262	3496886	98210	3502674	29942	3508477	3254198	3496886	0.8304	3502674	0.99022	3508477	1.06677	3496886	118268.304431599	3502674	30237.7249500111	3508477	3050515.10634907	3513469	91111	3519241	31009	3525044	3223949	3513469	0.82972	3519241	0.98936	3525044	1.06563	3513469	109809.333269055	3519241	31342.4840300801	3525044	3025392.49082702
31	3600330	92671	3606117	26887	3611921	3125050	3600330	0.8301	3606117	0.99127	3611921	1.06678	3600330	111638.356824479	3606117	27123.7906927477	3611921	2929423.1237931	3616897	98584	3622685	28104	3628488	3242643	3616897	0.83071	3622685	0.99041	3628488	1.06655	3616897	118674.386970182	3622685	28376.1270584909	3628488	3040310.34644414	3633464	91186	3639252	29263	3645055	3223561	3633464	0.83062	3639252	0.99053	3645055	1.06726	3633464	109780.645782668	3639252	29542.770032205	3645055	3020408.33536345
32	3720341	92714	3726128	25655	3731932	3122440	3720341	0.83098	3726128	0.99009	3731932	1.06685	3720341	111571.878986257	3726128	25911.7857972508	3731932	2926784.45892112	3736892	98350	3742680	26948	3748483	3237686	3736892	0.8309	3742680	0.99014	3748483	1.06576	3736892	118365.627632687	3742680	27216.3532429757	3748483	3037912.85092328	3753460	91036	3759232	27840	3765035	3212427	3753460	0.83025	3759232	0.98934	3765035	1.0663	3753460	109648.900933454	3759232	28139.9721026139	3765035	3012685.92328613
33	3840352	92683	3846139	24410	3851943	3118133	3840352	0.83025	3846139	0.99088	3851943	1.06687	3840352	111632.640770852	3846139	24634.6681737446	3851943	2922692.5492328	3856919	98292	3862722	25606	3868525	3231611	3856919	0.83046	3862722	0.98983	3868525	1.06678	3856919	118358.500108374	3862722	25869.0886313812	3868525	3029313.44794616	3873502	91268	3879274	26682	3885062	3203323	3873502	0.83028	3879274	0.99082	3885062	1.06645	3873502	109924.362865539	3879274	26929.2101491694	3885062	3003725.44423086
34	3960363	92402	3966150	23986	3971954	3109364	3960363	0.8311	3966150	0.99057	3971954	1.06643	3960363	111180.363373842	3966150	24214.3412378731	3971954	2915675.66553829	3976930	98374	3982718	24951	3988521	3224066	3976930	0.83133	3982718	0.99099	3988521	1.0671	3976930	118333.273188746	3982718	25177.8524505797	3988521	3021334.45787649	3993497	91700	3999285	25413	4005088	3196119	3993497	0.83098	3999285	0.99026	4005088	1.067	3993497	110351.633011625	3999285	25662.9572031588	4005088	2995425.49203374
35	4080374	91849	4086161	23232	4091965	3108078	4080374	0.83192	4086161	0.99154	4091965	1.06767	4080374	110406.048658525	4086161	23430.2196583093	4091965	2911084.88577931	4096941	98266	4102713	24185	4108532	3222626	4096941	0.83102	4102713	0.99105	4108532	1.06783	4096941	118247.454934899	4102713	24403.4105241915	4108532	3017920.45550322	4113508	91916	4119296	25109	4125099	3194552	4113508	0.83133	4119296	0.99102	4125099	1.0671	4113508	110564.998255807	4119296	25336.5219672661	4125099	2993676.31899541
36	4200385	90697	4206172	23725	4211976	2989328	4200385	0.83552	4206172	0.99461	4211976	1.06728	4200385	108551.560704711	4206172	23853.5707463227	4211976	2800884.49141744	4216952	92431	4222771	24331	4228574	3098374	4216952	0.83149	4222771	0.99109	4228574	1.06637	4216952	111163.092761188	4222771	24549.7381670686	4228574	2905533.7265677	4233566	86367	4239338	26790	4245141	3072873	4233566	0.83133	4239338	0.99152	4245141	1.06719	4233566	103890.151925228	4239338	27019.1221558819	4245141	2879405.72906418
37	4320396	87598	4326183	26143	4331987	2973794	4320396	0.83154	4326183	0.99095	4331987	1.06846	4320396	105344.300935613	4326183	26381.7548816792	4331987	2783252.53168111	4336948	91357	4342735	26955	4348538	3079263	4336948	0.83129	4342735	0.99147	4348538	1.06794	4336948	109897.869576201	4342735	27186.9042936246	4348538	2883367.04309231	4353515	85361	4359302	28558	4365090	3055709	4353515	0.8316	4359302	0.9913	4365090	1.06812	4353515	102646.705146705	4359302	28808.6351255927	4365090	2860829.30756844
38	4440407	84883	4446195	29192	4451998	2900581	4440407	0.83183	4446195	0.99126	4451998	1.06895	4440407	102043.686811007	4446195	29449.3876480439	4451998	2713486.13125029	4456959	86810	4462746	30776	4468549	2995838	4456959	0.83214	4462746	0.99293	4468549	1.06853	4456959	104321.388227942	4462746	30995.1356087539	4468549	2803700.41084481	4473526	73462	4479298	32160	4485101	2980247	4473526	0.83255	4479298	0.99247	4485101	1.0674	4473526	88237.3431025164	4479298	32404.0021360847	4485101	2792062.01986135
39	4560418	82352	4566206	32493	4572009	2763931	4560418	0.83174	4566206	0.99142	4572009	1.06885	4560418	99011.7103902662	4566206	32774.2026588126	4572009	2585892.31416943	4576985	77882	4582788	35271	4588607	2857015	4576985	0.83235	4582788	0.99222	4588607	1.06911	4576985	93568.8111972127	4582788	35547.5600169317	4588607	2672330.25600733	4593584	55512	4599356	36798	4605159	2848261	4593584	0.83234	4599356	0.99186	4605159	1.06771	4593584	66693.8991277603	4599356	37099.9939507592	4605159	2667635.4066179
40	4680429	74919	4686217	38398	4692020	2576323	4680429	0.8319	4686217	0.99227	4692020	1.06871	4680429	90057.6992426975	4686217	38697.1288056678	4692020	2410684.84434505	4696996	64525	4702784	42144	4708571	2659467	4696996	0.83241	4702784	0.99295	4708571	1.06897	4696996	77515.8876034647	4702784	42443.2247343774	4708571	2487878.05083398	4713548	43184	4719335	42910	4725139	2674822	4713548	0.83212	4719335	0.99234	4725139	1.069	4713548	51896.3611017642	4719335	43241.2278049862	4725139	2502172.12347989
41	4800440	67848	4806243	45793	4812031	2370559	4800440	0.83281	4806243	0.99206	4812031	1.06876	4800440	81468.7623827764	4806243	46159.5064814628	4812031	2218046.14693664	4817007	53073	4822779	51201	4828567	2445325	4817007	0.83202	4822779	0.99204	4828567	1.06818	4817007	63788.1300930266	4822779	51611.8301681384	4828567	2289244.322118	4833559	35950	4839346	50528	4845134	2473401	4833559	0.83186	4839346	0.99234	4845134	1.06787	4833559	43216.406606881	4839346	50918.0321260858	4845134	2316200.47384045
42	4920451	59732	4926239	55562	4932042	2162145	4920451	0.83215	4926239	0.99151	4932042	1.06861	4920451	71780.3280658535	4926239	56037.7605873869	4932042	2023324.69282526	4937018	45376	4942806	64780	4948593	2230811	4937018	0.8323	4942806	0.99238	4948593	1.06832	4937018	54518.803316112	4942806	65277.4138938713	4948593	2088148.68204283	4953570	30975	4959357	60836	4965161	2274666	4953570	0.83262	4959357	0.9919	4965161	1.06969	4953570	37201.8447791309	4959357	61332.7956447223	4965161	2126472.1554843
43	5040462	52821	5046250	68768	5052068	1964428	5040462	0.83208	5046250	0.99259	5052068	1.06913	5040462	63480.6749351024	5046250	69281.374988666	5052068	1837407.98593249	5057029	40264	5062817	80679	5068620	2037466	5057029	0.8322	5062817	0.99226	5068620	1.06933	5057029	48382.6003364576	5062817	81308.3264466974	5068620	1905366.91199162	5073596	27898	5079384	74149	5085172	2080287	5073596	0.83213	5079384	0.9929	5085172	1.06904	5073596	33526.0115606936	5079384	74679.2224796052	5085172	1945939.34745192
44	5160473	47725	5166276	84761	5172079	1799600	5160473	0.8326	5166276	0.99307	5172079	1.06923	5160473	57320.4419889503	5166276	85352.4927749303	5172079	1683080.34753982	5177056	36046	5182843	101450	5188662	1879827	5177056	0.83197	5182843	0.9926	5188662	1.06963	5177056	43326.0814692838	5182843	102206.326818457	5188662	1757455.38176753	5193623	25875	5199411	89918	5205214	1917634	5193623	0.83276	5199411	0.99246	5205214	1.069	5193623	31071.3771074499	5199411	90601.1325393467	5205214	1793857.81103835
45	5280484	43509	5286287	103849	5292090	1667960	5280484	0.83302	5286287	0.99296	5292090	1.06929	5280484	52230.4386449305	5286287	104585.280373832	5292090	1559876.17952099	5297051	34205	5302839	125056	5308626	1753561	5297051	0.83358	5302839	0.99267	5308626	1.06933	5297051	41033.8539792222	5302839	125979.429216154	5308626	1639868.88986562	5313603	24849	5319390	108751	5325178	1790442	5313603	0.83341	5319390	0.99331	5325178	1.06973	5313603	29816.0569227631	5319390	109483.444241979	5325178	1673732.62412011
46	5400495	40913	5406283	125294	5412086	1568787	5400495	0.83242	5406283	0.99287	5412086	1.06943	5400495	49149.4678167271	5406283	126193.761519635	5412086	1466937.5274679	5417062	31823	5422834	153737	5428637	1666840	5417062	0.83308	5422834	0.99292	5428637	1.06966	5417062	38199.2125606184	5422834	154833.219191879	5428637	1558289.54995045	5433614	24157	5439401	128545	5445189	1696882	5433614	0.83338	5439401	0.99284	5445189	1.07004	5433614	28986.7767405025	5439401	129472.019660771	5445189	1585811.74535531
47	5520506	38300	5526294	149856	5532097	1501257	5520506	0.83314	5526294	0.9933	5532097	1.06964	5520506	45970.6651943251	5526294	150866.807610994	5532097	1403516.13627015	5537073	31022	5542845	184160	5548648	1608271	5537073	0.83308	5542845	0.99286	5548648	1.06958	5537073	37237.7202669612	5542845	185484.358318393	5548648	1503647.22601395	5553625	23706	5559397	152068	5565200	1630501	5553625	0.83285	5559397	0.99383	5565200	1.06984	5553625	28463.7089511917	5559397	153012.084561746	5565200	1524060.6071936
48	5640517	36606	5646305	176372	5652123	1459127	5640517	0.83322	5646305	0.99311	5652123	1.06947	5640517	43933.174911788	5646305	177595.633917693	5652123	1364345.89095533	5657100	29751	5662903	216118	5668706	1575080	5657100	0.83345	5662903	0.99346	5668706	1.07012	5657100	35696.2025316456	5662903	217540.716284501	5668706	1471872.31338541	5673683	23250	5679470	176125	5685258	1591900	5673683	0.83352	5679470	0.99346	5685258	1.06984	5673683	27893.7517995969	5679470	177284.440239164	5685258	1487979.51095491
49	5760528	34663	5766331	203373	5772134	1433804	5760528	0.83403	5766331	0.99371	5772134	1.07003	5760528	41560.8551251154	5766331	204660.313371104	5772134	1339966.16917283	5777095	29060	5782867	250090	5788655	1563380	5777095	0.8334	5782867	0.99394	5788655	1.07072	5777095	34869.2104631629	5782867	251614.78560074	5788655	1460120.29288703	5793647	22953	5799419	200904	5805222	1572253	5793647	0.83397	5799419	0.9937	5805222	1.06945	5793647	27522.5727544156	5799419	202177.719633692	5805222	1470151.01220253
50	5880539	34099	5886327	231774	5892130	1425072	5880539	0.83351	5886327	0.99406	5892130	1.07012	5880539	40910.1270530648	5886327	233158.964247631	5892130	1331693.64183456	5897106	28610	5902894	284701	5908681	1570105	5897106	0.83372	5902894	0.99283	5908681	1.06939	5897106	34316.0773401142	5902894	286757.048034407	5908681	1468224.87586381	5913673	22760	5919445	227958	5925249	1573956	5913673	0.8332	5919445	0.99294	5925249	1.07032	5913673	27316.3706192991	5919445	229578.826515197	5925249	1470547.12609313
51	6000550	33007	6006338	259808	6012141	1431738	6000550	0.83315	6006338	0.99319	6012141	1.07013	6000550	39617.1157654684	6006338	261589.423977285	6012141	1337910.34734098	6017117	28431	6022889	320359	6028692	1595585	6017117	0.8333	6022889	0.9928	6028692	1.07067	6017117	34118.5647425897	6022889	322682.312651088	6028692	1490267.77625225	6033669	22787	6039457	255751	6045260	1595874	6033669	0.83321	6039457	0.9946	6045260	1.0715	6033669	27348.4475702404	6039457	257139.553589383	6045260	1489383.10779281
52	6120561	32183	6126349	289402	6132152	1449934	6120561	0.83346	6126349	0.99402	6132152	1.07052	6120561	38613.7307129316	6126349	291143.035351401	6132152	1354420.28173224	6137113	27917	6142900	353985	6148703	1633309	6137113	0.83379	6142900	0.99324	6148703	1.07034	6137113	33482.0518355941	6142900	356394.224960735	6148703	1525972.12100828	6153680	22638	6159452	281390	6165255	1629542	6153680	0.8339	6159452	0.994	6165255	1.07072	6153680	27147.1399448375	6159452	283088.531187123	6165255	1521912.35803945
53	6240572	31451	6246360	318183	6252163	1477957	6240572	0.83369	6246360	0.99394	6252163	1.07073	6240572	37725.0536770262	6246360	320122.945046985	6252163	1380326.50621539	6257139	27822	6262943	386235	6268761	1689530	6257139	0.83363	6262943	0.99456	6268761	1.07076	6257139	33374.518671353	6262943	388347.611003861	6268761	1577879.26332698	6273722	23208	6279510	307512	6285313	1680964	6273722	0.83401	6279510	0.99329	6285313	1.0705	6273722	27827.0044723684	6279510	309589.344501606	6285313	1570260.62587576
54	6360583	31140	6366371	344851	6372189	1519966	6360583	0.83326	6366371	0.99432	6372189	1.07102	6360583	37371.2886734033	6366371	346820.94295599	6372189	1419176.1124909	6377150	27653	6382969	416144	6388772	1756386	6377150	0.83336	6382969	0.99405	6388772	1.0704	6377150	33182.5381587789	6382969	418634.877521251	6388772	1640868.83408072	6393749	23047	6399521	333397	6405324	1741256	6393749	0.83363	6399521	0.99424	6405324	1.07066	6393749	27646.5578254142	6399521	335328.49211458	6405324	1626338.89376646
55	6480594	30929	6486382	369363	6492201	1568629	6480594	0.83338	6486382	0.99387	6492201	1.07043	6480594	37112.7216875855	6486382	371641.160312717	6492201	1465419.50431135	6497161	27878	6502949	445766	6508737	1838545	6497161	0.83417	6502949	0.99315	6508737	1.07004	6497161	33420.0462735414	6502949	448840.557821074	6508737	1718202.12328511	6513713	23311	6519501	359588	6525288	1814319	6513713	0.8336	6519501	0.99463	6525288	1.07043	6513713	27964.2514395393	6519501	361529.412947528	6525288	1694944.08788991
56	6600605	30286	6606393	395481	6612196	1628914	6600605	0.83419	6606393	0.99495	6612196	1.07048	6600605	36305.8775578705	6606393	397488.315995779	6612196	1521666.9157761	6617172	27687	6622944	471865	6628748	1933031	6617172	0.83444	6622944	0.99409	6628748	1.07175	6617172	33180.3365131106	6622944	474670.301481757	6628748	1803621.18031257	6633740	23545	6639527	385076	6645330	1908156	6633740	0.83398	6639527	0.99375	6645330	1.07146	6633740	28232.0918966882	6639527	387497.86163522	6645330	1780893.36046143
57	6720616	30388	6726404	416629	6732223	1703096	6720616	0.83463	6726404	0.99451	6732223	1.07181	6720616	36408.9476774139	6726404	418928.919769535	6732223	1588990.58601804	6737199	27735	6742971	496389	6748774	2038256	6737199	0.83471	6742971	0.99468	6748774	1.0719	6737199	33227.1088162356	6742971	499043.913620461	6748774	1901535.59100662	6753751	23549	6759523	408260	6765326	2006454	6753751	0.8339	6759523	0.99457	6765326	1.07155	6753751	28239.5970739897	6759523	410488.95502579	6765326	1872478.18580561
58	6840627	29984	6846430	437778	6852234	1786432	6840627	0.83443	6846430	0.99521	6852234	1.07183	6840627	35933.5114988675	6846430	439885.049386562	6852234	1666712.07187707	6857194	27876	6862982	518836	6868785	2139945	6857194	0.83428	6862982	0.9944	6868785	1.0706	6857194	33413.2425564559	6862982	521757.843925986	6868785	1998827.7601345	6873762	23943	6879534	430950	6885337	2118613	6873762	0.83472	6879534	0.99351	6885337	1.07031	6873762	28683.870040253	6879534	433765.135730894	6885337	1979438.667302
59	6960638	29778	6966426	455606	6972229	1873037	6960638	0.8342	6966426	0.99345	6972229	1.07149	6960638	35696.4756653081	6966426	458609.894811012	6972229	1748067.64412174	6977205	27642	6982977	538175	6988781	2249901	6977205	0.83429	6982977	0.99404	6988781	1.0716	6977205	33132.3640460751	6982977	541401.754456561	6988781	2099571.66853303	6993757	24057	6999545	452657	7005332	2230894	6993757	0.8342	6999545	0.99474	7005332	1.07107	6993757	28838.4080556222	6999545	455050.565977039	7005332	2082864.79875265
60	7080649	29571	7086437	474121	7092240	1969500	7080649	0.8345	7086437	0.99434	7092240	1.07044	7080649	35435.5901737567	7086437	476819.800068387	7092240	1839897.61219685	7097216	27832	7102988	556519	7108792	2358701	7097216	0.83512	7102988	0.99441	7108792	1.0712	7097216	33326.9470255772	7102988	559647.42912883	7108792	2201924.01045556	7113768	24507	7119540	471494	7125343	2348777	7113768	0.83418	7119540	0.99458	7125343	1.0711	7113768	29378.5513917859	7119540	474063.423756762	7125343	2192864.34506582
61	7200660	29653	7206463	489782	7212267	2074729	7200660	0.83415	7206463	0.99371	7212267	1.07169	7200660	35548.7622130312	7206463	492882.229221805	7212267	1935941.36364061	7217243	27875	7223015	573382	7228834	2451534	7217243	0.83416	7223015	0.99505	7228834	1.07142	7217243	33416.8504843196	7223015	576234.360082408	7228834	2288116.70493364	7233810	24093	7239598	492538	7245401	2462900	7233810	0.83466	7239598	0.99651	7245401	1.07219	7233810	28865.6458917404	7239598	494262.977792496	7245401	2297074.21259292
62	7320671	29183	7326459	503875	7332262	2184100	7320671	0.83496	7326459	0.99506	7332262	1.07239	7320671	34951.3749161637	7326459	506376.499909553	7332262	2036665.76525331	7337238	28086	7343010	585663	7348798	2537827	7337238	0.83436	7343010	0.9945	7348798	1.07157	7337238	33661.7287501798	7343010	588901.960784314	7348798	2368325.91431264	7353774	24805	7359562	509604	7365365	2559470	7353774	0.83434	7359562	0.99561	7365365	1.07217	7353774	29730.0860560443	7359562	511851.026004158	7365365	2387186.73344712
63	7440682	29536	7446485	517769	7452289	2283065	7440682	0.83309	7446485	0.9944	7452289	1.07127	7440682	35453.5524373117	7446485	520684.835076428	7452289	2131176.08072661	7457249	28203	7463037	601537	7468840	2605456	7457249	0.83458	7463037	0.9947	7468840	1.07101	7457249	33793.0456037768	7463037	604742.133306525	7468840	2432709.31177113	7473817	24900	7479589	525325	7485376	2644863	7473817	0.83431	7479589	0.99434	7485376	1.07099	7473817	29845.0216346442	7479589	528315.264396484	7485376	2469549.66899784
64	7560693	29202	7566481	528594	7572284	2382815	7560693	0.83454	7566481	0.99477	7572284	1.07172	7560693	34991.7319721044	7566481	531373.081214753	7572284	2223355.9138581	7577260	28519	7583048	608915	7588836	2662629	7577260	0.83438	7583048	0.99415	7588836	1.07122	7577260	34179.8700831755	7583048	612498.113966705	7588836	2485604.26429678	7593812	24993	7599600	541192	7605403	2712688	7593812	0.8349	7599600	0.99561	7605403	1.07133	7593812	29935.3215954006	7599600	543578.308775525	7605403	2532075.08424108
65	7680704	29315	7686492	539601	7692295	2468039	7680704	0.83511	7686492	0.99483	7692295	1.07181	7680704	35103.1600627462	7686492	542405.235065288	7692295	2302683.31140781	7697271	28578	7703043	620449	7708847	2711133	7697271	0.83474	7703043	0.99527	7708847	1.07138	7697271	34235.8099527997	7703043	623397.670983753	7708847	2530505.51625007	7713823	25324	7719611	555408	7725398	2765012	7713823	0.83461	7719611	0.99518	7725398	1.07187	7713823	30342.3155725429	7719611	558098.032516731	7725398	2579615.06525978
66	7800715	29978	7806503	855561	7812306	2484086	7800715	0.83434	7806503	0.9934	7812306	1.0715	7800715	35930.196322842	7806503	861245.218441715	7812306	2318325.71161923	7817282	28799	7823070	893958	7828873	2663959	7817282	0.83397	7823070	0.99532	7828873	1.0717	7817282	34532.4172332338	7823070	898161.395330145	7828873	2485732.01455631	7833834	25437	7839622	884273	7845425	2781780	7833834	0.83472	7839622	0.99445	7845425	1.07067	7833834	30473.6917768833	7839622	889208.104982654	7845425	2598167.50259183
67	7920726	29843	7926514	872378	7932317	2573897	7920726	0.83352	7926514	0.99478	7932317	1.07206	7920726	35803.5799980804	7926514	876955.708799936	7932317	2400888.94278305	7937293	28404	7943081	911215	7948884	2736138	7937293	0.83478	7943081	0.99443	7948884	1.0714	7937293	34025.7313304104	7943081	916318.896252124	7948884	2553796.9012507	7953861	25375	7959648	902256	7965436	2808000	7953861	0.83446	7959648	0.99474	7965436	1.07085	7953861	30408.8871845265	7959648	907026.961819169	7965436	2622215.99663818
68	8040737	29987	8046525	881510	8052328	2639765	8040737	0.83455	8046525	0.9953	8052328	1.07114	8040737	35931.939368522	8046525	885672.661509093	8052328	2464444.42369812	8057304	28710	8063092	918871	8068895	2789990	8057304	0.83465	8063092	0.995	8068895	1.07196	8057304	34397.6517102977	8063092	923488.442211055	8068895	2602699.72760178	8073872	25888	8079659	913516	8085463	2824775	8073872	0.83453	8079659	0.99508	8085463	1.07192	8073872	31021.0537667909	8079659	918032.720987257	8085463	2635247.96626614
69	8160748	30359	8166536	885983	8172355	2688519	8160748	0.83476	8166536	0.99483	8172355	1.07155	8160748	36368.5370645455	8166536	890587.336529859	8172355	2509000.04666138	8177331	28706	8183134	925987	8188953	2834702	8177331	0.8354	8183134	0.99536	8188953	1.07193	8177331	34361.9822839358	8183134	930303.608744575	8188953	2644484.24803858	8193914	25917	8199702	918467	8205505	2831687	8193914	0.83481	8199702	0.99471	8205505	1.07213	8193914	31045.3875732203	8199702	923351.529591539	8205505	2641178.77496199
70	8280759	29916	8286547	888420	8292366	2720558	8280759	0.83438	8286547	0.99568	8292366	1.07161	8280759	35854.1671660395	8286547	892274.626385988	8292366	2538757.57038475	8297326	29034	8303098	929325	8308902	2856449	8297326	0.83458	8303098	0.99501	8308902	1.07231	8297326	34788.7560209926	8303098	933985.588084542	8308902	2663827.62447427	8313894	25941	8319666	923268	8325469	2836299	8313894	0.83448	8319666	0.99562	8325469	1.07237	8313894	31086.4250790912	8319666	927329.704103975	8325469	2644888.42470416
71	8400770	30337	8406558	891918	8412361	2741021	8400770	0.83598	8406558	0.99625	8412361	1.07313	8400770	36289.1456733415	8406558	895275.282308658	8412361	2554230.14918975	8417337	29154	8423125	930707	8428928	2863322	8417337	0.83489	8423125	0.99589	8428928	1.0717	8417337	34919.5702427865	8423125	934547.99224814	8428928	2671757.02155454	8433905	25885	8439692	925207	8445480	2837778	8433905	0.83557	8439692	0.99488	8445480	1.07244	8433905	30978.8527591943	8439692	929968.438404632	8445480	2646094.88642721
72	8520781	30211	8526569	895455	8532388	2751836	8520781	0.83457	8526569	0.99537	8532388	1.07165	8520781	36199.479971722	8526569	899620.24171916	8532388	2567849.57775393	8537348	29770	8543136	934049	8548924	2867118	8537348	0.83511	8543136	0.99529	8548924	1.07165	8537348	35647.9984672678	8543136	938469.189884355	8548924	2675423.87906499	8553916	26211	8559703	926843	8565491	2829667	8553916	0.83527	8559703	0.99548	8565491	1.07236	8553916	31380.2722472973	8559703	931051.352111544	8565491	2638728.59860495
73	8640792	30197	8646580	895306	8652383	2753049	8640792	0.83536	8646580	0.99502	8652383	1.07165	8640792	36148.4868799081	8646580	899786.938956001	8652383	2568981.47716139	8657360	29573	8663132	931911	8668935	2860693	8657360	0.83467	8663132	0.99554	8668935	1.07156	8657360	35430.7690464495	8663132	936085.94330715	8668935	2669652.65594087	8673911	26365	8679699	927091	8685502	2831712	8673911	0.83542	8679699	0.99443	8685502	1.07211	8673911	31558.9763232865	8679699	932283.820882315	8685502	2641251.36413241
74	8760803	30260	8766591	896271	8772394	2751732	8760803	0.83466	8766591	0.99524	8772394	1.07175	8760803	36254.2831811756	8766591	900557.654435111	8772394	2567512.94611617	8777371	29330	8783158	934432	8788961	2858938	8777371	0.83502	8783158	0.99507	8788961	1.07264	8777371	35124.9071878518	8783158	939061.573557639	8788961	2665328.53520286	8793953	26414	8799741	927130	8805529	2822897	8793953	0.83495	8799741	0.99511	8805529	1.07272	8793953	31635.4272710941	8799741	931685.944267468	8805529	2631531.99343724
75	8880814	30259	8886618	896482	8892421	2754763	8880814	0.83512	8886618	0.99478	8892421	1.07376	8880814	36233.1161988696	8886618	901186.191921832	8892421	2565529.541052	8897382	29690	8903169	936614	8908957	2864464	8897382	0.83511	8903169	0.99605	8908957	1.07337	8897382	35552.2027038354	8903169	940328.29677225	8908957	2668664.11395884	8913949	26376	8919721	931064	8925524	2817604	8913949	0.83474	8919721	0.99624	8925524	1.07232	8913949	31597.8628075808	8919721	934578.013330121	8925524	2627577.58877947
76	9000825	30373	9006613	897580	9012416	2749559	9000825	0.83555	9006613	0.99521	9012416	1.07404	9000825	36350.9065884747	9006613	901900.101486119	9012416	2560015.45566273	9017393	29965	9023180	938748	9028968	2857440	9017393	0.83547	9023180	0.99636	9028968	1.07303	9017393	35866.0394747867	9023180	942177.526195351	9028968	2662963.75683811	9033944	26997	9039732	931492	9045535	2818821	9033944	0.83484	9039732	0.99569	9045535	1.07259	9033944	32337.9330171051	9039732	935524.108909399	9045535	2628050.79294045
77	9120836	30265	9126624	900246	9132443	2751338	9120836	0.83551	9126624	0.9963	9132443	1.07314	9120836	36223.3845196347	9126624	903589.280337248	9132443	2563820.19121457	9137419	30022	9143191	940134	9149010	2853104	9137419	0.83537	9143191	0.99553	9149010	1.07273	9137419	35938.5661443432	9143191	944355.268048175	9149010	2659666.45847511	9153986	26881	9159774	932818	9165577	2815429	9153986	0.8351	9159774	0.99538	9165577	1.07276	9153986	32188.9594060592	9159774	937147.622013703	9165577	2624472.38897796
78	9240847	30628	9246635	899661	9252438	2745969	9240847	0.83488	9246635	0.99551	9252438	1.07326	9240847	36685.5116903028	9246635	903718.696949303	9252438	2558531.01764717	9257399	29960	9263202	938244	9268990	2849495	9257399	0.83514	9263202	0.99503	9268990	1.07261	9257399	35874.2246808918	9263202	942930.363908626	9268990	2656599.32314634	9273982	27120	9279769	932393	9285557	2808513	9273982	0.83533	9279769	0.99525	9285557	1.0725	9273982	32466.2109585433	9279769	936843.004270284	9285557	2618660.13986014
79	9360858	30676	9366646	896660	9372449	2743182	9360858	0.8348	9366646	0.99574	9372449	1.07302	9360858	36746.5261140393	9366646	900496.113443268	9372449	2556505.93651563	9377426	30633	9383213	937837	9389001	2842494	9377426	0.8354	9383213	0.99534	9389001	1.07262	9377426	36668.661718937	9383213	942227.781461611	9389001	2650047.54712759	9393977	27125	9399765	932716	9405568	2799722	9393977	0.83505	9399765	0.99577	9405568	1.07246	9393977	32483.0848452189	9399765	936678.148568445	9405568	2610560.76683513
80	9480869	30858	9486657	898190	9492476	2739816	9480869	0.83417	9486657	0.99502	9492476	1.07383	9480869	36992.4595705911	9486657	902685.373158329	9492476	2551442.96583258	9497437	30591	9503224	937520	9509012	2838408	9497437	0.83516	9503224	0.99549	9509012	1.07195	9497437	36628.9094305283	9503224	941767.3708425	9509012	2647892.15914921	9514004	27697	9519776	933337	9525579	2802177	9514004	0.83499	9519776	0.99566	9525579	1.07292	9514004	33170.4571312231	9519776	937405.339172006	9525579	2611729.67229616
81	9600880	30723	9606668	900462	9612471	2733942	9600880	0.83498	9606668	0.99585	9612471	1.07329	9600880	36794.8932908573	9606668	904214.490134056	9612471	2547253.77111498	9617448	30586	9623235	939129	9629038	2837124	9617448	0.83553	9623235	0.99558	9629038	1.07266	9617448	36606.7047263414	9623235	943298.378834448	9629038	2644942.47944363	9634015	27355	9639802	935316	9645590	2794621	9634015	0.83571	9639802	0.99572	9645590	1.07307	9634015	32732.6464922042	9639802	939336.35961917	9645590	2604323.11032831
82	9720891	31111	9726679	901318	9732482	2731686	9720891	0.83528	9726679	0.99575	9732482	1.07343	9720891	37246.192893401	9726679	905164.951041928	9732482	2544819.87647075	9737459	30705	9743246	941155	9749049	2834706	9737459	0.83505	9743246	0.9958	9749049	1.07259	9737459	36770.2532782468	9743246	945124.522996586	9749049	2642860.73895897	9754026	27997	9759813	934583	9765601	2794946	9754026	0.83517	9759813	0.99603	9765601	1.07291	9754026	33522.5163739119	9759813	938308.083089867	9765601	2605014.40008948
83	9840902	31153	9846690	901147	9852493	2729496	9840902	0.83489	9846690	0.99525	9852493	1.07327	9840902	37313.89763921	9846690	905447.877417734	9852493	2543158.7578149	9857470	30612	9863257	937658	9869060	2830190	9857470	0.83588	9863257	0.99619	9869060	1.07321	9857470	36622.4816959372	9863257	941244.140174063	9869060	2637126.00516208	9874037	27948	9879824	932689	9885612	2792144	9874037	0.83524	9879824	0.99513	9885612	1.07297	9874037	33461.0411378765	9879824	937253.424175736	9885612	2602257.28585142
84	9960913	31043	9966701	900629	9972504	2726142	9960913	0.83572	9966701	0.99697	9972504	1.07334	9960913	37145.2161010865	9966701	903366.199584742	9972504	2539868.07535357	9977481	30978	9983268	937559	9989056	2826794	9977481	0.8359	9983268	0.99588	9989056	1.0739	9977481	37059.4568728317	9983268	941437.723420492	9989056	2632269.29881739	9994032	28157	9999820	932338	10005623	2784683	9994032	0.83561	9999820	0.99584	10005623	1.07277	9994032	33696.3415947631	9999820	936232.7281491	10005623	2595787.54066575
85	10080924	31210	10086712	901038	10092531	2721351	10080924	0.83563	10086712	0.99672	10092531	1.0742	10080924	37349.0659741752	10086712	904003.130267277	10092531	2533374.60435673	10097507	31024	10103310	941327	10109114	2823988	10097507	0.83576	10103310	0.99702	10109114	1.07455	10097507	37120.7045084713	10103310	944140.538805641	10109114	2628065.70192174	10114090	28025	10119878	932474	10125665	2787069	10114090	0.83649	10119878	0.99645	10125665	1.07468	10114090	33503.0902939665	10119878	935796.076070049	10125665	2593394.31272565
86	10200935	31524	10206739	901397	10212542	2722977	10200935	0.83676	10206739	0.99672	10212542	1.07473	10200935	37673.8849849419	10206739	904363.311662252	10212542	2533638.21611009	10217518	31454	10223290	940562	10229093	2826461	10217518	0.83598	10223290	0.99771	10229093	1.07446	10217518	37625.3020407187	10223290	942720.830702309	10229093	2630587.45788582	10234070	28232	10239857	934002	10245645	2783912	10234070	0.83611	10239857	0.99675	10245645	1.0743	10234070	33765.8920476971	10239857	937047.404063205	10245645	2591372.98706134
87	10320946	31213	10326734	903136	10332553	2717991	10320946	0.83509	10326734	0.99643	10332553	1.07388	10320946	37376.8096851836	10326734	906371.74713728	10332553	2531000.67046597	10337514	31518	10343317	938097	10349104	2819998	10337514	0.8365	10343317	0.99583	10349104	1.07336	10337514	37678.4219964136	10343317	942025.245272787	10349104	2627262.0556011	10354081	28469	10359853	933100	10365656	2785300	10354081	0.83628	10359853	0.99656	10365656	1.07412	10354081	34042.4259817286	10359853	936320.944047524	10365656	2593099.46747105
88	10440957	31418	10446745	902436	10452548	2712221	10440957	0.83569	10446745	0.99637	10452548	1.07334	10440957	37595.2805466142	10446745	905723.777311641	10452548	2526898.28013491	10457525	31915	10463312	937727	10469100	2813891	10457525	0.83562	10463312	0.99588	10469100	1.07349	10457525	38193.1978650583	10463312	941606.418443989	10469100	2621254.97210035	10474076	28630	10479864	936210	10485667	2779497	10474076	0.83544	10479864	0.99709	10485667	1.07392	10474076	34269.3670401226	10479864	938942.322157478	10485667	2588178.82151371
89	10560968	31533	10566772	902904	10572575	2711986	10560968	0.83564	10566772	0.99689	10572575	1.07392	10560968	37735.1491072711	10566772	905720.791662069	10572575	2525314.73480334	10577551	32027	10583323	939330	10589126	2805172	10577551	0.83623	10583323	0.99691	10589126	1.07239	10577551	38299.2717314614	10583323	942241.526316318	10589126	2615813.27688621	10594103	28740	10599875	931978	10605678	2768079	10594103	0.83507	10599875	0.99595	10605678	1.072	10594103	34416.2764798161	10599875	935767.859832321	10605678	2582163.24626866
90	10680979	32002	10686767	899684	10692586	2707906	10680979	0.83583	10686767	0.99578	10692586	1.0732	10680979	38287.6900805188	10686767	903496.756311635	10692586	2523207.23071189	10697547	32152	10703334	936758	10709122	2809539	10697547	0.83582	10703334	0.99556	10709122	1.07336	10697547	38467.6126438707	10703334	940935.754751095	10709122	2617517.88775434	10714098	28832	10719886	931108	10725689	2774327	10714098	0.836	10719886	0.99518	10725689	1.07389	10714098	34488.038277512	10719886	935617.677204124	10725689	2583436.85107413
91	10800990	31522	10806778	900165	10812581	2705937	10800990	0.83597	10806778	0.99575	10812581	1.07351	10800990	37707.094752204	10806778	904007.029876977	10812581	2520644.42809103	10817558	31641	10823345	938013	10829149	2808333	10817558	0.83503	10823345	0.99654	10829149	1.07434	10817558	37892.0517825707	10823345	941269.79348546	10829149	2614007.6698252	10834125	28797	10839897	932194	10845700	2773050	10834125	0.83623	10839897	0.99644	10845700	1.07331	10834125	34436.6980376212	10839897	935524.467102886	10845700	2583643.12267658
92	10921001	32084	10926789	904257	10932608	2705845	10921001	0.83647	10926789	0.99652	10932608	1.07329	10921001	38356.426410989	10926789	907414.803516236	10932608	2521075.38503107	10937584	32461	10943372	937753	10949175	2810976	10937584	0.83607	10943372	0.997	10949175	1.07356	10937584	38825.6964129798	10943372	940574.724172518	10949175	2618368.79168374	10954152	29325	10959939	934992	10965727	2773822	10954152	0.83577	10959939	0.99677	10965727	1.07479	10954152	35087.4044294483	10959939	938021.810447746	10965727	2580803.691884
93	11041012	32146	11046800	901977	11052619	2702292	11041012	0.83635	11046800	0.9969	11052619	1.07419	11041012	38436.0614575238	11046800	904781.823653325	11052619	2515655.51718039	11057595	32216	11063367	938556	11069186	2805260	11057595	0.83602	11063367	0.99691	11069186	1.07416	11057595	38534.9632783905	11063367	941465.127243181	11069186	2611584.86631414	11074163	29293	11079950	934241	11085753	2776751	11074163	0.8364	11079950	0.99665	11085753	1.07434	11074163	35022.7164036346	11079950	937381.227110821	11085753	2584611.01699648
94	11161024	32467	11166796	901648	11172614	2698633	11161024	0.83662	11166796	0.99689	11172614	1.07393	11161024	38807.3438359112	11166796	904460.873316013	11172614	2512857.44880951	11177591	32320	11183378	935618	11189182	2799603	11177591	0.83624	11183378	0.99636	11189182	1.07474	11177591	38649.1916196307	11183378	939036.091372596	11189182	2604911.88566537	11194158	29256	11199930	934107	11205733	2768265	11194158	0.83663	11199930	0.99667	11205733	1.07455	11194158	34968.8631772707	11199930	937227.969137227	11205733	2576208.6454795
95	11281035	32450	11286807	899643	11292610	2699561	11281035	0.83608	11286807	0.99667	11292610	1.07423	11281035	38812.0753994833	11286807	902648.820572507	11292610	2513019.55819517	11297586	32341	11303374	937067	11309177	2798575	11297586	0.83604	11303374	0.99671	11309177	1.07398	11297586	38683.5558107268	11303374	940160.126817229	11309177	2605798.05955418	11314153	29352	11319941	932216	11325744	2771266	11314153	0.8366	11319941	0.99647	11325744	1.07501	11314153	35084.8673201052	11319941	935518.37988098	11325744	2577897.88001972
96	11401046	32245	11406833	899669	11412636	2697703	11401046	0.83573	11406833	0.99649	11412636	1.0748	11401046	38583.0351907913	11406833	902837.961243966	11412636	2509958.13174544	11417613	32664	11423400	938675	11429204	2797425	11417613	0.83606	11423400	0.99724	11429204	1.07435	11417613	39068.9663421286	11423400	941272.913240544	11429204	2603830.22292549	11434180	29768	11439968	932932	11445755	2770184	11434180	0.83713	11439968	0.99717	11445755	1.07518	11434180	35559.5905056562	11439968	935579.690524184	11445755	2576483.93757324
97	11521057	32196	11526844	902217	11532632	2698692	11521057	0.83613	11526844	0.99652	11532632	1.07417	11521057	38505.973951419	11526844	905367.679524746	11532632	2512350.93141682	11537608	32456	11543396	936588	11549183	2795918	11537608	0.83623	11543396	0.99654	11549183	1.07462	11537608	38812.2884852254	11543396	939839.845866699	11549183	2601773.65022054	11554160	29341	11559947	934643	11565751	2769297	11554160	0.83645	11559947	0.99722	11565751	1.07503	11554160	35078.0082491482	11559947	937248.550971701	11565751	2576018.34367413
98	11641068	32910	11646855	901249	11652643	2695254	11641068	0.83638	11646855	0.99689	11652643	1.074	11641068	39348.1431885028	11646855	904060.628554806	11652643	2509547.48603352	11657619	32873	11663407	936056	11669210	2791210	11657619	0.83623	11663407	0.99655	11669210	1.07393	11657619	39310.9551200029	11663407	939296.573177462	11669210	2599061.39133836	11674186	29743	11679974	933030	11685777	2767022	11674186	0.83626	11679974	0.99707	11685777	1.07374	11674186	35566.6897854734	11679974	935771.811407424	11685777	2576994.43068154
99	11761079	32842	11766866	900711	11772685	2693835	11761079	0.83655	11766866	0.99638	11772685	1.07464	11761079	39258.8607973223	11766866	903983.419980329	11772685	2506732.48715849	11777646	33040	11783433	938700	11789237	2789018	11777646	0.83644	11783433	0.9978	11789237	1.07379	11777646	39500.7412366697	11783433	940769.693325316	11789237	2597358.88767822	11794213	29782	11800001	932436	11805788	2764085	11794213	0.83692	11800001	0.99758	11805788	1.07484	11794213	35585.24112221	11800001	934697.969085186	11805788	2571624.61389602
100	11881090	32727	11886877	900528	11892696	2692913	11881090	0.8367	11886877	0.99695	11892696	1.07478	11881090	39114.3779132306	11886877	903283.01319023	11892696	2505548.11217179	11897672	32816	11903460	936188	11909248	2789903	11897672	0.83622	11903460	0.99669	11909248	1.07489	11897672	39243.2613427089	11903460	939297.073312665	11909248	2595524.19317326	11914224	29862	11920012	932539	11925815	2761520	11914224	0.83628	11920012	0.9965	11925815	1.07482	11914224	35708.1360309944	11920012	935814.35022579	11925815	2569286.01998474
101	12001101	33178	12006888	898998	12012691	2686020	12001101	0.83638	12006888	0.99649	12012691	1.07422	12001101	39668.571701858	12006888	902164.597738061	12012691	2500437.52676361	12017652	32902	12023440	937915	12029227	2788206	12017652	0.83613	12023440	0.99757	12029227	1.0747	12017652	39350.3402580938	12023440	940199.685235121	12029227	2594404.01972644	12034219	30019	12040007	930562	12045810	2761399	12034219	0.83624	12040007	0.99618	12045810	1.07403	12034219	35897.5892088396	12040007	934130.378044129	12045810	2571063.19190339
102	12121112	33114	12126899	902191	12132702	2688646	12121112	0.83603	12126899	0.99751	12132702	1.07403	12121112	39608.6264846955	12126899	904443.063227436	12132702	2503324.86057187	12137694	33170	12143466	937251	12149270	2787026	12137694	0.83613	12143466	0.99569	12149270	1.07322	12137694	39670.8645784746	12143466	941308.037642238	12149270	2596882.27949535	12154246	30073	12160018	931104	12165821	2756744	12154246	0.83554	12160018	0.99624	12165821	1.0734	12154246	35992.2924096991	12160018	934618.16429776	12165821	2568235.51332215
103	12241123	32888	12246926	900481	12252729	2688799	12241123	0.83617	12246926	0.99634	12252729	1.07388	12241123	39331.7148426755	12246926	903788.86725415	12252729	2503817.00003725	12257705	33075	12263493	935594	12269281	2782305	12257705	0.8357	12263493	0.99611	12269281	1.07329	12257705	39577.5996170875	12263493	939247.673449719	12269281	2592314.28598049	12274257	30168	12280029	931292	12285832	2759301	12274257	0.83629	12280029	0.99548	12285832	1.07343	12274257	36073.6108287795	12280029	935520.552899104	12285832	2570545.82040748
104	12361134	33185	12366921	900828	12372724	2684822	12361134	0.83644	12366921	0.99713	12372724	1.07385	12361134	39674.0949739372	12366921	903420.817746934	12372724	2500183.452065	12377701	33259	12383488	935769	12389292	2781978	12377701	0.83635	12383488	0.99573	12389292	1.07403	12377701	39766.8440246308	12383488	939781.868578832	12389292	2590223.73676713	12394268	30707	12400040	931750	12405843	2752226	12394268	0.83639	12400040	0.99691	12405843	1.07388	12394268	36713.7340236014	12400040	934638.031517389	12405843	2562880.39631989
105	12481145	33270	12486932	899489	12492735	2680164	12481145	0.83658	12486932	0.99738	12492735	1.07385	12481145	39769.0597432403	12486932	901851.851851852	12492735	2495845.78851795	12497712	33523	12503515	936646	12509303	2782511	12497712	0.83533	12503515	0.99652	12509303	1.0737	12497712	40131.4450576419	12503515	939916.910849757	12509303	2591516.25221198	12514295	30633	12520082	928778	12525886	2755829	12514295	0.83553	12520082	0.99642	12525886	1.07455	12514295	36662.9564468062	12520082	932114.971598322	12525886	2564635.42878414
106	12601156	33267	12606943	901874	12612746	2679124	12601156	0.83631	12606943	0.99739	12612746	1.07477	12601156	39778.3118700004	12606943	904234.050872778	12612746	2492741.70287596	12617738	33451	12623510	934531	12629314	2781376	12617738	0.83626	12623510	0.99658	12629314	1.0754	12617738	40000.7174802095	12623510	937738.064179494	12629314	2586364.14357448	12634290	30414	12640078	929468	12645865	2759701	12634290	0.83678	12640078	0.99694	12645865	1.07466	12634290	36346.4709959607	12640078	932320.901959998	12645865	2567975.91796475
107	12721167	33794	12726954	902159	12732773	2685748	12721167	0.83647	12726954	0.99721	12732773	1.07456	12721167	40400.7316460841	12726954	904683.065753452	12732773	2499393.24002382	12737734	33954	12743521	937084	12749325	2778837	12737734	0.83664	12743521	0.99771	12749325	1.07385	12737734	40583.7636259323	12743521	939234.847801466	12749325	2587732.92359268	12754301	30617	12760089	931863	12765892	2758523	12754301	0.83718	12760089	0.99743	12765892	1.07561	12754301	36571.5855610502	12760089	934264.058630681	12765892	2564612.63840983
108	12841178	33449	12846965	900114	12852784	2682608	12841178	0.83699	12846965	0.99703	12852784	1.07525	12841178	39963.440423422	12846965	902795.30204708	12852784	2494869.10020925	12857760	33790	12863532	937105	12869336	2776655	12857760	0.83686	12863532	0.99757	12869336	1.07518	12857760	40377.1240111847	12863532	939387.712140501	12869336	2582502.46470358	12874312	30877	12880084	932791	12885887	2757467	12874312	0.83657	12880084	0.99621	12885887	1.0745	12874312	36909.0452681784	12880084	936339.727567481	12885887	2566279.19962773
109	12961189	33731	12966976	904092	12972779	2683503	12961189	0.83643	12966976	0.998	12972779	1.07488	12961189	40327.3435912151	12966976	905903.80761523	12972779	2496560.54629354	12977756	34030	12983544	936666	12989331	2780314	12977756	0.83678	12983544	0.99729	12989331	1.07584	12977756	40667.7979875236	12983544	939211.262521433	12989331	2584319.22962522	12994308	30513	13000095	930203	13005898	2754432	12994308	0.83714	13000095	0.99762	13005898	1.07485	12994308	36449.1005088755	13000095	932422.16475211	13005898	2562619.90045123
110	13081200	33410	13086987	902012	13092806	2675352	13081200	0.83692	13086987	0.99816	13092806	1.07528	13081200	39920.1835300865	13086987	903674.761561273	13092806	2488051.48426456	13097783	34247	13103555	937601	13109373	2777800	13097783	0.83717	13103555	0.99751	13109373	1.07573	13097783	40908.0592950058	13103555	939941.45422101	13109373	2582246.47448709	13114350	31369	13120137	931422	13125941	2754133	13114350	0.8383	13120137	0.99797	13125941	1.07598	13114350	37419.7781223906	13120137	933316.632764512	13125941	2559650.73700255
111	13201211	33905	13207014	900365	13212817	2677411	13201211	0.83706	13207014	0.99797	13212817	1.07531	13201211	40504.8622559912	13207014	902196.458811387	13212817	2489896.86695	13217794	34706	13223597	937477	13229400	2776630	13217794	0.83695	13223597	0.99788	13229400	1.07598	13217794	41467.2322121991	13223597	939468.673588007	13229400	2580559.11819922	13234376	31230	13240164	933861	13245952	2757378	13234376	0.83753	13240164	0.99801	13245952	1.07599	13234376	37288.216541497	13240164	935723.088947005	13245952	2562642.77549048
112	13321222	34115	13327009	901649	13332828	2684455	13321222	0.83767	13327009	0.99852	13332828	1.07647	13321222	40726.0615755608	13327009	902985.418419261	13332828	2493757.37363791	13337805	34413	13343577	938795	13349380	2775202	13337805	0.83766	13343577	0.99769	13349380	1.07614	13337805	41082.3006947926	13343577	940968.637552747	13349380	2578848.47696396	13354372	31541	13360159	933563	13365947	2750452	13354372	0.83751	13360159	0.99786	13365947	1.07628	13354372	37660.4458454227	13360159	935565.109333975	13365947	2555517.15167057
113	13441233	34207	13447036	903608	13452839	2675786	13441233	0.83717	13447036	0.99777	13452839	1.07582	13441233	40860.2792742215	13447036	905627.549435241	13452839	2487206.03818483	13457816	34587	13463588	939420	13469391	2772295	13457816	0.83813	13463588	0.99821	13469391	1.07521	13457816	41266.8679083197	13463588	941104.577193176	13469391	2578375.38713368	13474367	31375	13480139	930620	13485942	2753884	13474367	0.83806	13480139	0.99769	13485942	1.07618	13474367	37437.6536286185	13480139	932774.709579128	13485942	2558943.67113308
114	13561244	34802	13567031	902855	13572835	2677657	13561244	0.8376	13567031	0.9983	13572835	1.07648	13561244	41549.6657115568	13567031	904392.46719423	13572835	2487419.18103448	13577811	34374	13583599	937280	13589402	2771914	13577811	0.83761	13583599	0.99802	13589402	1.07608	13577811	41038.1919986629	13583599	939139.496202481	13589402	2575936.73332838	13594378	31525	13600166	929346	13605969	2748650	13594378	0.837	13600166	0.99735	13605969	1.07664	13594378	37664.2771804062	13600166	931815.310573019	13605969	2552988.92851835
115	13681255	34410	13687058	901567	13692861	2673104	13681255	0.83683	13687058	0.99771	13692861	1.07602	13681255	41119.4627343666	13687058	903636.327189264	13692861	2484251.22209624	13697838	34522	13703610	938984	13709413	2769797	13697838	0.8379	13703610	0.99742	13709413	1.07566	13697838	41200.6205991168	13703610	941412.845140462	13709413	2574974.4343008	13714405	31338	13720177	930430	13725980	2748211	13714405	0.83741	13720177	0.99792	13725980	1.07605	13714405	37422.5289881898	13720177	932369.328202661	13725980	2553980.7629757
116	13801266	34420	13807069	900266	13812872	2670232	13801266	0.83671	13807069	0.99738	13812872	1.07557	13801266	41137.3116133427	13807069	902630.892939502	13812872	2482620.37803211	13817849	34824	13823636	937926	13829424	2765216	13817849	0.83718	13823636	0.99891	13829424	1.07564	13817849	41596.7892209561	13823636	938949.454905847	13829424	2570763.45245621	13834400	31275	13840188	934333	13845991	2749962	13834400	0.8372	13840188	0.99801	13845991	1.07625	13834400	37356.6650740564	13840188	936196.030099899	13845991	2555133.1010453
117	13921277	34923	13927064	903413	13932868	2675840	13921277	0.83747	13927064	0.99795	13932868	1.07623	13921277	41700.5982303844	13927064	905268.801042137	13932868	2486308.6886632	13937844	34927	13943632	938974	13949435	2764888	13937844	0.83695	13943632	0.99786	13949435	1.07517	13937844	41731.2862178147	13943632	940987.713707334	13949435	2571582.16840128	13954411	31614	13960183	932352	13965986	2748478	13954411	0.83708	13960183	0.99809	13965986	1.07609	13954411	37766.9995699336	13960183	934136.200142272	13965986	2554133.94790399
118	14041288	34543	14047075	902518	14052879	2669763	14041288	0.83736	14047075	0.9988	14052879	1.07589	14041288	41252.269036018	14047075	903602.322787345	14052879	2481446.05861194	14057855	34981	14063643	937091	14069430	2765144	14057855	0.83716	14063643	0.99817	14069430	1.076	14057855	41785.3218022839	14063643	938809.020507529	14069430	2569836.43122677	14074407	31477	14080194	932918	14086013	2750574	14074407	0.83729	14080194	0.99776	14086013	1.07514	14074407	37593.9041431284	14080194	935012.427838358	14086013	2558340.30916904
119	14161299	35034	14167071	902100	14172890	2666971	14161299	0.83732	14167071	0.9972	14172890	1.07575	14161299	41840.6344050065	14167071	904632.972322503	14172890	2479173.59981408	14177866	34733	14183638	935752	14189441	2763969	14177866	0.8367	14183638	0.99721	14189441	1.07653	14177866	41511.8919564958	14183638	938370.052446325	14189441	2567479.77297428	14194418	31831	14200205	930333	14206008	2741444	14194418	0.83737	14200205	0.99785	14206008	1.07555	14194418	38013.0647145229	14200205	932337.525680212	14206008	2548876.38882432
120	14281310	34729	14287097	903977	14292901	2664178	14281310	0.83767	14287097	0.99933	14292901	1.07544	14281310	41459.0471187938	14287097	904583.070657341	14292901	2477291.15524808	14297893	34974	14303665	936526	14309468	2763325	14297893	0.83813	14303665	0.99796	14309468	1.07582	14297893	41728.6101201484	14303665	938440.418453645	14309468	2568575.59814839	14314460	31995	14320232	930973	14326035	2746434	14314460	0.83675	14320232	0.9987	14326035	1.07607	14314460	38237.2273677921	14320232	932184.84029238	14326035	2552281.91474532
121	14401321	35119	14407108	903812	14412912	2665203	14401321	0.83689	14407108	0.99811	14412912	1.07624	14401321	41963.6989329542	14407108	905523.439300278	14412912	2476402.10362001	14417888	35106	14423676	939526	14429479	2763367	14417888	0.83719	14423676	0.99869	14429479	1.07554	14417888	41933.1334583547	14423676	940758.393495479	14429479	2569283.33674247	14434455	31864	14440258	931843	14446046	2744822	14434455	0.83647	14440258	0.99774	14446046	1.07518	14434455	38093.4163807429	14440258	933953.735442099	14446046	2552895.32915419
122	14521332	35314	14527119	902800	14532923	2665570	14521332	0.83779	14527119	0.99843	14532923	1.07609	14521332	42151.3744494444	14527119	904219.624810953	14532923	2477088.34762892	14537899	35256	14543687	937540	14549490	2763563	14537899	0.83716	14543687	0.9983	14549490	1.0764	14537899	42113.8133690095	14543687	939136.532104578	14549490	2567412.67186919	14554466	31785	14560254	930046	14566041	2743068	14554466	0.83671	14560254	0.99791	14566041	1.07585	14554466	37988.0723309151	14560254	931993.867182411	14566041	2549675.14058651
123	14641343	35312	14647115	903955	14652918	2663523	14641343	0.83684	14647115	0.99856	14652918	1.07596	14641343	42196.83571531	14647115	905258.572344176	14652918	2475485.14814677	14657894	35511	14663682	939779	14669485	2755036	14657894	0.83766	14663682	0.99948	14669485	1.07487	14657894	42393.0950504978	14663682	940267.939328451	14669485	2563134.14645492	14674462	31838	14680249	933828	14686052	2747578	14674462	0.83733	14680249	0.99875	14686052	1.07602	14674462	38023.2405383779	14680249	934996.745932415	14686052	2553463.69026598
124	14761354	35239	14767141	903349	14772960	2663525	14761354	0.83802	14767141	0.99917	14772960	1.07664	14761354	42050.3090618362	14767141	904099.402504078	14772960	2473923.50274929	14777921	35577	14783709	938632	14789512	2759780	14777921	0.83839	14783709	0.99849	14789512	1.077	14777921	42434.9049964814	14783709	940051.477731374	14789512	2562469.82358403	14794488	31741	14800276	931284	14806079	2734929	14794488	0.83815	14800276	0.99863	14806079	1.07603	14794488	37870.3096104516	14800276	932561.609404885	14806079	2541684.71139281
125	14881365	35425	14887137	901432	14892956	2657776	14881365	0.83747	14887137	0.99742	14892956	1.0763	14881365	42300.0226873799	14887137	903763.710372762	14892956	2469363.56034563	14897932	35328	14903720	939823	14909523	2757174	14897932	0.83817	14903720	0.99887	14909523	1.07643	14897932	42148.9673932496	14903720	940886.201407591	14909523	2561405.75792202	14914499	32120	14920287	929453	14926090	2740033	14914499	0.83684	14920287	0.99802	14926090	1.07637	14914499	38382.4864968214	14920287	931296.967996633	14926090	2545623.71675167
126	15001376	35466	15007163	902849	15012982	2662167	15001376	0.83775	15007163	0.99876	15012982	1.07461	15001376	42334.8254252462	15007163	903969.922704153	15012982	2477333.17203451	15017959	35924	15023746	939520	15029534	2752643	15017959	0.83751	15023746	0.99789	15029534	1.075	15017959	42893.8161932395	15023746	941506.57888144	15029534	2560598.13953488	15034510	32224	15040298	933114	15046101	2743106	15034510	0.83725	15040298	0.99904	15046101	1.07591	15034510	38487.9068378621	15040298	934010.650224215	15046101	2549568.27243914
127	15121387	35518	15127174	901949	15132962	2659432	15121387	0.83675	15127174	0.99808	15132962	1.07617	15121387	42447.5649835674	15127174	903684.073420968	15132962	2471200.64673797	15137938	35559	15143726	939525	15149514	2751312	15137938	0.83705	15143726	0.99816	15149514	1.07595	15137938	42481.3332536886	15143726	941256.912719404	15149514	2557100.23699986	15154490	32130	15160278	932611	15166081	2742879	15154490	0.83775	15160278	0.9977	15166081	1.07629	15154490	38352.7305282005	15160278	934760.950185426	15166081	2548457.20019697
128	15241398	35674	15247185	903244	15253004	2659255	15241398	0.83697	15247185	0.99899	15253004	1.07674	15241398	42622.7941264323	15247185	904157.198770759	15253004	2469728.06805728	15257981	35789	15263753	939598	15269556	2750214	15257981	0.83774	15263753	0.99853	15269556	1.07576	15257981	42720.8919235085	15263753	940981.242426367	15269556	2556531.19654942	15274548	32229	15280320	933388	15286123	2742173	15274548	0.83717	15280320	0.999	15286123	1.07607	15274548	38497.5572464374	15280320	934322.322322322	15286123	2548322.13517708
129	15361409	35850	15367196	900471	15373000	2655912	15361409	0.83752	15367196	0.99782	15373000	1.07718	15361409	42804.9479415417	15367196	902438.315527851	15373000	2465615.77452236	15377992	36071	15383764	938545	15389567	2747438	15377992	0.83744	15383764	0.9979	15389567	1.07593	15377992	43072.93656859	15383764	940520.092193607	15389567	2553547.16384895	15394543	32805	15400331	930870	15406119	2731049	15394543	0.83742	15400331	0.99815	15406119	1.07553	15394543	39173.8912373719	15400331	932595.301307419	15406119	2539258.78404136
130	15481420	35545	15487208	900808	15493011	2651083	15481420	0.83748	15487208	0.9977	15493011	1.07568	15481420	42442.8046042891	15487208	902884.634659717	15493011	2464564.74044325	15497987	35901	15503775	938338	15509578	2745433	15497987	0.83703	15503775	0.99842	15509578	1.07615	15497987	42890.9358087524	15503775	939822.920213938	15509578	2551162.01273057	15514554	32734	15520342	932077	15526130	2732037	15514554	0.83698	15520342	0.99798	15526130	1.07521	15514554	39109.6561447107	15520342	933963.6064851	15526130	2540933.39905693
131	15601431	36195	15607219	901686	15613006	2653301	15601431	0.83727	15607219	0.99804	15613006	1.07718	15601431	43229.7825074349	15607219	903456.775279548	15613006	2463191.85280083	15617983	36162	15623770	939426	15629558	2746227	15617983	0.83817	15623770	0.99757	15629558	1.07531	15617983	43143.9922688715	15623770	941714.365909159	15629558	2553893.29588677	15634550	32599	15640337	932191	15646141	2733637	15634550	0.83671	15640337	0.99712	15646141	1.07529	15634550	38960.9303103823	15640337	934883.464377407	15646141	2542232.32802314
132	15721442	36062	15727230	903991	15733033	2650635	15721442	0.83678	15727230	0.99768	15733033	1.07563	15721442	43096.1543057913	15727230	906093.136075696	15733033	2464262.8041241	15738009	36284	15743797	941805	15749584	2747379	15738009	0.83736	15743797	0.99831	15749584	1.07637	15738009	43331.4225661603	15743797	943399.344892869	15749584	2552448.50748349	15754576	32771	15760348	935158	15766152	2733263	15754576	0.83787	15760348	0.99827	15766152	1.0761	15754576	39112.2727869479	15760348	936778.627024753	15766152	2539971.19226838
133	15841453	36042	15847241	904304	15853044	2651429	15841453	0.83731	15847241	0.99805	15853044	1.07639	15841453	43044.9893110079	15847241	906070.838134362	15853044	2463260.5282472	15858020	35789	15863808	938890	15869595	2747332	15858020	0.83723	15863808	0.99741	15869595	1.07662	15858020	42746.9154234798	15863808	941328.039622623	15869595	2551812.15284873	15874572	32634	15880359	933905	15886163	2739399	15874572	0.83724	15880359	0.99739	15886163	1.07639	15874572	38978.0708040705	15880359	936348.870552141	15886163	2544987.4116259
134	15961464	36545	15967267	902441	15973070	2649817	15961464	0.83722	15967267	0.99797	15973070	1.07572	15961464	43650.4144669263	15967267	904276.681663778	15973070	2463296.2109099	15978047	36254	15983834	938022	15989622	2740647	15978047	0.83803	15983834	0.99871	15989622	1.07636	15978047	43260.9811104614	15983834	939233.611358653	15989622	2546217.80816827	15994598	32607	16000386	931776	16006189	2732301	15994598	0.83729	16000386	0.99693	16006189	1.07557	15994598	38943.4962796642	16000386	934645.361259065	16006189	2540328.38401964
135	16081475	36227	16087263	902624	16093066	2648505	16081475	0.83724	16087263	0.99803	16093066	1.07588	16081475	43269.5523386365	16087263	904405.679188	16093066	2461710.4138008	16098042	36507	16103814	939556	16109617	2740507	16098042	0.83719	16103814	0.99646	16109617	1.07453	16098042	43606.5887074619	16103814	942893.844208498	16109617	2550423.906266	16114609	33188	16120397	932318	16126200	2727327	16114609	0.83688	16120397	0.9975	16126200	1.07572	16114609	39656.8205716471	16120397	934654.636591479	16126200	2535350.27702376
136	16201486	36384	16207274	900856	16213092	2642159	16201486	0.83671	16207274	0.99721	16213092	1.07575	16201486	43484.6003991825	16207274	903376.420212392	16213092	2456108.7613293	16218069	36396	16223841	940475	16229644	2741575	16218069	0.83735	16223841	0.99754	16229644	1.07664	16218069	43465.6953484206	16223841	942794.273913828	16229644	2546417.55832962	16234636	33039	16240408	931990	16246211	2732997	16234636	0.83667	16240408	0.99786	16246211	1.0761	16234636	39488.6872960666	16240408	933988.735894815	16246211	2539724.00334541
137	16321497	36484	16327285	903293	16333088	2649143	16321497	0.83722	16327285	0.99807	16333088	1.07717	16321497	43577.5542868063	16327285	905039.726672478	16333088	2459354.60512268	16338064	36507	16343852	939797	16349671	2741422	16338064	0.83707	16343852	0.99798	16349671	1.07678	16338064	43612.8400253264	16343852	941699.232449548	16349671	2545944.38975464	16354647	33100	16360419	932924	16366222	2730032	16354647	0.83716	16360419	0.99758	16366222	1.07545	16354647	39538.4394858808	16360419	935187.152910042	16366222	2538502.02240922
138	16441508	36617	16447296	904348	16453099	2641921	16441508	0.83721	16447296	0.9977	16453099	1.07544	16441508	43736.9357747757	16447296	906432.795429488	16453099	2456595.44000595	16458060	36432	16463863	936874	16469666	2732708	16458060	0.83708	16463863	0.99737	16469666	1.07605	16458060	43522.7218425957	16463863	939344.475971806	16469666	2539573.43989592	16474642	33388	16480414	932931	16486218	2726850	16474642	0.8374	16480414	0.99777	16486218	1.07556	16474642	39871.029376642	16480414	935016.085871493	16486218	2535283.94510767
139	16561519	36805	16567307	902252	16573110	2641304	16561519	0.83785	16567307	0.99764	16573110	1.07588	16561519	43927.9107238766	16567307	904386.351790225	16573110	2455017.2881734	16578086	36591	16583874	940042	16589677	2731574	16578086	0.83711	16583874	0.99793	16589677	1.07548	16578086	43711.1012889584	16583874	941991.923281192	16589677	2539864.99051586	16594669	33253	16600441	931443	16606244	2728169	16594669	0.83737	16600441	0.99813	16606244	1.07628	16594669	39711.2387594492	16600441	933188.061675333	16606244	2534813.43144907
140	16681530	36357	16687318	903555	16693121	2639655	16681530	0.83675	16687318	0.99803	16693121	1.07591	16681530	43450.2539587691	16687318	905338.51687825	16693121	2453416.1779331	16698097	36432	16703885	937280	16709688	2729667	16698097	0.83762	16703885	0.99832	16709688	1.07492	16698097	43494.663451207	16703885	938857.280230788	16709688	2539414.09593272	16714680	33342	16720468	933951	16726271	2723718	16714680	0.83717	16720468	0.99765	16726271	1.07511	16714680	39827.0363247608	16720468	936150.954743648	16726271	2533431.92789575
141	16801541	36840	16807329	900867	16813132	2638442	16801541	0.83755	16807329	0.99765	16813132	1.07577	16801541	43985.4337054504	16807329	902989.024206886	16813132	2452607.89945806	16818108	36890	16823880	941400	16829699	2726533	16818108	0.83745	16823880	0.99813	16829699	1.07611	16818108	44050.3910681235	16823880	943163.716149199	16829699	2533693.58151118	16834675	33285	16840463	931654	16846251	2726277	16834675	0.83701	16840463	0.99766	16846251	1.07594	16834675	39766.5499814817	16840463	933839.183689834	16846251	2533855.97709909
142	16921552	37088	16927340	903385	16933143	2642807	16921552	0.83664	16927340	0.99809	16933143	1.07581	16921552	44329.6997513865	16927340	905113.767295534	16933143	2456574.11624729	16938135	36901	16943907	939710	16949710	2730790	16938135	0.83674	16943907	0.99743	16949710	1.07613	16938135	44100.9154576093	16943907	942131.277382874	16949710	2537602.33429047	16954686	33099	16960490	930500	16966293	2722165	16954686	0.83709	16960490	0.9977	16966293	1.07508	16954686	39540.551195212	16960490	932645.083692493	16966293	2532058.07939874
143	17041563	37059	17047351	904181	17053154	2634277	17041563	0.83708	17047351	0.99813	17053154	1.07596	17041563	44271.7541931476	17047351	905874.986224239	17053154	2448303.84029146	17058146	36881	17063918	940316	17069721	2728028	17058146	0.83791	17063918	0.9983	17069721	1.07624	17058146	44015.4670549343	17063918	941917.259340879	17069721	2534776.62974801	17074697	33406	17080485	933342	17086288	2722562	17074697	0.83759	17080485	0.99811	17086288	1.07548	17074697	39883.4752086343	17080485	935109.356684133	17086288	2531485.47625246
144	17161574	37130	17167362	902529	17173165	2633158	17161574	0.83672	17167362	0.99771	17173165	1.07543	17161574	44375.6573286165	17167362	904600.535225667	17173165	2448469.91435984	17178141	36948	17183929	939167	17189732	2723420	17178141	0.83683	17183929	0.99654	17189732	1.07578	17178141	44152.336794809	17183929	942427.800188653	17189732	2531577.08825225	17194724	33156	17200512	931563	17206315	2716639	17194724	0.83644	17200512	0.9977	17206315	1.07599	17194724	39639.4242264837	17200512	933710.534228726	17206315	2524780.89945074
145	17281585	37306	17287373	901423	17293176	2629188	17281585	0.83698	17287373	0.99803	17293176	1.07586	17281585	44572.1522617028	17287373	903202.308547839	17293176	2443801.2380793	17298168	37099	17303940	938911	17309728	2724211	17298168	0.8367	17303940	0.9982	17309728	1.07638	17298168	44339.667742321	17303940	940604.087357243	17309728	2530900.79711626	17314704	33088	17320476	933050	17326279	2715167	17314704	0.83699	17320476	0.99784	17326279	1.07536	17314704	39532.1330003943	17320476	935069.750661429	17326279	2524891.19922631
146	17401596	37167	17407384	901605	17413187	2633091	17401596	0.83779	17407384	0.99745	17413187	1.07613	17401596	44363.1458957495	17407384	903909.970424583	17413187	2446814.97588581	17418163	36873	17423951	941265	17429754	2725557	17418163	0.83835	17423951	0.99766	17429754	1.0771	17418163	43982.8234031133	17423951	943472.726179259	17429754	2530458.63893789	17434731	33348	17440518	933262	17446337	2716987	17434731	0.83735	17440518	0.99772	17446337	1.07635	17434731	39825.6404132083	17440518	935394.699915808	17446337	2524259.76680448
147	17521607	37277	17527395	904300	17533198	2631099	17521607	0.83735	17527395	0.99849	17533198	1.0762	17521607	44517.8240878963	17527395	905667.558012599	17533198	2444804.86898346	17538174	37163	17543962	940574	17549750	2721747	17538174	0.83734	17543962	0.99715	17549750	1.07561	17538174	44382.2103327203	17543962	943262.297548012	17549750	2530421.80716059	17554726	33283	17560514	934078	17566301	2720041	17554726	0.83703	17560514	0.99857	17566301	1.07556	17554726	39763.2103986715	17560514	935415.644371451	17566301	2528953.28944922
148	17641618	37397	17647406	904176	17653209	2625912	17641618	0.83749	17647406	0.99825	17653209	1.07567	17641618	44653.6675064777	17647406	905761.081893313	17653209	2441187.3529986	17658201	37089	17663989	939997	17669776	2719459	17658201	0.83787	17663989	0.99771	17669776	1.07608	17658201	44265.8168928354	17663989	942154.533882591	17669776	2527190.35759423	17674753	33376	17680556	933847	17686359	2724479	17674753	0.83699	17680556	0.99855	17686359	1.07628	17674753	39876.2231328929	17680556	935203.044414401	17686359	2531384.95558777
149	17761629	37561	17767417	901525	17773220	2624064	17761629	0.83749	17767417	0.99694	17773220	1.07516	17761629	44849.4907401879	17767417	904292.133929825	17773220	2440626.51140295	17778196	37042	17783984	940329	17789772	2713031	17778196	0.83809	17783984	0.99803	17789772	1.07502	17778196	44198.1171473231	17783984	942185.104656173	17789772	2523702.81483135	17794748	33533	17800520	930100	17806323	2711830	17794748	0.83696	17800520	0.99717	17806323	1.07539	17794748	40065.2360925253	17800520	932739.653218609	17806323	2521717.70241494
150	17881640	37454	17887428	901183	17893231	2624381	17881640	0.83732	17887428	0.99683	17893231	1.07467	17881640	44730.8078154111	17887428	904048.834806336	17893231	2442034.29890106	17898207	36976	17903979	939127	17909783	2717150	17898207	0.8366	17903979	0.99719	17909783	1.07572	17898207	44197.9440592876	17903979	941773.383206811	17909783	2525889.63670844	17914759	33694	17920547	931257	17926334	2712940	17914759	0.8377	17920547	0.99753	17926334	1.07574	17914759	40222.0365285902	17920547	933562.900363899	17926334	2521929.09067247
151	18001651	37628	18007439	901547	18013226	2622370	18001651	0.83788	18007439	0.99715	18013226	1.076	18001651	44908.5787940994	18007439	904123.752695181	18013226	2437146.8401487	18018218	37303	18024006	939768	18029809	2717510	18018218	0.8369	18024006	0.99718	18029809	1.07608	18018218	44572.8282948978	18024006	942425.640305662	18029809	2525379.15396625	18034786	34134	18040573	931792	18046392	2710854	18034786	0.83657	18040573	0.99752	18046392	1.07595	18034786	40802.32377446	18040573	934108.589301468	18046392	2519498.11794228
152	18121662	37606	18127450	903413	18133253	2621405	18121662	0.83758	18127450	0.99777	18133253	1.07516	18121662	44898.3977649896	18127450	905432.113613358	18133253	2438153.39112318	18138229	37446	18144017	940798	18149820	2710744	18138229	0.83758	18144017	0.99778	18149820	1.07564	18138229	44707.3712361804	18144017	942891.218505081	18149820	2520121.97389461	18154797	33648	18160584	934798	18166403	2708101	18154797	0.83749	18160584	0.99792	18166403	1.07562	18154797	40177.1961456256	18160584	936746.432579766	18166403	2517711.64537662
153	18241673	37829	18247461	905624	18253264	2622488	18241673	0.83726	18247461	0.99857	18253264	1.07628	18241673	45181.9028736593	18247461	906920.896882542	18253264	2436622.44025718	18258240	37194	18264028	941176	18269831	2713235	18258240	0.83732	18264028	0.99824	18269831	1.07693	18258240	44420.2933167726	18264028	942835.390286905	18269831	2519416.30375233	18274808	33926	18280580	935362	18286383	2711002	18274808	0.83715	18280580	0.99806	18286383	1.07619	18274808	40525.5927850445	18280580	937180.129451135	18286383	2519073.76950167
154	18361684	37883	18367472	905173	18373275	2619096	18361684	0.83721	18367472	0.99899	18373275	1.07569	18361684	45249.1011813046	18367472	906088.149030521	18373275	2434805.56665954	18378251	37533	18384039	940430	18389842	2711530	18378251	0.83808	18384039	0.99757	18389842	1.07691	18378251	44784.5074455899	18384039	942720.81157212	18389842	2517879.85996973	18394834	33705	18400622	933999	18406425	2706180	18394834	0.83802	18400622	0.99823	18406425	1.0759	18394834	40219.8038232978	18400622	935655.109543893	18406425	2515270.93596059
155	18481695	38285	18487483	902607	18493286	2620118	18481695	0.83687	18487483	0.9975	18493286	1.07633	18481695	45747.8461409777	18487483	904869.172932331	18493286	2434307.32210382	18498262	37304	18504050	942076	18509853	2709650	18498262	0.83798	18504050	0.99884	18509853	1.0763	18498262	44516.5755745961	18504050	943170.077289656	18509853	2517560.15980675	18514830	33717	18520617	935388	18526420	2706688	18514830	0.83762	18520617	0.9981	18526420	1.07639	18514830	40253.3368353191	18520617	937168.62037872	18526420	2514597.8688022
156	18601706	38086	18607494	901337	18613297	2615608	18601706	0.83768	18607494	0.99836	18613297	1.07621	18601706	45466.0490879572	18607494	902817.620898273	18613297	2430388.12127745	18618273	37956	18624061	942491	18629864	2705242	18618273	0.83762	18624061	0.99802	18629864	1.0764	18618273	45314.1042477496	18624061	944360.834452215	18629864	2513231.14083984	18634841	33682	18640628	936098	18646416	2701716	18634841	0.8379	18640628	0.99929	18646416	1.07505	18634841	40198.1143334527	18640628	936763.10180228	18646416	2513107.29733501
157	18721717	38218	18727505	903154	18733308	2616548	18721717	0.83692	18727505	0.99764	18733308	1.07578	18721717	45665.0575921235	18727505	905290.485545888	18733308	2432233.35626243	18738284	37704	18744072	941677	18749875	2705126	18738284	0.83737	18744072	0.99753	18749875	1.07615	18738284	45026.6907101998	18744072	944008.701492687	18749875	2513707.1969521	18754867	34061	18760655	931931	18766458	2705565	18754867	0.83714	18760655	0.99747	18766458	1.07498	18754867	40687.3402298301	18760655	934294.765757366	18766458	2516851.47630654
158																																																						
159																																																						
160																																																						
161																																																						
162																																																						
163																																																						
164																																																						
165																																																						
166																																																						
167																																																						
168																																																						
169																																																						
170																																																						
171																																																						
172																																																						
173																																																						
174																																																						
175																																																						
176																																																						
177																																																						
178																																																						
179																																																						
180																																																						
181																																																						
182																																																						
183																																																						
184																																																						
185																																																						
186																																																						
187																																																						
188																																																						
189																																																						
190																																																						
191																																																						
192																																																						
193																																																						
194																																																						
195																																																						
196																																																						
197																																																						
198																																																						
199																																																						
200																																																						
201																																																						
202																																																						
203																																																						
204																																																						
205																																																						
206																																																						
207																																																						
208																																																						
209																																																						
210																																																						
211																																																						
212																																																						
213																																																						
214																																																						
215																																																						
216																																																						
217																																																						
218																																																						
219																																																						
220																																																						
221																																																						
222																																																						
223																																																						
224																																																						
225																																																						
226																																																						
227																																																						
228																																																						
229																																																						
230																																																						
231																																																						
232																																																						
233																																																						
234																																																						
235																																																						
236																																																						
237																																																						
238																																																						
239																																																						
240																																																						
241																																																						
242																																																						
243																																																						
244																																																						
245																																																						
246																																																						
247																																																						
248																																																						
249																																																						
250																																																						
251																																																						
252																																																						
253																																																						
254																																																						
255																																																						
256																																																						
257																																																						
258																																																						
259																																																						
260																																																						
261																																																						
262																																																						
263																																																						
264																																																						
265																																																						
266																																																						
267																																																						
268																																																						
269																																																						
270																																																						
271																																																						
272																																																						
273																																																						
274																																																						
275																																																						
276																																																						
277																																																						
278																																																						
279																																																						
280																																																						
281																																																						
282																																																						
283																																																						
284																																																						
285																																																						
286																																																						
287																																																						
288																																																						
289																																																						
290																																																						
291																																																						
292																																																						
293																																																						
294																																																						
295																																																						
296																																																						
297																																																						
298																																																						
299																																																						
300																																																						
301																																																						