HJY Multigroup Import
Application Version:	3.5.1.20
SystemConfiguration::	FL3-11_1602C-0213-FL
Experiment Time Stamp:	9/24/2025 10:16 AM
Export Time Stamp:	9/24/2025 3:35 PM
Experiment Comment:	None

Integration Time:	1
Time Sequence Interval Points:	301
Time Sequence Experiment Duration:	10:00:00	36000000 (ms)
Repetition Time Sequence Enabled:	False
Repetition Time Sequence Count:	2
Repetition Time Sequence Delay:	0 seconds
Time Sequence Interval Total Points:	301
Time Sequence Experiment Duration Total:	10:00:00	36000000 (ms)

Mono Count:	2
Mono Description:	Excitation 1 (Mono1)	Emission 1 (Mono2)
Mono Slit Width:		5	5
Mono Grating Index:		0	0
Mono Grating Value:		1200	1200

Mono Wavelength Group Count:	3
Mono Wavelength Group Description:	Group 1:(Excitation 1:596 Emission 1:615)	Group 2:(Excitation 1:549 Emission 1:565)	Group 3:(Excitation 1:495 Emission 1:520)

Detector Count:	3
Detector Description:	S1 (SCD1)	R (SCD2)	S1/R (SCD1/SCD2)
Detector High Voltage:	950	None	None

Accessory Sequential Type:	Temperature Controller
Accessory Sequential Description:	Temperature Control (TC1)
Accessory Sequential Scan Position Count:	1
Accessory Sequential Scan Positions:		37

Accessory Interleave Type:	Sample Changer
Accessory Interleave Description:	Sample Changer - 4 Position (SCH1)
Accessory Interleave Scan Position Count:	3
Accessory Interleave Scan Positions:	1	2	3

Axis	X	Y	X	Y	X	Y	X	Y	X	Y	X	Y	X	Y	X	Y	X	Y	X	Y	X	Y	X	Y	X	Y	X	Y	X	Y	X	Y	X	Y	X	Y	X	Y	X	Y	X	Y	X	Y	X	Y	X	Y	X	Y	X	Y	X	Y
Sequential: Temperature Controller	Idx:0(Pos:37.00)	Idx:0(Pos:37.00)	Idx:0(Pos:37.00)	Idx:0(Pos:37.00)	Idx:0(Pos:37.00)	Idx:0(Pos:37.00)	Idx:0(Pos:37.00)	Idx:0(Pos:37.00)	Idx:0(Pos:37.00)	Idx:0(Pos:37.00)	Idx:0(Pos:37.00)	Idx:0(Pos:37.00)	Idx:0(Pos:37.00)	Idx:0(Pos:37.00)	Idx:0(Pos:37.00)	Idx:0(Pos:37.00)	Idx:0(Pos:37.00)	Idx:0(Pos:37.00)	Idx:0(Pos:37.00)	Idx:0(Pos:37.00)	Idx:0(Pos:37.00)	Idx:0(Pos:37.00)	Idx:0(Pos:37.00)	Idx:0(Pos:37.00)	Idx:0(Pos:37.00)	Idx:0(Pos:37.00)	Idx:0(Pos:37.00)	Idx:0(Pos:37.00)	Idx:0(Pos:37.00)	Idx:0(Pos:37.00)	Idx:0(Pos:37.00)	Idx:0(Pos:37.00)	Idx:0(Pos:37.00)	Idx:0(Pos:37.00)	Idx:0(Pos:37.00)	Idx:0(Pos:37.00)	Idx:0(Pos:37.00)	Idx:0(Pos:37.00)	Idx:0(Pos:37.00)	Idx:0(Pos:37.00)	Idx:0(Pos:37.00)	Idx:0(Pos:37.00)	Idx:0(Pos:37.00)	Idx:0(Pos:37.00)	Idx:0(Pos:37.00)	Idx:0(Pos:37.00)	Idx:0(Pos:37.00)	Idx:0(Pos:37.00)	Idx:0(Pos:37.00)	Idx:0(Pos:37.00)	Idx:0(Pos:37.00)	Idx:0(Pos:37.00)	Idx:0(Pos:37.00)	Idx:0(Pos:37.00)
Interleave: Sample Changer	Idx:0(Pos:1)	Idx:0(Pos:1)	Idx:0(Pos:1)	Idx:0(Pos:1)	Idx:0(Pos:1)	Idx:0(Pos:1)	Idx:0(Pos:1)	Idx:0(Pos:1)	Idx:0(Pos:1)	Idx:0(Pos:1)	Idx:0(Pos:1)	Idx:0(Pos:1)	Idx:0(Pos:1)	Idx:0(Pos:1)	Idx:0(Pos:1)	Idx:0(Pos:1)	Idx:0(Pos:1)	Idx:0(Pos:1)	Idx:1(Pos:2)	Idx:1(Pos:2)	Idx:1(Pos:2)	Idx:1(Pos:2)	Idx:1(Pos:2)	Idx:1(Pos:2)	Idx:1(Pos:2)	Idx:1(Pos:2)	Idx:1(Pos:2)	Idx:1(Pos:2)	Idx:1(Pos:2)	Idx:1(Pos:2)	Idx:1(Pos:2)	Idx:1(Pos:2)	Idx:1(Pos:2)	Idx:1(Pos:2)	Idx:1(Pos:2)	Idx:1(Pos:2)	Idx:2(Pos:3)	Idx:2(Pos:3)	Idx:2(Pos:3)	Idx:2(Pos:3)	Idx:2(Pos:3)	Idx:2(Pos:3)	Idx:2(Pos:3)	Idx:2(Pos:3)	Idx:2(Pos:3)	Idx:2(Pos:3)	Idx:2(Pos:3)	Idx:2(Pos:3)	Idx:2(Pos:3)	Idx:2(Pos:3)	Idx:2(Pos:3)	Idx:2(Pos:3)	Idx:2(Pos:3)	Idx:2(Pos:3)
Detector	S1 (SCD1)	S1 (SCD1)	S1 (SCD1)	S1 (SCD1)	S1 (SCD1)	S1 (SCD1)	R (SCD2)	R (SCD2)	R (SCD2)	R (SCD2)	R (SCD2)	R (SCD2)	S1/R (SCD1/SCD2)	S1/R (SCD1/SCD2)	S1/R (SCD1/SCD2)	S1/R (SCD1/SCD2)	S1/R (SCD1/SCD2)	S1/R (SCD1/SCD2)	S1 (SCD1)	S1 (SCD1)	S1 (SCD1)	S1 (SCD1)	S1 (SCD1)	S1 (SCD1)	R (SCD2)	R (SCD2)	R (SCD2)	R (SCD2)	R (SCD2)	R (SCD2)	S1/R (SCD1/SCD2)	S1/R (SCD1/SCD2)	S1/R (SCD1/SCD2)	S1/R (SCD1/SCD2)	S1/R (SCD1/SCD2)	S1/R (SCD1/SCD2)	S1 (SCD1)	S1 (SCD1)	S1 (SCD1)	S1 (SCD1)	S1 (SCD1)	S1 (SCD1)	R (SCD2)	R (SCD2)	R (SCD2)	R (SCD2)	R (SCD2)	R (SCD2)	S1/R (SCD1/SCD2)	S1/R (SCD1/SCD2)	S1/R (SCD1/SCD2)	S1/R (SCD1/SCD2)	S1/R (SCD1/SCD2)	S1/R (SCD1/SCD2)
WL Group	1	1	2	2	3	3	1	1	2	2	3	3	1	1	2	2	3	3	1	1	2	2	3	3	1	1	2	2	3	3	1	1	2	2	3	3	1	1	2	2	3	3	1	1	2	2	3	3	1	1	2	2	3	3
Units	(ms)	CPS	(ms)	CPS	(ms)	CPS	(ms)	MicroAmps	(ms)	MicroAmps	(ms)	MicroAmps	(ms)	CPS	(ms)	CPS	(ms)	CPS	(ms)	CPS	(ms)	CPS	(ms)	CPS	(ms)	MicroAmps	(ms)	MicroAmps	(ms)	MicroAmps	(ms)	CPS	(ms)	CPS	(ms)	CPS	(ms)	CPS	(ms)	CPS	(ms)	CPS	(ms)	MicroAmps	(ms)	MicroAmps	(ms)	MicroAmps	(ms)	CPS	(ms)	CPS	(ms)	CPS
1	0	113892	5787	1156330	11606	3601649	0	0.8314	5787	0.99727	11606	1.04762	0	136988.212653356	5787	1159495.42250343	11606	3437934.55642313	16567	115719	22354	1180518	28158	3662067	16567	0.83151	22354	0.99795	28158	1.0477	16567	139167.298048129	22354	1182943.0332181	28158	3495339.31468932	33134	111537	38906	1183190	44709	3628915	33134	0.83136	38906	0.99726	44709	1.04744	33134	134162.095842956	38906	1186440.84792331	44709	3464556.44237379
2	120011	113424	125798	1064271	131617	3536310	120011	0.83167	125798	0.99805	131617	1.04796	120011	136381.016508952	125798	1066350.38324733	131617	3374470.39963357	136593	116181	142365	1085755	148169	3595911	136593	0.83201	142365	0.99752	148169	1.04778	136593	139638.946647276	142365	1088454.36682974	148169	3431933.23025826	153129	110995	158917	1077402	164720	3553038	153129	0.83167	158917	0.99739	164720	1.04758	153129	133460.386932317	158917	1080221.37779605	164720	3391662.68924569
3	240022	113644	245809	1043516	251612	3511584	240022	0.83218	245809	0.99753	251612	1.04802	240022	136561.801533322	245809	1046099.86667068	251612	3350684.1472491	256589	116600	262376	1065368	268180	3575288	256589	0.83184	262376	0.99721	268180	1.04757	256589	140171.186766686	262376	1068348.69285306	268180	3412934.69648806	273156	111591	278928	1053293	284731	3523976	273156	0.83207	278928	0.99735	284731	1.04844	273156	134112.514572091	278928	1056091.64285356	284731	3361161.34447369
4	360033	114000	365820	1036300	371639	3499965	360033	0.83235	365820	0.99856	371639	1.04893	360033	136961.614705352	365820	1037794.42397052	371639	3336700.25645181	376600	116649	382372	1060927	388191	3569562	376600	0.83284	382372	0.99748	388191	1.04879	376600	140061.716536189	382372	1063607.29037174	388191	3403504.99146636	393183	110988	398955	1046681	404758	3518491	393183	0.83231	398955	0.99741	404758	1.04894	393183	133349.353005491	398955	1049398.94326305	404758	3354330.08561024
5	480044	113885	485831	1036158	491650	3493944	480044	0.833	485831	0.99858	491650	1.04849	480044	136716.68667467	485831	1037631.43664003	491650	3332357.96240308	496611	116540	502398	1058014	508202	3568564	496611	0.83223	502398	0.99879	508202	1.04992	496611	140033.404227197	502398	1059295.7478549	508202	3398891.34410241	513162	112418	518950	1045207	524753	3515764	513162	0.83279	518950	0.99788	524753	1.04927	513162	134989.613227825	518950	1047427.54639836	524753	3350676.18439487
6	600055	113418	605842	1033422	611661	3489254	600055	0.83302	605842	0.99881	611661	1.04919	600055	136152.793450337	605842	1034653.23735245	611661	3325664.56027983	616622	117211	622409	1057509	628213	3560918	616622	0.83255	622409	0.99888	628213	1.04954	616622	140785.538406102	622409	1058694.73810668	628213	3392836.86186329	633189	112319	638977	1047261	644764	3509552	633189	0.83304	638977	0.99882	644764	1.04933	633189	134830.260251609	638977	1048498.22790893	644764	3344564.62695244
7	720066	114114	725853	1031574	731656	3477165	720066	0.83328	725853	0.9987	731656	1.04983	720066	136945.564516129	725853	1032916.79182938	731656	3312121.96260347	736617	117023	742405	1057002	748208	3552699	736617	0.83239	742405	0.99854	748208	1.04919	736617	140586.744194428	742405	1058547.47931981	748208	3386135.0184428	753200	111645	758972	1043159	764775	3500253	753200	0.83336	758972	0.99875	764775	1.04943	753200	133969.712969185	758972	1044464.58072591	764775	3335384.92324405
8	840077	113897	845864	1031746	851683	3473188	840077	0.83267	845864	0.99961	851683	1.05041	840077	136785.281083743	845864	1032148.53792979	851683	3306506.9829876	856644	117676	862431	1056258	868235	3553206	856644	0.83291	862431	0.99956	868235	1.05013	856644	141282.971749649	862431	1056722.95810157	868235	3383586.79401598	873211	111546	878983	1042196	884786	3497138	873211	0.83312	878983	0.99874	884786	1.04997	873211	133889.475705781	878983	1043510.82363778	884786	3330702.78198425
9	960088	114072	965875	1028762	971694	3472940	960088	0.83352	965875	1.00022	971694	1.05058	960088	136855.744313274	965875	1028535.72214113	971694	3305735.87922862	976655	116998	982442	1056315	988230	3550097	976655	0.83292	982442	0.99991	988230	1.05053	976655	140467.271766796	982442	1056410.07690692	988230	3379339.00031413	993206	112435	998994	1042538	1004797	3490086	993206	0.83312	998994	0.9994	1004797	1.05004	993206	134956.548876512	998994	1043163.898339	1004797	3323764.80895966
10	1080099	114412	1085886	1027275	1091705	3461685	1080099	0.83321	1085886	0.99947	1091705	1.04985	1080099	137314.722578942	1085886	1027819.74446457	1091705	3297313.901986	1096666	117454	1102438	1053062	1108257	3536492	1096666	0.8326	1102438	0.99905	1108257	1.0494	1096666	141068.940667788	1102438	1054063.36019218	1108257	3370013.34095674	1113233	111866	1119036	1037870	1124839	3485275	1113233	0.83429	1119036	0.99937	1124839	1.04935	1113233	134085.270109914	1119036	1038524.27029028	1124839	3321365.6072807
11	1200110	105549	1205913	634678	1211716	3236256	1200110	0.8333	1205913	1.00036	1211716	1.04999	1200110	126663.866554662	1205913	634449.598144668	1211716	3082177.92550405	1216677	107873	1222464	664851	1228268	3351763	1216677	0.83369	1222464	0.99883	1228268	1.05082	1216677	129392.220129784	1222464	665629.786850615	1228268	3189664.26219524	1233244	104868	1239016	673181	1244819	3322824	1233244	0.8341	1239016	0.99978	1244819	1.05089	1233244	125725.932142429	1239016	673329.13240913	1244819	3161914.18702243
12	1320121	104370	1325908	330820	1331711	3220789	1320121	0.83386	1325908	1.00044	1331711	1.05015	1320121	125164.895785863	1325908	330674.503218584	1331711	3066979.95524449	1336688	107517	1342475	340923	1348294	3339425	1336688	0.83355	1342475	0.99928	1348294	1.0504	1336688	128986.863415512	1342475	341168.641421824	1348294	3179193.6405179	1353286	103348	1359058	339070	1364861	3306270	1353286	0.83411	1359058	1.00013	1364861	1.0499	1353286	123902.123221158	1359058	339025.926629538	1364861	3149128.48842747
13	1440132	103211	1445919	186509	1451722	3216387	1440132	0.83408	1445919	0.99919	1451722	1.0499	1440132	123742.32687512	1445919	186660.194757754	1451722	3063517.47785503	1456699	106539	1462486	188544	1468290	3333483	1456699	0.83398	1462486	1.00036	1468290	1.05082	1456699	127747.66780978	1462486	188476.148586509	1468290	3172268.32378523	1473266	102808	1479054	187302	1484857	3306533	1473266	0.83452	1479054	1.00048	1484857	1.05128	1473266	123194.171499784	1479054	187212.138173677	1484857	3145244.84438018
14	1560143	103490	1565930	112663	1571749	3213402	1560143	0.83346	1565930	1.00047	1571749	1.05127	1560143	124169.126292803	1565930	112610.073265565	1571749	3056685.72298268	1576710	107170	1582497	113184	1588301	3330271	1576710	0.8345	1582497	1.00116	1588301	1.05122	1576710	128424.206111444	1582497	113052.858683927	1588301	3168005.74570499	1593277	102557	1599065	111888	1604868	3300872	1593277	0.83461	1599065	1.00127	1604868	1.05152	1593277	122880.147613856	1599065	111746.082475256	1604868	3139143.33536214
15	1680154	103926	1685957	73611	1691760	3210843	1680154	0.83426	1685957	1.00097	1691760	1.05183	1680154	124572.675185194	1685957	73539.6665234722	1691760	3052625.42426057	1696736	106735	1702508	72971	1708296	3325143	1696736	0.83545	1702508	1.00131	1708296	1.05221	1696736	127757.495960261	1702508	72875.5330517023	1708296	3160151.49067201	1713273	102236	1719060	72962	1724863	3293529	1713273	0.83516	1719060	1.00129	1724863	1.05268	1713273	122414.866612386	1719060	72868.0002796393	1724863	3128708.62940305
16	1800165	102494	1805952	52422	1811771	3201174	1800165	0.83511	1805952	1.00171	1811771	1.05205	1800165	122731.137215457	1805952	52332.5114054966	1811771	3042796.44503588	1816747	106659	1822520	51629	1828307	3321971	1816747	0.8352	1822520	1.00144	1828307	1.0526	1816747	127704.74137931	1822520	51554.7611439527	1828307	3155967.12901387	1833284	102794	1839071	51836	1844874	3289990	1833284	0.83568	1839071	1.00206	1844874	1.05218	1833284	123006.41393835	1839071	51729.4373590404	1844874	3126831.91088977
17	1920176	103013	1925963	40813	1931782	3200898	1920176	0.83492	1925963	1.00156	1931782	1.05159	1920176	123380.683179227	1925963	40749.430887815	1931782	3043865.00442188	1936743	106099	1942531	39878	1948334	3318555	1936743	0.83538	1942531	1.00165	1948334	1.05248	1936743	127006.871124518	1942531	39812.3096890131	1948334	3153081.29370629	1953310	103727	1959098	40285	1964901	3282338	1953310	0.83522	1959098	1.002	1964901	1.05129	1953310	124191.231052896	1959098	40204.5908183633	1964901	3122200.34433886
18	2040187	102810	2045974	33910	2051793	3197358	2040187	0.83559	2045974	1.00156	2051793	1.05191	2040187	123038.810900083	2045974	33857.18279484	2051793	3039573.7277904	2056754	106484	2062542	32549	2068345	3315197	2056754	0.83525	2062542	1.00197	2068345	1.05204	2056754	127487.578569291	2062542	32485.0045410541	2068345	3151208.12896848	2073306	103090	2079093	33496	2084896	3286827	2073306	0.83491	2079093	1.00148	2084896	1.05221	2073306	123474.386460816	2079093	33446.4991812118	2084896	3123736.70655097
19	2160198	103379	2165985	29500	2171789	3192687	2160198	0.83491	2165985	1.00234	2171789	1.05222	2160198	123820.531554299	2165985	29431.1311531017	2171789	3034239.03746365	2176765	106319	2182537	28711	2188340	3309257	2176765	0.83569	2182537	1.00209	2188340	1.05125	2176765	127223.013318336	2182537	28651.1191609536	2188340	3147925.80261593	2193317	103038	2199104	29253	2204907	3284915	2193317	0.83511	2199104	1.00151	2204907	1.05308	2193317	123382.548406797	2199104	29208.8945692005	2204907	3119340.41098492
20	2280209	102906	2286012	26796	2291815	3191929	2280209	0.83584	2286012	1.00214	2291815	1.05324	2280209	123116.864471669	2286012	26738.7790129124	2291815	3030580.87425468	2296792	106048	2302564	25754	2308367	3310710	2296792	0.83505	2302564	1.00309	2308367	1.05261	2296792	126995.988264176	2302564	25674.6652842716	2308367	3145238.97739904	2313343	102616	2319131	26485	2324918	3278951	2313343	0.83644	2319131	1.0018	2324918	1.05283	2313343	122681.842092678	2319131	26437.412657217	2324918	3114416.3825119
21	2400220	103217	2406007	25453	2411826	3188143	2400220	0.83613	2406007	1.00283	2411826	1.05311	2400220	123446.114838602	2406007	25381.1712852627	2411826	3027359.91491867	2416787	105991	2422575	24103	2428378	3305432	2416787	0.83603	2422575	1.00332	2428378	1.05367	2416787	126778.943339354	2422575	24023.2428337918	2428378	3137065.68470204	2433354	103577	2439142	24521	2444929	3278512	2433354	0.83679	2439142	1.00269	2444929	1.05375	2433354	123778.964853787	2439142	24455.2154703847	2444929	3111280.66429419
22	2520231	103329	2526018	23823	2531837	3179544	2520231	0.83568	2526018	1.0025	2531837	1.0519	2520231	123646.611143021	2526018	23763.5910224439	2531837	3022667.55395	2536814	106273	2542601	22848	2548404	3300341	2536814	0.83523	2542601	1.00214	2548404	1.05177	2536814	127238.006297667	2542601	22799.2096912607	2548404	3137892.31485971	2553365	102719	2559153	23149	2564956	3269815	2553365	0.83576	2559153	1.00223	2564956	1.05273	2553365	122904.900928496	2559153	23097.4925915209	2564956	3106033.83583635
23	2640242	103583	2646045	22799	2651848	3179716	2640242	0.83603	2646045	1.00233	2651848	1.0527	2640242	123898.663923543	2646045	22746.0018157693	2651848	3020533.86529876	2656825	106172	2662597	21699	2668400	3296902	2656825	0.83556	2662597	1.00194	2668400	1.05271	2656825	127066.877303844	2662597	21656.9854482304	2668400	3131823.57914335	2673376	103086	2679148	22136	2684951	3266888	2673376	0.83592	2679148	1.00128	2684951	1.05224	2673376	123320.413436693	2679148	22107.7021412592	2684951	3104698.5478598
24	2760253	103342	2766040	21997	2771859	3172262	2760253	0.83583	2766040	1.00237	2771859	1.05208	2760253	123639.974635991	2766040	21944.9903728164	2771859	3015228.87993309	2776820	105713	2782592	20796	2788395	3292594	2776820	0.83541	2782592	1.002	2788395	1.05222	2776820	126540.261667924	2782592	20754.4910179641	2788395	3129187.81243466	2793372	102553	2799159	20817	2804962	3258935	2793372	0.8358	2799159	1.00168	2804962	1.05189	2793372	122700.406795884	2799159	20782.0860953598	2804962	3098170.91140709
25	2880264	103411	2886051	21265	2891855	3170700	2880264	0.83514	2886051	1.00172	2891855	1.0525	2880264	123824.747946452	2886051	21228.4870023559	2891855	3012541.56769596	2896831	106352	2902603	20109	2908406	3286554	2896831	0.83556	2902603	1.00149	2908406	1.05209	2896831	127282.301689885	2902603	20079.0821675703	2908406	3123833.5123421	2913383	102990	2919170	20531	2924973	3254540	2913383	0.83578	2919170	1.00199	2924973	1.0523	2913383	123226.207853741	2919170	20490.2244533379	2924973	3092787.22797681
26	3000275	98244	3006062	20837	3011850	3049098	3000275	0.8354	3006062	1.00244	3011850	1.05222	3000275	117601.149150108	3006062	20786.2814732054	3011850	2897776.13046701	3016826	101086	3022598	19850	3028417	3175434	3016826	0.83628	3022598	1.00303	3028417	1.05303	3016826	120875.783230497	3022598	19790.0361903433	3028417	3015520.92532976	3033394	98414	3039181	19998	3044969	3152829	3033394	0.83579	3039181	1.00372	3044969	1.05306	3033394	117749.673961162	3039181	19923.8831546646	3044969	2993969.00461512
27	3120286	97657	3126058	20021	3131877	3047891	3120286	0.83627	3126058	1.0017	3131877	1.0528	3120286	116776.878280938	3126058	19987.0220624938	3131877	2895033.24468085	3136853	101060	3142656	19307	3148444	3166336	3136853	0.83635	3142656	1.00304	3148444	1.05228	3136853	120834.578824655	3142656	19248.4846067953	3148444	3009024.21408751	3153420	98360	3159208	18977	3165027	3146069	3153420	0.83615	3159208	1.00247	3165027	1.05286	3153420	117634.395742391	3159208	18930.2423015153	3165027	2988117.1285831
28	3240297	97773	3246084	19298	3251888	3039788	3240297	0.8356	3246084	1.00326	3251888	1.05302	3240297	117009.334609861	3246084	19235.2929449993	3251888	2886733.39537711	3256864	100828	3262667	18384	3268455	3158922	3256864	0.83578	3262667	1.00315	3268455	1.05262	3256864	120639.402713633	3262667	18326.2722424363	3268455	3001008.91109802	3273431	97838	3279203	18352	3285006	3136803	3273431	0.83585	3279203	1.002	3285006	1.05362	3273431	117052.102649997	3279203	18315.3692614771	3285006	2977167.28991477
29	3360308	97607	3366095	19157	3371899	3035197	3360308	0.83636	3366095	1.00301	3371899	1.05368	3360308	116704.529150127	3366095	19099.5104734748	3371899	2880568.10416825	3376875	101305	3382663	18237	3388450	3156764	3376875	0.83636	3382663	1.00301	3388450	1.05334	3376875	121126.070113348	3382663	18182.2713631968	3388450	2996908.88032354	3393427	97543	3399214	18023	3405002	3131067	3393427	0.8366	3399214	1.00303	3405002	1.05328	3393427	116594.549366483	3399214	17968.5552775091	3405002	2972682.4775938
30	3480319	97636	3486106	18700	3491910	3028166	3480319	0.83594	3486106	1.00205	3491910	1.05348	3480319	116797.856305476	3486106	18661.7434259768	3491910	2874440.90063409	3496886	101292	3502674	17684	3508477	3149422	3496886	0.83656	3502674	1.00251	3508477	1.05295	3496886	121081.572152625	3502674	17639.724292027	3508477	2991046.10855216	3513469	98519	3519256	17445	3525060	3127261	3513469	0.83674	3519256	1.00297	3525060	1.05267	3513469	117741.472858953	3519256	17393.3417749285	3525060	2970789.51618266
31	3600330	91321	3606102	17738	3611921	2913380	3600330	0.8365	3606102	1.00333	3611921	1.05321	3600330	109170.352659892	3606102	17679.128502088	3611921	2766190.97805756	3616881	94820	3622669	18403	3628472	3021021	3616881	0.83605	3622669	1.00311	3628472	1.05288	3616881	113414.26948149	3622669	18345.9441138061	3628472	2869292.79689993	3633464	92588	3639236	18223	3645040	3007109	3633464	0.83625	3639236	1.00327	3645040	1.05407	3633464	110718.086696562	3639236	18163.605011612	3645040	2852855.12347377
32	3720341	90280	3726128	19151	3731932	2892274	3720341	0.83684	3726128	1.00405	3731932	1.05315	3720341	107882.032407629	3726128	19073.7513072058	3731932	2746307.74343636	3736924	93216	3742696	19285	3748499	2999503	3736924	0.83723	3742696	1.00393	3748499	1.05352	3736924	111338.580796197	3742696	19209.5066389091	3748499	2847124.87660415	3753475	91710	3759263	19128	3765051	2997086	3753475	0.83651	3759263	1.00311	3765051	1.05407	3753475	109634.074906457	3759263	19068.696354338	3765051	2843346.2673257
33	3840352	89999	3846124	20286	3851927	2832719	3840352	0.83669	3846124	1.00446	3851927	1.0546	3840352	107565.526061026	3846124	20195.926169285	3851927	2686060.11758013	3856903	92337	3862691	20583	3868494	2937823	3856903	0.83761	3862691	1.00453	3868494	1.05396	3856903	110238.655221404	3862691	20490.1794869242	3868494	2787414.1333637	3873471	87276	3879258	20329	3885046	2936385	3873471	0.83708	3879258	1.00421	3885046	1.05379	3873471	104262.436087351	3879258	20243.7737126697	3885046	2786499.20762201
34	3960363	86937	3966150	21903	3971954	2730854	3960363	0.83672	3966150	1.00379	3971954	1.05455	3960363	103902.141696147	3966150	21820.3010589864	3971954	2589591.769001	3976930	89254	3982718	23028	3988521	2835673	3976930	0.83751	3982718	1.0037	3988521	1.05417	3976930	106570.667812922	3982718	22943.1104911826	3988521	2689957.97641747	3993497	78905	3999269	22327	4005057	2844314	3993497	0.83687	3999269	1.00387	4005057	1.05493	3993497	94285.8508489969	3999269	22240.9276101487	4005057	2696211.1230129
35	4080374	84439	4086161	24527	4091965	2588839	4080374	0.83695	4086161	1.00461	4091965	1.05489	4080374	100888.941991756	4086161	24414.4493883198	4091965	2454131.7104153	4096925	84253	4102713	25446	4108532	2687011	4096925	0.83711	4102713	1.00429	4108532	1.05449	4096925	100647.465685513	4102713	25337.3029702576	4108532	2548161.67057061	4113508	65739	4119280	24215	4125084	2707916	4113508	0.83697	4119280	1.00417	4125084	1.05513	4113508	78544.0338363382	4119280	24114.442773634	4125084	2566428.78128761
36	4200385	80193	4206157	27401	4211976	2411980	4200385	0.83799	4206157	1.00424	4211976	1.05492	4200385	95696.8460244156	4206157	27285.3102843942	4211976	2286410.34391233	4216952	78557	4222740	28865	4228543	2501839	4216952	0.8381	4222740	1.00394	4228543	1.05426	4216952	93732.2515212982	4222740	28751.7182301731	4228543	2373075.90158026	4233504	53859	4239291	26944	4245095	2539210	4233504	0.83788	4239291	1.00378	4245095	1.05459	4233504	64280.0878407409	4239291	26842.5352168802	4245095	2407769.84420486
37	4320396	75883	4326183	30355	4331987	2210152	4320396	0.83686	4326183	1.00405	4331987	1.05424	4320396	90675.8597614894	4326183	30232.5581395349	4331987	2096441.03809379	4336963	71811	4342751	32719	4348554	2299269	4336963	0.83823	4342751	1.00393	4348554	1.05444	4336963	85669.8042303425	4342751	32590.9176934647	4348554	2180559.34903835	4353515	44781	4359302	30055	4365106	2354782	4353515	0.83746	4359302	1.00423	4365106	1.05503	4353515	53472.4046521625	4359302	29928.4028559195	4365106	2231957.38509805
38	4440407	71019	4446195	33955	4451998	2013733	4440407	0.83755	4446195	1.00495	4451998	1.0558	4440407	84793.7436570951	4446195	33787.7506343599	4451998	1907305.3608638	4456974	64913	4462762	36962	4468565	2099089	4456974	0.83823	4462762	1.00507	4468565	1.05488	4456974	77440.5592737077	4462762	36775.5479717831	4468565	1989884.15743971	4473541	38469	4479329	33799	4485117	2163292	4473541	0.83819	4479329	1.00432	4485117	1.05449	4473541	45895.3220630167	4479329	33653.6163772503	4485117	2051505.46709784
39	4560418	66855	4566206	37354	4572009	1828447	4560418	0.83768	4566206	1.00448	4572009	1.05609	4560418	79809.7125393945	4566206	37187.4004460019	4572009	1731336.34444034	4576985	59376	4582773	41810	4588576	1909832	4576985	0.83777	4582773	1.00441	4588576	1.05481	4576985	70873.8675292742	4582773	41626.4274549238	4588576	1810593.37700629	4593552	34271	4599324	37515	4605128	1986908	4593552	0.83757	4599324	1.005	4605128	1.05529	4593552	40917.1770717671	4599324	37328.3582089552	4605128	1882807.56948327
40	4680429	62188	4686217	41396	4692020	1671003	4680429	0.83807	4686217	1.00466	4692020	1.05505	4680429	74203.8254561075	4686217	41203.9894093524	4692020	1583814.03724942	4696996	54118	4702784	46617	4708603	1750131	4696996	0.838	4702784	1.00463	4708603	1.05457	4696996	64579.9522673031	4702784	46402.158008421	4708603	1659568.3548745	4713579	31086	4719351	41538	4725154	1828435	4713579	0.83727	4719351	1.00466	4725154	1.05543	4713579	37127.8082339031	4719351	41345.3307586646	4725154	1732407.64427769
41	4800440	60110	4806228	767533	4812031	1535702	4800440	0.83821	4806228	1.00527	4812031	1.05541	4800440	71712.3393898904	4806228	763509.305957604	4812031	1455076.22630068	4816992	55416	4822779	755625	4828598	1637664	4816992	0.83788	4822779	1.00526	4828598	1.05518	4816992	66138.3491669451	4822779	751671.209438354	4828598	1552023.3514661	4833574	31235	4839362	805015	4845181	1709072	4833574	0.83826	4839362	1.00465	4845181	1.05528	4833574	37261.7087777062	4839362	801289.006121535	4845181	1619543.62823137
42	4920451	57300	4926239	773601	4932042	1431622	4920451	0.83805	4926239	1.00488	4932042	1.05577	4920451	68373.0087703598	4926239	769844.160496776	4932042	1355997.99198689	4937018	50712	4942806	769414	4948609	1526942	4937018	0.83807	4942806	1.00464	4948609	1.05534	4937018	60510.4585535814	4942806	765860.407708234	4948609	1446872.09809161	4953585	29480	4959357	809504	4965161	1596570	4953585	0.83784	4959357	1.00504	4965161	1.0555	4953585	35185.7156497661	4959357	805444.559420521	4965161	1512619.6115585
43	5040462	55208	5046250	775362	5052053	1351999	5040462	0.83788	5046250	1.00476	5052053	1.05568	5040462	65890.1035947869	5046250	771688.761495283	5052053	1280690.17126402	5057029	48124	5062817	770621	5068620	1446177	5057029	0.8383	5062817	1.00525	5068620	1.05586	5057029	57406.6563282834	5062817	766596.369062422	5068620	1369667.3801451	5073581	28070	5079353	809762	5085156	1515678	5073581	0.8379	5079353	1.00529	5085156	1.05589	5073581	33500.417710944	5079353	805500.900237742	5085156	1435450.66247431
44	5160473	53778	5166245	775227	5172048	1289902	5160473	0.83776	5166245	1.00485	5172048	1.05508	5160473	64192.6088617265	5166245	771485.296312882	5172048	1222563.21795504	5177025	46215	5182812	767501	5188615	1387407	5177025	0.83786	5182812	1.00484	5188615	1.05495	5177025	55158.3796815697	5182812	763804.18773138	5188615	1315140.054031	5193592	26872	5199379	814244	5205183	1458569	5193592	0.83852	5199379	1.00504	5205183	1.05564	5193592	32046.939846396	5199379	810160.789620314	5205183	1381691.6751923
45	5280484	53446	5286272	778132	5292059	1244979	5280484	0.8383	5286272	1.00561	5292059	1.05556	5280484	63755.2188953835	5286272	773791.032308748	5292059	1179448.82337338	5297051	44823	5302823	768180	5308642	1345941	5297051	0.83836	5302823	1.00596	5308642	1.05562	5297051	53465.098525693	5302823	763628.772515806	5308642	1275024.15641992	5313618	26369	5319406	815392	5325194	1418745	5313618	0.83849	5319406	1.00488	5325194	1.0561	5313618	31448.1985473888	5319406	811432.210811241	5325194	1343381.3085882
46	5400495	53686	5406283	779018	5412086	1212509	5400495	0.83827	5406283	1.00538	5412086	1.05646	5400495	64043.8045021294	5406283	774849.310708389	5412086	1147709.33116256	5417062	44537	5422865	764060	5428653	1315575	5417062	0.83759	5422865	1.00547	5428653	1.05591	5417062	53172.7933714586	5422865	759903.32879151	5428653	1245915.84510043	5433645	25630	5439417	814854	5445236	1388364	5433645	0.83811	5439417	1.00598	5445236	1.05526	5433645	30580.7113624703	5439417	810010.139366588	5445236	1315660.59549305
47	5520506	53409	5526309	777277	5532112	1186807	5520506	0.83792	5526309	1.00529	5532112	1.05588	5520506	63739.9751766278	5526309	773186.841607894	5532112	1123997.99219608	5537089	44142	5542861	763577	5548664	1294267	5537089	0.83748	5542861	1.00504	5548664	1.05544	5537089	52708.1243731194	5542861	759747.870731513	5548664	1226281.92981126	5553640	25334	5559412	816417	5565216	1374322	5553640	0.83843	5559412	1.00597	5565216	1.0558	5553640	30215.9989504192	5559412	811571.915663489	5565216	1301687.81966281
48	5640517	52906	5646305	779352	5652108	1165318	5640517	0.8382	5646305	1.00536	5652108	1.05638	5640517	63118.5874492961	5646305	775196.944378133	5652108	1103123.875878	5657084	43870	5662872	759643	5668675	1283219	5657084	0.83858	5662872	1.00624	5668675	1.0567	5657084	52314.6271077297	5662872	754932.222928924	5668675	1214364.53108735	5673651	24667	5679423	815639	5685227	1367056	5673651	0.83848	5679423	1.00634	5685227	1.05623	5673651	29418.7100467513	5679423	810500.427290975	5685227	1294278.7082359
49	5760528	53810	5766316	782589	5772119	1148062	5760528	0.83843	5766316	1.00539	5772119	1.05579	5760528	64179.4783106521	5766316	778393.459254618	5772119	1087396.16779852	5777111	43909	5782883	756047	5788686	1273662	5777111	0.83794	5782883	1.00577	5788686	1.05586	5777111	52401.1265723083	5782883	751709.635403721	5788686	1206279.24156612	5793678	24878	5799466	818189	5805269	1364962	5793678	0.83834	5799466	1.00601	5805269	1.05579	5793678	29675.3107331154	5799466	813301.06062564	5805269	1292834.74933462
50	5880539	54024	5886327	782016	5892130	1134089	5880539	0.83863	5886327	1.00545	5892130	1.05602	5880539	64419.3506075385	5886327	777777.11472475	5892130	1073927.57712922	5897106	43691	5902894	752994	5908697	1266076	5897106	0.83857	5902894	1.00563	5908697	1.05605	5897106	52101.7923369546	5902894	748778.377733361	5908697	1198878.84096397	5913673	24522	5919461	818951	5925264	1367398	5913673	0.83912	5919461	1.00584	5925264	1.05628	5913673	29223.4722089808	5919461	814196.094806331	5925264	1294541.22013103
51	6000550	54314	6006338	782695	6012141	1121005	6000550	0.83857	6006338	1.00585	6012141	1.05671	6000550	64769.7866606246	6006338	778142.864244172	6012141	1060844.50795393	6017117	44257	6022920	752292	6028724	1260585	6017117	0.83902	6022920	1.00627	6028724	1.05609	6017117	52748.4446139544	6022920	747604.519661721	6028724	1193634.06527853	6033700	24434	6039503	817759	6045307	1370539	6033700	0.83877	6039503	1.00596	6045307	1.05667	6033700	29130.7509806025	6039503	812914.032367092	6045307	1297035.97149536
52	6120561	54278	6126349	781562	6132152	1103976	6120561	0.83881	6126349	1.00605	6132152	1.05602	6120561	64708.3368104815	6126349	776861.984990806	6132152	1045412.01871177	6137128	44473	6142916	748416	6148703	1255917	6137128	0.83847	6142916	1.00595	6148703	1.05587	6137128	53040.6573878612	6142916	743989.263879915	6148703	1189461.77086194	6153680	24476	6159452	817915	6165271	1379856	6153680	0.83896	6159452	1.00648	6165271	1.05667	6153680	29174.2156956232	6159452	812649.034258008	6165271	1305853.29383819
53	6240572	54937	6246344	783172	6252147	1093975	6240572	0.83858	6246344	1.00697	6252147	1.05687	6240572	65511.93684562	6246344	777751.0750072	6252147	1035108.38608343	6257124	45349	6262911	747409	6268715	1250827	6257124	0.83922	6262911	1.00614	6268715	1.05685	6257124	54037.082052382	6262911	742847.913809211	6268715	1183542.6030184	6273691	24777	6279479	818759	6285282	1385779	6273691	0.83932	6279479	1.0061	6285282	1.05752	6273691	29520.3259781728	6279479	813794.851406421	6285282	1310404.53135638
54	6360583	55462	6366371	783243	6372174	1079975	6360583	0.83896	6366371	1.00608	6372174	1.05694	6360583	66108.0385238867	6366371	778509.661259542	6372174	1021794.04696577	6377150	45401	6382938	744250	6388741	1245901	6377150	0.83976	6382938	1.0073	6388741	1.05734	6377150	54064.256454225	6382938	738856.34865482	6388741	1178335.25639813	6393733	24464	6399505	820178	6405324	1391404	6393733	0.83941	6399505	1.00747	6405324	1.0575	6393733	29144.2799108898	6399505	814096.697668417	6405324	1315748.46335697
55	6480594	55903	6486382	785008	6492185	1068888	6480594	0.83962	6486382	1.0075	6492185	1.0572	6480594	66581.3105928873	6486382	779164.267990075	6492185	1011055.61861521	6497161	45694	6502965	741038	6508768	1236990	6497161	0.83988	6502965	1.00669	6508768	1.0576	6497161	54405.3912463685	6502965	736113.401345002	6508768	1169619.89409985	6513760	24620	6519532	818787	6525335	1394018	6513760	0.83945	6519532	1.00695	6525335	1.05751	6513760	29328.7271427721	6519532	813135.706837479	6525335	1318207.86564666
56	6600605	56188	6606393	784199	6612196	1057875	6600605	0.83969	6606393	1.00672	6612196	1.05821	6600605	66915.1710750396	6606393	778964.359504132	6612196	999683.427675036	6617172	46272	6622960	740085	6628763	1232069	6617172	0.83986	6622960	1.00698	6628763	1.05729	6617172	55094.896768509	6622960	734955.014002264	6628763	1165308.47733356	6633755	24591	6639543	819346	6645330	1398324	6633755	0.83918	6639543	1.00735	6645330	1.05769	6633755	29303.6059009986	6639543	813367.747059116	6645330	1322054.66630109
57	6720616	56275	6726404	783461	6732223	1041748	6720616	0.83951	6726404	1.00649	6732223	1.05734	6720616	67033.1502900502	6726404	778409.124780177	6732223	985253.560822441	6737199	46776	6742971	735755	6748774	1224467	6737199	0.83927	6742971	1.00685	6748774	1.05743	6737199	55734.1499159984	6742971	730749.366837166	6748774	1157965.06624552	6753751	24855	6759554	820298	6765357	1406155	6753751	0.83968	6759554	1.0069	6765357	1.05771	6753751	29600.5621189024	6759554	814676.730559142	6765357	1329433.39856861
58	6840627	57120	6846399	785843	6852202	1029102	6840627	0.8396	6846399	1.00656	6852202	1.05659	6840627	68032.3963792282	6846399	780721.46717533	6852202	973984.232294457	6857179	46962	6862966	733241	6868770	1212396	6857179	0.83935	6862966	1.0059	6868770	1.05672	6857179	55950.4378388038	6862966	728940.25251019	6868770	1147320.00908472	6873730	25177	6879518	819833	6885321	1416438	6873730	0.83947	6879518	1.00697	6885321	1.05663	6873730	29991.5422826307	6879518	814158.31653376	6885321	1340524.11913347
59	6960638	57388	6966426	784592	6972229	1018022	6960638	0.83991	6966426	1.00666	6972229	1.05781	6960638	68326.3683013656	6966426	779401.188087338	6972229	962386.439908868	6977205	47562	6982977	731990	6988781	1203366	6977205	0.83991	6982977	1.00664	6988781	1.05684	6977205	56627.4958031218	6982977	727161.646666137	6988781	1138645.39570796	6993757	25270	6999545	821819	7005348	1422997	6993757	0.83941	6999545	1.00645	7005348	1.05679	6993757	30104.478145364	6999545	816552.238064484	7005348	1346527.69235137
60	7080649	57723	7086437	783535	7092256	1007921	7080649	0.84007	7086437	1.00709	7092256	1.05752	7080649	68712.1311319295	7086437	778018.846379172	7092256	953098.759361525	7097232	48132	7103004	731003	7108823	1196798	7097232	0.83997	7103004	1.00653	7108823	1.05847	7097232	57302.0465016608	7103004	726260.518812157	7108823	1130686.74596351	7113799	25762	7119587	818601	7125390	1433113	7113799	0.83933	7119587	1.00591	7125390	1.05734	7113799	30693.529362706	7119587	813791.492280621	7125390	1355394.66964269
61	7200660	57435	7206448	781812	7212251	995099	7200660	0.83915	7206448	1.0073	7212251	1.05741	7200660	68444.2590716797	7206448	776146.13322744	7212251	941072.053413529	7217227	48337	7222999	726056	7228803	1182346	7217227	0.8396	7222999	1.00641	7228803	1.05732	7217227	57571.4626012387	7222999	721431.623294681	7228803	1118248.0233042	7233779	25974	7239567	819936	7245370	1435863	7233779	0.83934	7239567	1.00638	7245370	1.05696	7233779	30945.7430838516	7239567	814737.971740297	7245370	1358483.76475931
62	7320671	58326	7326459	785068	7332262	981470	7320671	0.84041	7326459	1.00725	7332262	1.05759	7320671	69401.8395783011	7326459	779417.225117895	7332262	928025.038058227	7337238	49278	7343026	727671	7348814	1171806	7337238	0.83993	7343026	1.00755	7348814	1.05736	7337238	58669.1748121867	7343026	722218.252195921	7348814	1108237.49716274	7353790	26135	7359578	820518	7365381	1438211	7353790	0.83956	7359578	1.00675	7365381	1.05739	7353790	31129.4011148697	7359578	815016.637695555	7365381	1360151.88341104
63	7440682	58999	7446470	782754	7452273	971394	7440682	0.83925	7446470	1.00695	7452273	1.05774	7440682	70299.672326482	7446470	777351.407716371	7452273	918367.4627035	7457249	49475	7463037	725879	7468825	1159299	7457249	0.83992	7463037	1.00704	7468825	1.05755	7457249	58904.4194685208	7463037	720804.536066095	7468825	1096211.99943265	7473817	26736	7479604	821691	7485407	1440539	7473817	0.83995	7479604	1.00707	7485407	1.05695	7473817	31830.4660991726	7479604	815922.428430993	7485407	1362920.6679597
64	7560693	59061	7566481	786162	7572284	960047	7560693	0.83933	7566481	1.00614	7572284	1.05709	7560693	70366.8402177928	7566481	781364.42244618	7572284	908197.977466441	7577260	49526	7583048	722755	7588851	1146693	7577260	0.83985	7583048	1.00686	7588851	1.05742	7577260	58970.054176341	7583048	717830.68152474	7588851	1084425.29931342	7593828	26975	7599615	819918	7605418	1435011	7593828	0.83966	7599615	1.00715	7605418	1.05677	7593828	32126.098658981	7599615	814097.204984362	7605418	1357921.78051989
65	7680704	59595	7686492	784166	7692295	946939	7680704	0.83979	7686492	1.00649	7692295	1.05715	7680704	70964.169613832	7686492	779109.578833372	7692295	895747.055763137	7697271	49991	7703075	722715	7708862	1135767	7697271	0.84011	7703075	1.00706	7708862	1.05745	7697271	59505.3028770042	7703075	717648.402279904	7708862	1074062.13059719	7713854	27378	7719642	820417	7725445	1429592	7713854	0.84008	7719642	1.00732	7725445	1.05771	7713854	32589.7533568232	7719642	814455.188023667	7725445	1351591.64610337
66	7800715	60241	7806503	783477	7812306	935336	7800715	0.83963	7806503	1.00721	7812306	1.05816	7800715	71747.079070543	7806503	777868.567627406	7812306	883926.816360475	7817298	50751	7823070	720528	7828873	1124474	7817298	0.83987	7823070	1.00719	7828873	1.05681	7817298	60427.2089728172	7823070	715384.386262771	7828873	1064026.6462278	7833850	28119	7839637	820994	7845440	1424142	7833850	0.84041	7839637	1.00858	7845440	1.05766	7833850	33458.6689829964	7839637	814009.795950743	7845440	1346502.65680843
67	7920726	60421	7926514	784626	7932317	925088	7920726	0.83989	7926514	1.00657	7932317	1.05741	7920726	71939.1825119956	7926514	779504.654420458	7932317	874862.163210108	7937293	50839	7943081	719862	7948884	1114250	7937293	0.84011	7943081	1.00739	7948884	1.05742	7937293	60514.6945042911	7943081	714581.244602388	7948884	1053744.01846003	7953845	28257	7959633	818988	7965436	1419828	7953845	0.8403	7959633	1.00704	7965436	1.05786	7953845	33627.2759728668	7959633	813262.631077216	7965436	1342170.04140434
68	8040737	60870	8046509	785521	8052312	913987	8040737	0.83956	8046509	1.00757	8052312	1.05762	8040737	72502.2630901901	8046509	779619.282034995	8052312	864192.24296061	8057289	51332	8063076	717902	8068880	1101845	8057289	0.83963	8063076	1.00721	8068880	1.05743	8057289	61136.4529614235	8063076	712762.978921973	8068880	1042002.78032588	8073840	29041	8079628	818041	8085431	1408647	8073840	0.83986	8079628	1.00768	8085431	1.05787	8073840	34578.3821113043	8079628	811806.327405526	8085431	1331588.00230652
69	8160748	61311	8166536	786947	8172339	907033	8160748	0.83996	8166536	1.00733	8172339	1.05743	8160748	72992.7615600743	8166536	781220.652616323	8172339	857771.199984869	8177315	51584	8183103	714549	8188891	1092074	8177315	0.84001	8183103	1.00772	8188891	1.05831	8177315	61408.7927524672	8183103	709074.941451991	8188891	1031903.69551455	8193867	29240	8199655	818353	8205442	1394465	8193867	0.8405	8199655	1.00706	8205442	1.05768	8193867	34788.8161808447	8199655	812615.931523445	8205442	1318418.61432569
70	8280759	61493	8286547	783596	8292350	899672	8280759	0.83996	8286547	1.00729	8292350	1.05804	8280759	73209.4385446926	8286547	777924.927280128	8292350	850319.458621602	8297326	51972	8303114	715386	8308917	1082198	8297326	0.84031	8303114	1.00811	8308917	1.05828	8297326	61848.6034915686	8303114	709630.893454087	8308917	1022600.82397853	8313894	30709	8319681	818329	8325485	1380521	8313894	0.84044	8319681	1.00702	8325485	1.05737	8313894	36539.1937556518	8319681	812624.376874342	8325485	1305617.71187002
71	8400770	61911	8406558	783965	8412361	894285	8400770	0.84042	8406558	1.0082	8412361	1.05794	8400770	73666.7380595417	8406558	777588.772069034	8412361	845307.862449666	8417337	51998	8423125	714275	8428928	1072345	8417337	0.84051	8423125	1.00812	8428928	1.05814	8417337	61864.8201687071	8423125	708521.802959965	8428928	1013424.49959363	8433905	30982	8439692	819589	8445496	1373468	8433905	0.84067	8439692	1.00852	8445496	1.05806	8433905	36853.9379304602	8439692	812665.093404196	8445496	1298100.29676956
72	8520781	61980	8526569	784972	8532372	886574	8520781	0.84001	8526569	1.00776	8532372	1.05863	8520781	73784.8358948108	8526569	778927.522425974	8532372	837472.960335528	8537348	52518	8543121	714721	8548924	1067097	8537348	0.83986	8543121	1.00816	8548924	1.05807	8537348	62531.8505465197	8543121	708936.081574353	8548924	1008531.57163515	8553900	31470	8559672	820542	8565475	1361125	8553900	0.84057	8559672	1.00826	8565475	1.05827	8553900	37438.8807594846	8559672	813819.848055065	8565475	1286179.33041662
73	8640792	62006	8646580	784678	8652383	884029	8640792	0.84074	8646580	1.00806	8652383	1.05809	8640792	73751.6949354141	8646580	778404.063250203	8652383	835495.090209718	8657344	52670	8663132	709987	8668935	1056941	8657344	0.84038	8663132	1.00825	8668935	1.05867	8657344	62674.0284157167	8663132	704177.535333499	8668935	998366.818744274	8673911	32331	8679683	819230	8685486	1343796	8673911	0.84082	8679683	1.00837	8685486	1.05922	8673911	38451.7494826479	8679683	812429.961224551	8685486	1268665.6218727
74	8760803	63175	8766591	785634	8772394	875533	8760803	0.84076	8766591	1.00826	8772394	1.05866	8760803	75140.3492078596	8766591	779197.82595759	8772394	827020.006423214	8777371	53041	8783158	711974	8788961	1048309	8777371	0.84106	8783158	1.008	8788961	1.05837	8777371	63064.4662687561	8783158	706323.412698413	8788961	990493.872653231	8793938	33066	8799710	815331	8805529	1328048	8793938	0.84139	8799710	1.00774	8805529	1.05873	8793938	39299.2548045496	8799710	809068.807430488	8805529	1254378.35897727
75	8880814	63090	8886602	781224	8892405	869844	8880814	0.84032	8886602	1.00829	8892405	1.05892	8880814	75078.541507997	8886602	774800.900534569	8892405	821444.490613078	8897382	52970	8903154	709617	8908957	1043229	8897382	0.84006	8903154	1.00842	8908957	1.05858	8897382	63055.0198795324	8903154	703691.914083418	8908957	985498.497987871	8913949	34083	8919721	818609	8925524	1310833	8913949	0.84098	8919721	1.00819	8925524	1.05839	8913949	40527.7176627268	8919721	811959.055336792	8925524	1238516.04795964
76	9000825	63070	9006613	784013	9012416	867466	9000825	0.84143	9006613	1.00764	9012416	1.05855	9000825	74955.7301260949	9006613	778068.5562304	9012416	819485.144773511	9017393	53078	9023180	709732	9028983	1035125	9017393	0.84035	9023180	1.0077	9028983	1.05859	9017393	63161.7778306658	9023180	704308.822070061	9028983	977833.7222154	9033944	34629	9039732	817930	9045519	1296419	9033944	0.8404	9039732	1.00805	9045519	1.05841	9033944	41205.3783912423	9039732	811398.244134715	9045519	1224874.10360824
77	9120836	63051	9126624	783411	9132427	862795	9120836	0.8406	9126624	1.00769	9132427	1.05792	9120836	75007.1377587438	9126624	777432.54373865	9132427	815557.887174834	9137404	53117	9143191	703813	9148994	1027583	9137404	0.84045	9143191	1.0077	9148994	1.05811	9137404	63200.666309715	9143191	698435.050114121	9148994	971149.502414683	9153971	35476	9159743	819380	9165546	1279680	9153971	0.84083	9159743	1.00786	9165546	1.05833	9153971	42191.6439708383	9159743	812989.899390788	9165546	1209150.2650402
78	9240847	63112	9246635	781975	9252438	855949	9240847	0.83989	9246635	1.00791	9252438	1.05841	9240847	75143.1735108169	9246635	775838.120467105	9252438	808712.12479096	9257415	53399	9263187	704455	9268990	1020447	9257415	0.84113	9263187	1.00876	9268990	1.05833	9257415	63484.8358755484	9263187	698337.56294857	9268990	964204.92662969	9273951	36175	9279738	816589	9285541	1259229	9273951	0.84112	9279738	1.00699	9285541	1.05766	9273951	43008.1320144569	9279738	810920.664554762	9285541	1190580.14862999
79	9360858	63437	9366646	780114	9372449	850570	9360858	0.84097	9366646	1.00687	9372449	1.05768	9360858	75433.1307894455	9366646	774791.184562059	9372449	804184.630512064	9377426	53909	9383213	702739	9389016	1014103	9377426	0.84065	9383213	1.00725	9389016	1.0577	9377426	64127.7582822816	9383213	697680.814097791	9389016	958781.317954052	9393977	37221	9399749	817150	9405552	1242859	9393977	0.84055	9399749	1.00769	9405552	1.05833	9393977	44281.7203021831	9399749	810914.070795582	9405552	1174358.65939735
80	9480869	63532	9486657	780270	9492476	850012	9480869	0.84022	9486657	1.00747	9492476	1.05871	9480869	75613.529789817	9486657	774484.600037718	9492476	802875.197173919	9497437	53583	9503209	702569	9509012	1005821	9497437	0.84035	9503209	1.00828	9509012	1.0583	9497437	63762.7179151544	9503209	696799.50013885	9509012	950411.981479732	9513988	37497	9519776	817514	9525579	1225904	9513988	0.84094	9519776	1.00709	9525579	1.05854	9513988	44589.388065736	9519776	811758.631304054	9525579	1158108.33789937
81	9600880	63510	9606668	780976	9612471	845208	9600880	0.84045	9606668	1.00849	9612471	1.0585	9600880	75566.6607174728	9606668	774401.3326855	9612471	798495.98488427	9617448	54225	9623220	703528	9629023	1000268	9617448	0.84071	9623220	1.00821	9629023	1.05803	9617448	64499.0543707105	9623220	697799.06963827	9629023	945406.084893623	9633999	38202	9639771	817088	9645574	1210153	9633999	0.84086	9639771	1.00869	9645574	1.05883	9633999	45432.0576552577	9639771	810048.676996897	9645574	1142915.29329543
82	9720891	63649	9726663	779302	9732467	841818	9720891	0.84018	9726663	1.00794	9732467	1.05871	9720891	75756.3855364327	9726663	773163.085104272	9732467	795135.589538212	9737443	54389	9743231	699952	9749034	991250	9737443	0.8403	9743231	1.00823	9749034	1.05888	9737443	64725.6932048078	9743231	694238.41782133	9749034	936130.628588697	9754010	38793	9759798	816201	9765601	1191008	9754010	0.84077	9759798	1.00817	9765601	1.05884	9754010	46139.8479964794	9759798	809586.676850135	9765601	1124823.39163613
83	9840902	64298	9846674	781791	9852493	838802	9840902	0.84077	9846674	1.0081	9852493	1.05879	9840902	76475.1358873414	9846674	775509.374070033	9852493	792226.976076465	9857470	54758	9863242	700973	9869060	984539	9857470	0.84026	9863242	1.00775	9869060	1.05861	9857470	65167.9242139338	9863242	695582.237658149	9869060	930029.944927783	9874037	39870	9879809	814854	9885612	1176846	9874037	0.84041	9879809	1.00803	9885612	1.05917	9874037	47441.1299246796	9879809	808362.846343859	9885612	1111102.08937187
84	9960913	64364	9966701	780631	9972504	832006	9960913	0.84153	9966701	1.00847	9972504	1.05872	9960913	76484.4984730194	9966701	774074.588237627	9972504	785860.284116669	9977465	54743	9983253	704421	9989071	977261	9977465	0.84078	9983253	1.00802	9989071	1.05947	9977465	65109.7790147244	9983253	698816.491736275	9989071	922405.542393838	9994048	40274	9999835	815518	10005623	1163630	9994048	0.84053	9999835	1.00817	10005623	1.0593	9994048	47915.0060081139	9999835	808909.211740084	10005623	1098489.56858303
85	10080924	64093	10086712	781151	10092531	833316	10080924	0.84071	10086712	1.00798	10092531	1.05855	10080924	76236.7522689156	10086712	774966.765213596	10092531	787224.032875159	10097507	55262	10103279	707228	10109082	969625	10097507	0.84044	10103279	1.00843	10109082	1.05829	10097507	65753.6528485079	10103279	701315.906904793	10109082	916218.616825256	10114059	40735	10119846	817051	10125665	1148318	10114059	0.84049	10119846	1.00795	10125665	1.05873	10114059	48465.7759164297	10119846	810606.676918498	10125665	1084618.363511
86	10200935	64600	10206723	779386	10212526	829283	10200935	0.84066	10206723	1.00724	10212526	1.05862	10200935	76844.3841743392	10206723	773783.80524999	10212526	783362.301864692	10217503	55635	10223290	708777	10229078	959904	10217503	0.84047	10223290	1.00739	10229078	1.0587	10217503	66195.1051197544	10223290	703577.561818164	10229078	906681.779540946	10234054	41573	10239842	813264	10245645	1132307	10234054	0.8402	10239842	1.00754	10245645	1.0582	10234054	49479.8857414901	10239842	807177.878793894	10245645	1070031.18503119
87	10320946	64582	10326734	778819	10332537	827347	10320946	0.84033	10326734	1.0076	10332537	1.05882	10320946	76853.1410279295	10326734	772944.620881302	10332537	781385.882397386	10337514	55668	10343301	711525	10349104	950969	10337514	0.84045	10343301	1.00738	10349104	1.05815	10337514	66235.9450294485	10343301	706312.414381862	10349104	898709.067712517	10354081	42145	10359868	815503	10365672	1117690	10354081	0.84032	10359868	1.00844	10365672	1.05885	10354081	50153.5129474486	10359868	808677.759708064	10365672	1055569.72186806
88	10440957	64993	10446745	778040	10452548	820516	10440957	0.8396	10446745	1.00719	10452548	1.05777	10440957	77409.4807050977	10446745	772485.826904556	10452548	775703.602862626	10457525	56090	10463312	717700	10469115	943220	10457525	0.84052	10463312	1.00669	10469115	1.05842	10457525	66732.4989292343	10463312	712930.494988527	10469115	891158.519302356	10474092	42628	10479864	814252	10485667	1103668	10474092	0.84012	10479864	1.00775	10485667	1.05781	10474092	50740.3704232729	10479864	807990.076903994	10485667	1043351.83066902
89	10560968	64577	10566756	778459	10572559	819453	10560968	0.84015	10566756	1.00677	10572559	1.0573	10560968	76863.6552996489	10566756	773224.271680722	10572559	775043.034143573	10577536	56392	10583323	720991	10589126	935009	10577536	0.84023	10583323	1.00711	10589126	1.05824	10577536	67114.956619021	10583323	715900.944286126	10589126	883550.990323556	10594103	43969	10599906	814008	10605694	1091757	10594103	0.84004	10599906	1.00746	10605694	1.05754	10594103	52341.5551640398	10599906	807980.465725687	10605694	1032355.27734176
90	10680979	65237	10686767	777302	10692570	817330	10680979	0.83926	10686767	1.0062	10692570	1.05661	10680979	77731.573052451	10686767	772512.422977539	10692570	773539.905925554	10697547	56914	10703334	726614	10709138	925351	10697547	0.83951	10703334	1.00606	10709138	1.05667	10697547	67794.3085847697	10703334	722237.242311592	10709138	875723.735887268	10714114	44112	10719902	814253	10725705	1078069	10714114	0.83972	10719902	1.00577	10725705	1.05641	10714114	52531.7963130567	10719902	809581.71351303	10725705	1020502.45643263
91	10800990	65053	10806778	778816	10812581	816930	10800990	0.83931	10806778	1.00628	10812581	1.05726	10800990	77507.714670384	10806778	773955.559088922	10812581	772685.999659497	10817558	57179	10823345	732388	10829149	918518	10817558	0.83996	10823345	1.00674	10829149	1.05704	10817558	68073.479689509	10823345	727484.752766355	10829149	868952.925149474	10834125	44785	10839897	811673	10845700	1064081	10834125	0.83859	10839897	1.00604	10845700	1.05669	10834125	53405.1204998867	10839897	806799.928432269	10845700	1006994.48277167
92	10921001	64897	10926773	777569	10932592	813620	10921001	0.83916	10926773	1.00688	10932592	1.057	10921001	77335.6690023357	10926773	772255.879548705	10932592	769744.560075686	10937569	57651	10943356	736754	10949160	911085	10937569	0.83903	10943356	1.00586	10949160	1.05744	10937569	68711.4882662122	10943356	732461.774004335	10949160	861594.984112574	10954136	45489	10959924	811470	10965727	1052744	10954136	0.83981	10959924	1.0058	10965727	1.05678	10954136	54165.8232219193	10959924	806790.61443627	10965727	996180.851265164
93	11041012	65368	11046800	776718	11052603	810282	11041012	0.83996	11046800	1.0062	11052603	1.05659	11041012	77822.7534644507	11046800	771932.021466905	11052603	766884.032595425	11057580	58118	11063367	745379	11069171	903561	11057580	0.83951	11063367	1.00669	11069171	1.0578	11057580	69228.4785172303	11063367	740425.553050095	11069171	854188.8825865	11074147	45274	11079935	813978	11085738	1043477	11074147	0.84013	11079935	1.00791	11085738	1.05777	11074147	53889.2790401485	11079935	807589.963389589	11085738	986487.61072823
94	11161024	65646	11166811	776315	11172614	810795	11161024	0.83962	11166811	1.00585	11172614	1.05867	11161024	78185.3695719492	11166811	771799.970174479	11172614	765861.883306413	11177575	58589	11183363	753917	11189166	898317	11177575	0.83968	11183363	1.0072	11189166	1.05759	11177575	69775.390625	11183363	748527.60127085	11189166	849400.051059484	11194142	46059	11199930	812227	11205733	1031589	11194142	0.83978	11199930	1.00713	11205733	1.05727	11194142	54846.5074186096	11199930	806476.820271465	11205733	975710.083516983
95	11281035	65389	11286822	776183	11292625	807990	11281035	0.83935	11286822	1.00723	11292625	1.05751	11281035	77904.3307321141	11286822	770611.479006781	11292625	764049.512534161	11297602	58862	11303389	758538	11309193	890149	11297602	0.84007	11303389	1.00703	11309193	1.05795	11297602	70067.9705262657	11303389	753242.70379234	11309193	841390.424878302	11314185	46625	11319988	811718	11325791	1025591	11314185	0.84065	11319988	1.00684	11325791	1.0576	11314185	55463.0345565931	11319988	806203.567597632	11325791	969734.30408472
96	11401046	65368	11406833	776849	11412636	806141	11401046	0.83928	11406833	1.0067	11412636	1.05795	11401046	77885.8068820894	11406833	771678.752359193	11412636	761984.0257101	11417628	59373	11423400	764727	11429188	881514	11417628	0.83979	11423400	1.00579	11429188	1.05692	11417628	70699.8178115958	11423400	760324.719871941	11429188	834040.419331643	11434164	47645	11439952	811278	11445755	1013395	11434164	0.84013	11439952	1.00653	11445755	1.05657	11434164	56711.4613214622	11439952	806014.723853238	11445755	959136.640260465
97	11521057	65889	11526844	776076	11532663	803890	11521057	0.83942	11526844	1.00668	11532663	1.05681	11521057	78493.4835958162	11526844	770926.212897843	11532663	760675.996631372	11537639	59600	11543411	771089	11549199	876596	11537639	0.83978	11543411	1.00677	11549199	1.05749	11537639	70970.9685870109	11543411	765903.831063699	11549199	828940.22638512	11554175	47897	11559947	811123	11565751	1006325	11554175	0.8389	11559947	1.00615	11565751	1.05773	11554175	57095.0053641674	11559947	806165.084728917	11565751	951400.640995339
98	11641068	66209	11646855	776068	11652658	802946	11641068	0.83891	11646855	1.00569	11652658	1.05647	11641068	78922.6496286848	11646855	771677.156976802	11652658	760027.260594243	11657635	60269	11663422	775037	11669210	870183	11657635	0.83933	11663422	1.00561	11669210	1.05597	11657635	71806.0834236832	11663422	770713.298395998	11669210	824060.34262337	11674186	48342	11679974	811721	11685762	993738	11674186	0.83902	11679974	1.00579	11685762	1.0553	11674186	57617.2200901051	11679974	807048.190974259	11685762	941663.981806122
99	11761079	66299	11766866	776427	11772669	802256	11761079	0.83907	11766866	1.00615	11772669	1.05636	11761079	79014.8616921115	11766866	771681.160860707	11772669	759453.216706426	11777646	60877	11783418	781199	11789221	862919	11777646	0.83885	11783418	1.00563	11789221	1.05577	11777646	72571.973535197	11783418	776825.472589322	11789221	817336.162232304	11794197	48630	11799985	810758	11805788	986573	11794197	0.83906	11799985	1.00597	11805788	1.05655	11794197	57957.7145853693	11799985	805946.499398591	11805788	933768.39714164
100	11881090	66190	11886877	774652	11892680	798843	11881090	0.8392	11886877	1.00571	11892680	1.05595	11881090	78872.7359389895	11886877	770253.850513568	11892680	756515.93351958	11897657	61314	11903444	786650	11909248	855806	11897657	0.83876	11903444	1.00569	11909248	1.05597	11897657	73100.7678000858	11903444	782199.286062306	11909248	810445.372501113	11914208	49367	11919996	811012	11925799	978381	11914208	0.83875	11919996	1.00604	11925799	1.05673	11914208	58857.8241430701	11919996	806142.896902708	11925799	925857.125282712
101	12001101	65963	12006888	776146	12012707	797898	12001101	0.83975	12006888	1.0052	12012707	1.05688	12001101	78550.7591545103	12006888	772130.919220056	12012707	754956.097191734	12017668	61902	12023455	787538	12029259	849193	12017668	0.83876	12023455	1.00559	12029259	1.05563	12017668	73801.8026610711	12023455	783160.13484621	12029259	804441.897255667	12034219	49962	12040007	810133	12045810	971897	12034219	0.83909	12040007	1.00591	12045810	1.05655	12034219	59543.0764280351	12040007	805373.244127208	12045810	919877.904500497
102	12121112	66370	12126899	774116	12132702	797033	12121112	0.83857	12126899	1.00561	12132702	1.05616	12121112	79146.6424985392	12126899	769797.436381897	12132702	754651.757309499	12137679	62396	12143466	789585	12149270	846013	12137679	0.83918	12143466	1.0049	12149270	1.05545	12137679	74353.5355942706	12143466	785734.898994925	12149270	801566.156615662	12154246	50797	12160034	810964	12165837	964972	12154246	0.83879	12160034	1.00516	12165837	1.05607	12154246	60559.8540755135	12160034	806800.907318238	12165837	913738.672625868
103	12241123	66642	12246910	774943	12252729	795839	12241123	0.83848	12246910	1.00484	12252729	1.05545	12241123	79479.5343955729	12246910	771210.341944986	12252729	754028.139656071	12257705	63132	12263477	792586	12269281	842204	12257705	0.83883	12263477	1.00506	12269281	1.05587	12257705	75261.9720324738	12263477	788595.705729011	12269281	797639.860967733	12274241	51124	12280029	811832	12285832	960039	12274241	0.83921	12280029	1.00582	12285832	1.05591	12274241	60919.1978169946	12280029	807134.47734187	12285832	909205.329999716
104	12361134	67312	12366921	774655	12372724	796571	12361134	0.83861	12366921	1.00513	12372724	1.05648	12361134	80266.1547083865	12366921	770701.302319103	12372724	753985.87763138	12377701	63225	12383488	796495	12389292	837304	12377701	0.839	12383488	1.00546	12389292	1.0568	12377701	75357.568533969	12383488	792169.753147813	12389292	792301.286903861	12394268	51608	12400056	812220	12405859	952489	12394268	0.83945	12400056	1.00589	12405859	1.05664	12394268	61478.348918935	12400056	807464.036823112	12405859	901431.897334949
105	12481145	66950	12486932	773254	12492735	794967	12481145	0.83952	12486932	1.00662	12492735	1.05649	12481145	79747.9512102154	12486932	768168.723053387	12492735	752460.506015201	12497712	63501	12503499	799912	12509303	832910	12497712	0.83908	12503499	1.006	12509303	1.05734	12497712	75679.3154407208	12503499	795141.153081511	12509303	787740.934798646	12514279	51693	12520067	809776	12525870	945722	12514279	0.83939	12520067	1.00631	12525870	1.0565	12514279	61584.0074339699	12520067	804698.353390109	12525870	895146.237576905
106	12601156	66691	12606943	772916	12612746	793952	12601156	0.83934	12606943	1.00627	12612746	1.05712	12601156	79456.4777086759	12606943	768100.012918998	12612746	751051.914635992	12617723	64441	12623510	802019	12629314	826972	12617723	0.83959	12623510	1.00623	12629314	1.05688	12617723	76752.9389344799	12623510	797053.357582262	12629314	782465.369767618	12634274	52125	12640062	811548	12645865	942194	12634274	0.83986	12640062	1.00638	12645865	1.05675	12634274	62063.9154144738	12640062	806403.147916294	12645865	891595.930920275
107	12721167	66892	12726954	774912	12732757	794491	12721167	0.83915	12726954	1.00683	12732757	1.05663	12721167	79713.9963057856	12726954	769655.254611007	12732757	751910.318654591	12737734	65154	12743521	803366	12749325	821569	12737734	0.83926	12743521	1.00531	12749325	1.05681	12737734	77632.6764054048	12743521	799122.658682397	12749325	777404.6422725	12754301	52816	12760073	811847	12765876	938488	12754301	0.83926	12760073	1.00601	12765876	1.05624	12754301	62931.6302456926	12760073	806996.948340474	12765876	888517.761114898
108	12841178	67328	12846965	773819	12852768	793664	12841178	0.8385	12846965	1.00535	12852768	1.05702	12841178	80295.7662492546	12846965	769701.099119709	12852768	750850.504247791	12857729	65862	12863517	804405	12869320	820286	12857729	0.83839	12863517	1.00521	12869320	1.05638	12857729	78557.7118047687	12863517	800235.771629809	12869320	776506.560139344	12874297	53147	12880069	810231	12885872	933678	12874297	0.83902	12880069	1.0052	12885872	1.05722	12874297	63344.1395914281	12880069	806039.594110625	12885872	883144.473241142
109	12961189	67480	12966976	774455	12972779	792631	12961189	0.83914	12966976	1.00609	12972779	1.05723	12961189	80415.6636556475	12966976	769767.118249858	12972779	749724.27948507	12977756	66159	12983544	806042	12989331	817812	12977756	0.83959	12983544	1.00582	12989331	1.05771	12977756	78799.1757881823	12983544	801377.980155495	12989331	773191.139348215	12994308	53830	13000095	808310	13005898	927144	12994308	0.83917	13000095	1.00611	13005898	1.05667	12994308	64146.716398346	13000095	803401.218554631	13005898	877420.575960328
110	13081200	67826	13086987	775215	13092790	792231	13081200	0.83927	13086987	1.00667	13092790	1.05787	13081200	80815.4705875344	13086987	770078.575898755	13092790	748892.586045544	13097767	67052	13103555	808864	13109342	816112	13097767	0.8391	13103555	1.00652	13109342	1.05705	13097767	79909.4267667739	13103555	803624.369113381	13109342	772065.654415591	13114334	54135	13120106	811390	13125909	924672	13114334	0.8395	13120106	1.00659	13125909	1.05685	13114334	64484.8123883264	13120106	806077.946333661	13125909	874932.109570895
111	13201211	68048	13206998	775445	13212802	791483	13201211	0.8394	13206998	1.00689	13212802	1.05789	13201211	81067.4291160353	13206998	770138.744053471	13212802	748171.359971264	13217778	66740	13223550	812231	13229353	813232	13217778	0.83952	13223550	1.007	13229353	1.0572	13217778	79497.8082713932	13223550	806584.905660377	13229353	769231.933409005	13234330	54433	13240117	810381	13245920	920490	13234330	0.83956	13240117	1.00597	13245920	1.05641	13234330	64835.1517461527	13240117	805571.736731712	13245920	871337.832848988
112	13321222	67547	13326994	776055	13332813	791813	13321222	0.83946	13326994	1.00603	13332813	1.0569	13321222	80464.8226240679	13326994	771403.437273242	13332813	749184.407228688	13337789	66985	13343577	808032	13349380	811218	13337789	0.8399	13343577	1.00596	13349380	1.05789	13337789	79753.5420883438	13343577	803244.661815579	13349380	766826.418625755	13354356	54847	13360144	813203	13365947	918130	13354356	0.84002	13360144	1.00665	13365947	1.05642	13354356	65292.4930358801	13360144	807830.924353052	13365947	869095.624846179
113	13441233	67650	13447020	774165	13452839	791465	13441233	0.83862	13447020	1.00517	13452839	1.05623	13441233	80668.240681119	13447020	770183.153098481	13452839	749330.164831523	13457816	67315	13463603	807748	13469391	805978	13457816	0.83792	13463603	1.00512	13469391	1.05573	13457816	80335.8315829674	13463603	803633.397007323	13469391	763431.938090231	13474367	54943	13480155	813125	13485942	914413	13474367	0.83784	13480155	1.00578	13485942	1.05719	13474367	65576.9598013941	13480155	808452.146592694	13485942	864946.698322913
114	13561244	67836	13567031	774119	13572835	791446	13561244	0.83923	13567031	1.00566	13572835	1.05663	13561244	80831.2381587884	13567031	769762.146252212	13572835	749028.51518507	13577811	67185	13583599	808320	13589402	805205	13577811	0.83891	13583599	1.00623	13589402	1.05668	13577811	80086.0640593151	13583599	803315.345398169	13589402	762014.043986827	13594394	55905	13600166	812248	13605969	909307	13594394	0.83849	13600166	1.00631	13605969	1.05718	13594394	66673.4248470465	13600166	807154.852878338	13605969	860125.049660417
115	13681255	67629	13687042	772903	13692861	791339	13681255	0.83897	13687042	1.00566	13692861	1.05696	13681255	80609.5569567446	13687042	768552.990076169	13692861	748693.422646079	13697822	67103	13703610	809831	13709413	802833	13697822	0.83911	13703610	1.00681	13709413	1.05654	13697822	79969.2531372526	13703610	804353.353661565	13709413	759869.952865012	13714389	56473	13720177	812856	13725980	906826	13714389	0.83891	13720177	1.00524	13725980	1.05569	13714389	67317.1138739555	13720177	808618.837292587	13725980	858988.907728595
116	13801266	68293	13807069	775473	13812872	791262	13801266	0.83934	13807069	1.0061	13812872	1.05697	13801266	81365.1202135011	13807069	770771.295099891	13812872	748613.489503013	13817849	67894	13823621	806625	13829424	799766	13817849	0.83887	13823621	1.00531	13829424	1.05578	13817849	80935.0674121139	13823621	802364.444798122	13829424	757511.981662846	13834385	56592	13840172	812260	13845975	904850	13834385	0.83913	13840172	1.00582	13845975	1.05627	13834385	67441.2784669837	13840172	807560.000795371	13845975	856646.501368021
117	13921277	68148	13927064	775581	13932868	791094	13921277	0.83821	13927064	1.00548	13932868	1.05591	13921277	81301.8217391823	13927064	771353.980188567	13932868	749205.898229963	13937844	68339	13943632	808641	13949435	795944	13937844	0.83914	13943632	1.00635	13949435	1.05718	13937844	81439.3307433801	13943632	803538.530332389	13949435	752893.546983485	13954411	56933	13960183	813587	13965986	903598	13954411	0.83899	13960183	1.00628	13965986	1.05671	13954411	67858.9732893122	13960183	808509.55996343	13965986	855104.995694183
118	14041288	68482	14047091	776292	14052894	790967	14041288	0.83843	14047091	1.00615	14052894	1.05704	14041288	81678.8521403099	14047091	771546.986035879	14052894	748284.833118898	14057855	67876	14063643	808806	14069430	795533	14057855	0.83848	14063643	1.00542	14069430	1.05677	14057855	80951.2451101994	14063643	804445.903204631	14069430	752796.729657352	14074422	57086	14080194	810386	14085997	899983	14074422	0.83823	14080194	1.00548	14085997	1.05617	14074422	68103.0266156067	14080194	805969.288300115	14085997	852119.450467255
119	14161299	68642	14167086	775154	14172905	791115	14161299	0.83923	14167086	1.00546	14172905	1.05706	14161299	81791.6423388106	14167086	770944.642253297	14172905	748410.686242976	14177882	67945	14183654	808840	14189457	790914	14177882	0.83948	14183654	1.00612	14189457	1.05752	14177882	80937.0086243865	14183654	803920.009541605	14189457	747895.075270444	14194449	57811	14200221	814587	14206024	896947	14194449	0.83956	14200221	1.00525	14206024	1.05624	14194449	68858.6878841298	14200221	810332.753046506	14206024	849188.631371658
120	14281310	69040	14287097	777349	14292916	793187	14281310	0.83959	14287097	1.00655	14292916	1.05716	14281310	82230.6125608928	14287097	772290.497243058	14292916	750299.86000227	14297877	68945	14303665	808967	14309452	789512	14297877	0.83912	14303665	1.00608	14309452	1.05729	14297877	82163.4569549051	14303665	804078.20451654	14309452	746731.738690426	14314429	57819	14320216	813686	14326019	897013	14314429	0.83936	14320216	1.00562	14326019	1.05816	14314429	68884.6263820053	14320216	809138.640838488	14326019	847710.176154835
121	14401321	68609	14407108	776051	14412912	793191	14401321	0.8395	14407108	1.00621	14412912	1.05754	14401321	81726.0273972603	14407108	771261.466294313	14412912	750034.041265579	14417904	68315	14423676	807372	14429479	786599	14417904	0.83925	14423676	1.00549	14429479	1.05703	14417904	81400.0595770033	14423676	802963.729127092	14429479	744159.57919832	14434455	58635	14440243	813325	14446030	895562	14434455	0.83887	14440243	1.00576	14446030	1.0566	14434455	69897.600343319	14440243	808667.077632835	14446030	847588.491387469
122	14521332	69091	14527104	776416	14532938	792595	14521332	0.83889	14527104	1.00586	14532938	1.05672	14521332	82360.0233642075	14527104	771892.708726861	14532938	750052.047846166	14537899	68507	14543687	807839	14549490	783825	14537899	0.83896	14543687	1.00563	14549490	1.05623	14537899	81657.05158768	14543687	803316.329067351	14549490	742096.891775466	14554466	58922	14560254	812076	14566057	892336	14554466	0.83876	14560254	1.00525	14566057	1.05611	14554466	70248.9389098192	14560254	807834.86694852	14566057	844927.138271582
123	14641343	69315	14647130	775011	14652934	792560	14641343	0.83843	14647130	1.0058	14652934	1.056	14641343	82672.3757499135	14647130	770541.857228077	14652934	750530.303030303	14657894	69538	14663666	805475	14669470	780632	14657894	0.83887	14663666	1.00451	14669470	1.05647	14657894	82894.8466389309	14663666	801858.617634468	14669470	738905.979346314	14674446	59158	14680218	813385	14686021	889422	14674446	0.83889	14680218	1.00571	14686021	1.05634	14674446	70519.3767955274	14680218	808766.940768214	14686021	841984.588295435
124	14761354	69109	14767141	775180	14772945	791941	14761354	0.83893	14767141	1.00598	14772945	1.05683	14761354	82377.5523583613	14767141	770571.979562218	14772945	749355.146996206	14777905	69029	14783709	806664	14789512	778411	14777905	0.83914	14783709	1.00525	14789512	1.05727	14777905	82261.6011630956	14783709	802451.131559314	14789512	736246.181202531	14794488	59388	14800276	814137	14806079	888347	14794488	0.83911	14800276	1.00559	14806079	1.0563	14794488	70774.9877846766	14800276	809611.272984019	14806079	840998.769289028
125	14881365	69484	14887152	776766	14892956	794774	14881365	0.83919	14887152	1.00604	14892956	1.05707	14881365	82798.8894052598	14887152	772102.500894597	14892956	751865.060970418	14897932	69647	14903720	810054	14909523	777179	14897932	0.83894	14903720	1.00593	14909523	1.05632	14897932	83017.8558657353	14903720	805278.697324864	14909523	735742.009996971	14914515	59807	14920287	814095	14926090	888249	14914515	0.83932	14920287	1.00547	14926090	1.0563	14914515	71256.4933517609	14920287	809666.126289198	14926090	840905.992615734
126	15001376	69456	15007179	777609	15012982	794310	15001376	0.83923	15007179	1.00508	15012982	1.0563	15001376	82761.5790665253	15007179	773678.712142317	15012982	751973.871059358	15017959	69395	15023746	807551	15029549	773845	15017959	0.83878	15023746	1.00598	15029549	1.05622	15017959	82733.2554424283	15023746	802750.551700829	15029549	732655.128666376	15034526	60137	15040314	813626	15046117	886920	15034526	0.8387	15040314	1.00541	15046117	1.05637	15034526	71702.6350304042	15040314	809247.968490467	15046117	839592.188343099
127	15121387	69464	15127174	776684	15132978	795922	15121387	0.83906	15127174	1.00539	15132978	1.0563	15121387	82787.8816771149	15127174	772520.116571679	15132978	753499.952664963	15137954	69730	15143742	807615	15149545	771123	15137954	0.83872	15143742	1.00522	15149545	1.05574	15137954	83138.5921404044	15143742	803421.141640636	15149545	730409.949419365	15154521	60849	15160293	812567	15166097	886325	15154521	0.83844	15160293	1.00607	15166097	1.05662	15154521	72574.0661227995	15160293	807664.476626875	15166097	838830.421532812
128	15241398	69594	15247185	776302	15252989	794149	15241398	0.83889	15247185	1.00584	15252989	1.0564	15241398	82959.6252190394	15247185	771794.718841963	15252989	751750.28398334	15257965	69886	15263753	808848	15269556	769368	15257965	0.83864	15263753	1.0062	15269556	1.05633	15257965	83332.5383954975	15263753	803864.04293381	15269556	728340.575388373	15274548	60743	15280320	813922	15286123	883699	15274548	0.83945	15280320	1.0052	15286123	1.0566	15274548	72360.4741199595	15280320	809711.500198965	15286123	836360.969146318
129	15361409	69711	15367196	777579	15373000	796230	15361409	0.8396	15367196	1.00594	15373000	1.05716	15361409	83028.8232491663	15367196	772987.45452015	15373000	753178.326837943	15377976	70096	15383764	808825	15389567	769921	15377976	0.83954	15383764	1.00588	15389567	1.05697	15377976	83493.3415918241	15383764	804096.910168211	15389567	728422.755612742	15394543	60945	15400331	815998	15406119	883274	15394543	0.83852	15400331	1.00617	15406119	1.05602	15394543	72681.629537757	15400331	810994.165995806	15406119	836417.870873658
130	15481420	69888	15487208	778600	15493011	798566	15481420	0.83861	15487208	1.00681	15493011	1.05704	15481420	83337.9043894063	15487208	773333.598196283	15493011	755473.775826837	15497987	70302	15503775	809840	15509578	766738	15497987	0.83854	15503775	1.00598	15509578	1.0572	15497987	83838.5765735684	15503775	805025.944849798	15509578	725253.499810821	15514554	61478	15520342	815069	15526145	883052	15514554	0.83882	15520342	1.00586	15526145	1.05622	15514554	73291.0517155051	15520342	810320.521742588	15526145	836049.307909337
131	15601431	69787	15607219	778984	15613022	799471	15601431	0.83834	15607219	1.00567	15613022	1.0567	15601431	83244.2684352411	15607219	774592.063002774	15613022	756573.294217848	15617998	70413	15623786	809097	15629605	763942	15617998	0.83883	15623786	1.00625	15629605	1.05711	15617998	83941.9191016058	15623786	804071.552795031	15629605	722670.299212003	15634565	61580	15640353	812558	15646156	881252	15634565	0.83907	15640353	1.00485	15646156	1.05598	15634565	73390.7778850394	15640353	808636.114843011	15646156	834534.744976231
132	15721442	69924	15727230	776571	15733033	797579	15721442	0.83841	15727230	1.0054	15733033	1.05622	15721442	83400.7227967224	15727230	772400.03978516	15733033	755125.826058965	15738009	70751	15743797	807519	15749600	763777	15738009	0.83885	15743797	1.00535	15749600	1.05663	15738009	84342.85033081	15743797	803221.763564928	15749600	722842.43301818	15754576	62007	15760364	812231	15766167	882008	15754576	0.8386	15760364	1.00423	15766167	1.05691	15754576	73941.092296685	15760364	808809.734821704	15766167	834515.710893075
133	15841453	70275	15847241	775194	15853044	799501	15841453	0.83888	15847241	1.00493	15853044	1.05689	15841453	83772.4108334923	15847241	771391.042162141	15853044	756465.668139541	15858005	71137	15863792	809177	15869595	762708	15858005	0.83896	15863792	1.00524	15869595	1.05679	15858005	84791.8851911891	15863792	804959.014762644	15869595	721721.439453439	15874572	62628	15880359	815211	15886147	881795	15874572	0.83902	15880359	1.00602	15886147	1.05662	15874572	74644.227789564	15880359	810332.796564681	15886147	834543.165944237
134	15961464	70462	15967236	776988	15973055	801244	15961464	0.83883	15967236	1.006	15973055	1.05653	15961464	84000.3337982666	15967236	772353.876739563	15973055	758373.164983484	15978031	70444	15983819	807654	15989622	761333	15978031	0.83878	15983819	1.00596	15989622	1.057	15978031	83983.8813514867	15983819	802868.901347966	15989622	720277.199621571	15994598	62715	16000386	815782	16006189	880771	15994598	0.83858	16000386	1.00557	16006189	1.0569	15994598	74787.1401655179	16000386	811263.263621628	16006189	833353.202762797
135	16081475	70206	16087263	776070	16093066	800732	16081475	0.83821	16087263	1.005	16093066	1.05613	16081475	83757.0537216211	16087263	772208.955223881	16093066	758175.603382159	16098042	71179	16103814	807250	16109633	757644	16098042	0.83838	16103814	1.00466	16109633	1.05642	16098042	84900.6417137813	16103814	803505.663607589	16109633	717180.666780258	16114594	63458	16120381	814843	16126185	883255	16114594	0.83828	16120381	1.0049	16126185	1.0569	16114594	75700.2433554421	16120381	810869.738282416	16126185	835703.47241934
136	16201486	70047	16207274	777358	16213077	803609	16201486	0.83939	16207274	1.00544	16213077	1.05705	16201486	83449.8862269029	16207274	773152.052832591	16213077	760237.453289816	16218053	70996	16223841	805413	16229644	755425	16218053	0.83871	16223841	1.00503	16229644	1.05666	16218053	84649.0443657522	16223841	801382.048297066	16229644	714917.7597335	16234636	63336	16240408	817094	16246211	881213	16234636	0.83858	16240408	1.00515	16246211	1.05644	16234636	75527.677740943	16240408	812907.526239865	16246211	834134.451554277
137	16321497	70393	16327285	776235	16333088	804325	16321497	0.83873	16327285	1.00475	16333088	1.05621	16321497	83928.0817426347	16327285	772565.314754914	16333088	761519.962886169	16338064	71220	16343852	808331	16349655	755707	16338064	0.83891	16343852	1.00473	16349655	1.05686	16338064	84895.8767925046	16343852	804525.593940661	16349655	715049.296974055	16354631	63814	16360419	815166	16366222	878733	16354631	0.83842	16360419	1.00586	16366222	1.05618	16354631	76112.2110636674	16360419	810416.956634124	16366222	831991.705959211
138	16441508	70363	16447296	777911	16453099	805979	16441508	0.83814	16447296	1.00514	16453099	1.05708	16441508	83951.3685064548	16447296	773932.984459876	16453099	762457.902902335	16458075	71205	16463847	809223	16469650	754567	16458075	0.83857	16463847	1.00496	16469650	1.05567	16458075	84912.4104129649	16463847	805229.063843337	16469650	714775.450661665	16474627	64000	16480414	815226	16486218	880399	16474627	0.83842	16480414	1.00536	16486218	1.0556	16474627	76334.0569165812	16480414	810879.684888995	16486218	834027.093596059
139	16561519	70377	16567291	776817	16573110	805338	16561519	0.83781	16567291	1.00603	16573110	1.05595	16561519	84001.1458445232	16567291	772160.869954176	16573110	762666.792935272	16578102	71779	16583874	808102	16589677	754418	16578102	0.8379	16583874	1.00511	16589677	1.05676	16578102	85665.3538608426	16583874	803993.592741093	16589677	713897.195200424	16594669	64517	16600457	816239	16606260	882804	16594669	0.83833	16600457	1.00457	16606260	1.05648	16594669	76958.9541111495	16600457	812525.757289188	16606260	835608.814175375
140	16681530	70931	16687333	776705	16693136	805481	16681530	0.83852	16687333	1.00514	16693136	1.05682	16681530	84590.7074369127	16687333	772733.151600772	16693136	762174.258624931	16698113	72380	16703900	806157	16709704	750732	16698113	0.83865	16703900	1.00473	16709704	1.05654	16698113	86305.371728373	16703900	802361.828550954	16709704	710557.101482197	16714680	64259	16720468	814002	16726271	880760	16714680	0.83864	16720468	1.0049	16726271	1.05616	16714680	76622.8655919107	16720468	810032.839088467	16726271	833926.677776095
141	16801541	70897	16807344	777434	16813147	806693	16801541	0.83829	16807344	1.00442	16813147	1.05529	16801541	84573.3576685873	16807344	774012.863144899	16813147	764427.78762236	16818124	72446	16823896	806655	16829699	750778	16818124	0.83927	16823896	1.00461	16829699	1.05611	16818124	86320.2545068929	16823896	802953.384895631	16829699	710889.964113587	16834675	64489	16840463	815380	16846266	883685	16834675	0.83827	16840463	1.0053	16846266	1.05622	16834675	76931.0603982011	16840463	811081.269272854	16846266	836648.614871902
142	16921552	71107	16927340	777383	16933143	808322	16921552	0.83861	16927340	1.00489	16933143	1.05552	16921552	84791.5002206032	16927340	773600.095532845	16933143	765804.532363195	16938119	72489	16943922	807507	16949710	749348	16938119	0.83809	16943922	1.00456	16949710	1.05656	16938119	86493.0974000406	16943922	803841.482838257	16949710	709233.739683501	16954686	64879	16960458	815138	16966262	882085	16954686	0.8385	16960458	1.00428	16966262	1.05603	16954686	77375.0745378653	16960458	811664.077747242	16966262	835284.035491416
143	17041563	71143	17047351	778408	17053154	810335	17041563	0.83866	17047351	1.00453	17053154	1.05676	17041563	84829.3706627239	17047351	774897.713358486	17053154	766810.817971914	17058130	72647	17063918	809425	17069721	749058	17058130	0.83878	17063918	1.005	17069721	1.05652	17058130	86610.3149812823	17063918	805398.009950249	17069721	708986.105326922	17074697	65536	17080485	815165	17086273	882147	17074697	0.83821	17080485	1.0038	17086273	1.05581	17074697	78185.657532122	17080485	812079.099422196	17086273	835516.80700126
144	17161574	71433	17167362	780425	17173165	811922	17161574	0.8385	17167362	1.00524	17173165	1.05649	17161574	85191.4132379249	17167362	776356.88989694	17173165	768508.930515197	17178126	72806	17183929	807239	17189732	748131	17178126	0.8389	17183929	1.00502	17189732	1.05589	17178126	86787.4597687448	17183929	803206.901355197	17189732	708531.191696105	17194709	65944	17200496	821325	17206299	883578	17194709	0.83875	17200496	1.00541	17206299	1.05572	17194709	78621.7585692996	17200496	816905.541023065	17206299	836943.507748267
145	17281585	71139	17287373	778727	17293176	811662	17281585	0.838	17287373	1.00442	17293176	1.05555	17281585	84891.4081145585	17287373	775300.173234304	17293176	768946.994457866	17298168	72799	17303940	808351	17309743	745818	17298168	0.83857	17303940	1.00488	17309743	1.05527	17298168	86813.2654399752	17303940	804425.404028342	17309743	706755.617045875	17314720	65547	17320507	815281	17326326	884762	17314720	0.83791	17320507	1.00435	17326326	1.05658	17314720	78226.7785323006	17320507	811749.887987255	17326326	837382.876829015
146	17401596	71473	17407384	775720	17413187	813786	17401596	0.83825	17407384	1.00446	17413187	1.056	17401596	85264.5392186102	17407384	772275.650598331	17413187	770630.681818182	17418163	72535	17423951	808339	17429754	746463	17418163	0.8385	17423951	1.00422	17429754	1.05605	17418163	86505.6648777579	17423951	804942.14415168	17429754	706844.372899011	17434746	66159	17440534	815038	17446337	884597	17434746	0.83798	17440534	1.00409	17446337	1.05497	17434746	78950.5716126877	17440534	811718.073081098	17446337	838504.412447747
147	17521607	71717	17527395	779125	17533213	814244	17521607	0.83814	17527395	1.00476	17533213	1.05506	17521607	85566.8504068533	17527395	775433.934471914	17533213	771751.369590355	17538190	73241	17543962	808152	17549765	745475	17538190	0.8376	17543962	1.00384	17549765	1.05504	17538190	87441.4995224451	17543962	805060.567421103	17549765	706584.584470731	17554742	66406	17560529	813843	17566332	884284	17554742	0.83804	17560529	1.00321	17566332	1.05499	17554742	79239.6544317694	17560529	811238.923056987	17566332	838191.831202191
148	17641618	71697	17647390	777312	17653209	818030	17641618	0.83831	17647390	1.00446	17653209	1.05647	17641618	85525.6408727082	17647390	773860.581805149	17653209	774304.996829063	17658185	73144	17663973	809512	17669776	746224	17658185	0.8381	17663973	1.00507	17669776	1.05594	17658185	87273.5950363918	17663973	805428.477618474	17669776	706691.668087202	17674753	66645	17680525	817123	17686328	887395	17674753	0.83805	17680525	1.00489	17686328	1.05656	17674753	79523.8947556828	17680525	813146.712575506	17686328	839890.77761793
149	17761629	71747	17767401	777252	17773204	818363	17761629	0.83833	17767401	1.00513	17773204	1.05476	17761629	85583.2428757172	17767401	773285.047705272	17773204	775876.028670029	17778196	73225	17783984	806508	17789787	741499	17778196	0.83774	17783984	1.00396	17789787	1.05535	17778196	87407.7876190704	17783984	803326.825769951	17789787	702609.56080921	17794779	66516	17800567	814994	17806386	885314	17794779	0.83838	17800567	1.00509	17806386	1.05562	17794779	79338.7246833178	17800567	810866.688555254	17806386	838667.323468672
150	17881640	71050	17887428	777143	17893231	819023	17881640	0.83823	17887428	1.00462	17893231	1.0556	17881640	84761.9388473331	17887428	773569.110708527	17893231	775883.857521789	17898207	72934	17903995	807127	17909798	741524	17898207	0.83763	17903995	1.00412	17909798	1.05575	17898207	87071.857502716	17903995	803815.281042106	17909798	702367.037650959	17914775	67377	17920562	814557	17926365	885177	17914775	0.83816	17920562	1.00359	17926365	1.05528	17914775	80386.7996563902	17920562	811643.200908738	17926365	838807.709802138
151	18001651	71367	18007439	775439	18013242	821754	18001651	0.83761	18007439	1.00436	18013242	1.05622	18001651	85203.1374983584	18007439	772072.762754391	18013242	778014.050103198	18018218	73499	18024006	806223	18029809	743477	18018218	0.83714	18024006	1.00374	18029809	1.05516	18018218	87797.7399240271	18024006	803218.96108554	18029809	704610.67515827	18034786	67545	18040558	815715	18046361	887476	18034786	0.83753	18040558	1.00454	18046361	1.05561	18034786	80647.8573901831	18040558	812028.391104386	18046361	840723.373215487
152	18121662	72127	18127450	777753	18133269	823190	18121662	0.83724	18127450	1.00417	18133269	1.05586	18121662	86148.5356648034	18127450	774523.238097135	18133269	779639.346125433	18138245	73431	18144017	806945	18149820	741236	18138245	0.83774	18144017	1.00437	18149820	1.05585	18138245	87653.6873015494	18144017	803433.99344863	18149820	702027.750153904	18154797	67344	18160584	818855	18166387	888228	18154797	0.83814	18160584	1.00507	18166387	1.05512	18154797	80349.3449781659	18160584	814724.347557882	18166387	841826.522101752
153	18241673	71810	18247461	777711	18253264	825211	18241673	0.83801	18247461	1.00464	18253264	1.05566	18241673	85691.1015381678	18247461	774119.087434305	18253264	781701.494799462	18258225	73735	18264012	805812	18269816	740454	18258225	0.83808	18264012	1.00394	18269816	1.05546	18258225	87980.8610156548	18264012	802649.560730721	18269816	701546.245239043	18274808	68165	18280580	816708	18286383	891281	18274808	0.83758	18280580	1.00403	18286383	1.05563	18274808	81383.2708517396	18280580	813429.877593299	18286383	844311.927474589
154	18361684	72300	18367472	776417	18373275	824612	18361684	0.83796	18367472	1.00349	18373275	1.05542	18361684	86280.9680653015	18367472	773716.728617126	18373275	781311.70529268	18378251	73859	18384039	806975	18389842	739102	18378251	0.83808	18384039	1.00424	18389842	1.0561	18378251	88128.8182512409	18384039	803567.87222178	18389842	699840.92415491	18394819	68389	18400606	816106	18406409	888597	18394819	0.8373	18400606	1.00351	18406409	1.05491	18394819	81678.0126597396	18400606	813251.487279649	18406409	842343.896635732
155	18481695	71498	18487467	774709	18493270	824788	18481695	0.83789	18487467	1.0025	18493270	1.05497	18481695	85331.010037117	18487467	772777.057356609	18493270	781811.805075026	18498247	74077	18504034	806146	18509838	739992	18498247	0.83786	18504034	1.00382	18509838	1.05647	18498247	88412.1452271263	18504034	803078.241118926	18509838	700438.251914394	18514814	67763	18520602	816308	18526405	891528	18514814	0.83757	18520602	1.0046	18526405	1.05529	18514814	80904.2826271237	18520602	812570.17718495	18526405	844818.012110415
156	18601706	72120	18607494	778134	18613297	827414	18601706	0.83798	18607494	1.00385	18613297	1.05523	18601706	86064.1065419223	18607494	775149.673756039	18613297	784107.730068326	18618289	73986	18624077	806622	18629880	739537	18618289	0.83804	18624077	1.00395	18629880	1.05528	18618289	88284.568755668	18624077	803448.378903332	18629880	700796.944886665	18634856	68356	18640644	819922	18646447	892513	18634856	0.83749	18640644	1.00491	18646447	1.05529	18634856	81620.0790457199	18640644	815915.85316098	18646447	845751.404827109
157	18721717	72413	18727505	781510	18733308	829159	18721717	0.83729	18727505	1.00334	18733308	1.05535	18721717	86484.9693654528	18727505	778908.445791058	18733308	785672.051925901	18738284	74767	18744072	808717	18749875	738879	18738284	0.83764	18744072	1.00385	18749875	1.05594	18738284	89259.1089250752	18744072	805615.380783982	18749875	699735.78044207	18754852	69160	18760655	816842	18766458	893403	18754852	0.83796	18760655	1.00314	18766458	1.05468	18754852	82533.7724951072	18760655	814285.144645812	18766458	847084.423711458
158	18841728	72298	18847516	779692	18853335	832694	18841728	0.83837	18847516	1.00443	18853335	1.05543	18841728	86236.3872753081	18847516	776253.198331392	18853335	788961.84493524	18858311	74278	18864083	807421	18869886	737401	18858311	0.83778	18864083	1.00368	18869886	1.056	18858311	88660.5075318103	18864083	804460.585047027	18869886	698296.401515152	18874847	68721	18880635	817923	18886438	895033	18874847	0.83842	18880635	1.00393	18886438	1.05584	18874847	81964.8863338184	18880635	814721.145896626	18886438	847697.567813305
159	18961739	71593	18967527	778623	18973330	834070	18961739	0.838	18967527	1.00466	18973330	1.05468	18961739	85433.1742243437	18967527	775011.446658571	18973330	790827.549588501	18978306	74001	18984078	808061	18989882	736555	18978306	0.83781	18984078	1.00434	18989882	1.05605	18978306	88326.7089196835	18984078	804569.169803055	18989882	697462.241371147	18994874	69373	19000646	815793	19006449	895312	18994874	0.83803	19000646	1.00434	19006449	1.05576	18994874	82781.0460246053	19000646	812267.757930581	19006449	848026.066530272
160																																																						
161																																																						
162																																																						
163																																																						
164																																																						
165																																																						
166																																																						
167																																																						
168																																																						
169																																																						
170																																																						
171																																																						
172																																																						
173																																																						
174																																																						
175																																																						
176																																																						
177																																																						
178																																																						
179																																																						
180																																																						
181																																																						
182																																																						
183																																																						
184																																																						
185																																																						
186																																																						
187																																																						
188																																																						
189																																																						
190																																																						
191																																																						
192																																																						
193																																																						
194																																																						
195																																																						
196																																																						
197																																																						
198																																																						
199																																																						
200																																																						
201																																																						
202																																																						
203																																																						
204																																																						
205																																																						
206																																																						
207																																																						
208																																																						
209																																																						
210																																																						
211																																																						
212																																																						
213																																																						
214																																																						
215																																																						
216																																																						
217																																																						
218																																																						
219																																																						
220																																																						
221																																																						
222																																																						
223																																																						
224																																																						
225																																																						
226																																																						
227																																																						
228																																																						
229																																																						
230																																																						
231																																																						
232																																																						
233																																																						
234																																																						
235																																																						
236																																																						
237																																																						
238																																																						
239																																																						
240																																																						
241																																																						
242																																																						
243																																																						
244																																																						
245																																																						
246																																																						
247																																																						
248																																																						
249																																																						
250																																																						
251																																																						
252																																																						
253																																																						
254																																																						
255																																																						
256																																																						
257																																																						
258																																																						
259																																																						
260																																																						
261																																																						
262																																																						
263																																																						
264																																																						
265																																																						
266																																																						
267																																																						
268																																																						
269																																																						
270																																																						
271																																																						
272																																																						
273																																																						
274																																																						
275																																																						
276																																																						
277																																																						
278																																																						
279																																																						
280																																																						
281																																																						
282																																																						
283																																																						
284																																																						
285																																																						
286																																																						
287																																																						
288																																																						
289																																																						
290																																																						
291																																																						
292																																																						
293																																																						
294																																																						
295																																																						
296																																																						
297																																																						
298																																																						
299																																																						
300																																																						
301																																																						