HJY Multigroup Import
Application Version:	3.5.1.20
SystemConfiguration::	FL3-11_1602C-0213-FL
Experiment Time Stamp:	9/22/2025 12:06 PM
Export Time Stamp:	9/22/2025 5:28 PM
Experiment Comment:	None

Integration Time:	1
Time Sequence Interval Points:	301
Time Sequence Experiment Duration:	10:00:00	36000000 (ms)
Repetition Time Sequence Enabled:	False
Repetition Time Sequence Count:	2
Repetition Time Sequence Delay:	0 seconds
Time Sequence Interval Total Points:	301
Time Sequence Experiment Duration Total:	10:00:00	36000000 (ms)

Mono Count:	2
Mono Description:	Excitation 1 (Mono1)	Emission 1 (Mono2)
Mono Slit Width:		5	5
Mono Grating Index:		0	0
Mono Grating Value:		1200	1200

Mono Wavelength Group Count:	3
Mono Wavelength Group Description:	Group 1:(Excitation 1:596 Emission 1:615)	Group 2:(Excitation 1:549 Emission 1:565)	Group 3:(Excitation 1:495 Emission 1:520)

Detector Count:	3
Detector Description:	S1 (SCD1)	R (SCD2)	S1/R (SCD1/SCD2)
Detector High Voltage:	950	None	None

Accessory Sequential Type:	Temperature Controller
Accessory Sequential Description:	Temperature Control (TC1)
Accessory Sequential Scan Position Count:	1
Accessory Sequential Scan Positions:		37

Accessory Interleave Type:	Sample Changer
Accessory Interleave Description:	Sample Changer - 4 Position (SCH1)
Accessory Interleave Scan Position Count:	3
Accessory Interleave Scan Positions:	1	2	3

Axis	X	Y	X	Y	X	Y	X	Y	X	Y	X	Y	X	Y	X	Y	X	Y	X	Y	X	Y	X	Y	X	Y	X	Y	X	Y	X	Y	X	Y	X	Y	X	Y	X	Y	X	Y	X	Y	X	Y	X	Y	X	Y	X	Y	X	Y
Sequential: Temperature Controller	Idx:0(Pos:37.00)	Idx:0(Pos:37.00)	Idx:0(Pos:37.00)	Idx:0(Pos:37.00)	Idx:0(Pos:37.00)	Idx:0(Pos:37.00)	Idx:0(Pos:37.00)	Idx:0(Pos:37.00)	Idx:0(Pos:37.00)	Idx:0(Pos:37.00)	Idx:0(Pos:37.00)	Idx:0(Pos:37.00)	Idx:0(Pos:37.00)	Idx:0(Pos:37.00)	Idx:0(Pos:37.00)	Idx:0(Pos:37.00)	Idx:0(Pos:37.00)	Idx:0(Pos:37.00)	Idx:0(Pos:37.00)	Idx:0(Pos:37.00)	Idx:0(Pos:37.00)	Idx:0(Pos:37.00)	Idx:0(Pos:37.00)	Idx:0(Pos:37.00)	Idx:0(Pos:37.00)	Idx:0(Pos:37.00)	Idx:0(Pos:37.00)	Idx:0(Pos:37.00)	Idx:0(Pos:37.00)	Idx:0(Pos:37.00)	Idx:0(Pos:37.00)	Idx:0(Pos:37.00)	Idx:0(Pos:37.00)	Idx:0(Pos:37.00)	Idx:0(Pos:37.00)	Idx:0(Pos:37.00)	Idx:0(Pos:37.00)	Idx:0(Pos:37.00)	Idx:0(Pos:37.00)	Idx:0(Pos:37.00)	Idx:0(Pos:37.00)	Idx:0(Pos:37.00)	Idx:0(Pos:37.00)	Idx:0(Pos:37.00)	Idx:0(Pos:37.00)	Idx:0(Pos:37.00)	Idx:0(Pos:37.00)	Idx:0(Pos:37.00)	Idx:0(Pos:37.00)	Idx:0(Pos:37.00)	Idx:0(Pos:37.00)	Idx:0(Pos:37.00)	Idx:0(Pos:37.00)	Idx:0(Pos:37.00)
Interleave: Sample Changer	Idx:0(Pos:1)	Idx:0(Pos:1)	Idx:0(Pos:1)	Idx:0(Pos:1)	Idx:0(Pos:1)	Idx:0(Pos:1)	Idx:0(Pos:1)	Idx:0(Pos:1)	Idx:0(Pos:1)	Idx:0(Pos:1)	Idx:0(Pos:1)	Idx:0(Pos:1)	Idx:0(Pos:1)	Idx:0(Pos:1)	Idx:0(Pos:1)	Idx:0(Pos:1)	Idx:0(Pos:1)	Idx:0(Pos:1)	Idx:1(Pos:2)	Idx:1(Pos:2)	Idx:1(Pos:2)	Idx:1(Pos:2)	Idx:1(Pos:2)	Idx:1(Pos:2)	Idx:1(Pos:2)	Idx:1(Pos:2)	Idx:1(Pos:2)	Idx:1(Pos:2)	Idx:1(Pos:2)	Idx:1(Pos:2)	Idx:1(Pos:2)	Idx:1(Pos:2)	Idx:1(Pos:2)	Idx:1(Pos:2)	Idx:1(Pos:2)	Idx:1(Pos:2)	Idx:2(Pos:3)	Idx:2(Pos:3)	Idx:2(Pos:3)	Idx:2(Pos:3)	Idx:2(Pos:3)	Idx:2(Pos:3)	Idx:2(Pos:3)	Idx:2(Pos:3)	Idx:2(Pos:3)	Idx:2(Pos:3)	Idx:2(Pos:3)	Idx:2(Pos:3)	Idx:2(Pos:3)	Idx:2(Pos:3)	Idx:2(Pos:3)	Idx:2(Pos:3)	Idx:2(Pos:3)	Idx:2(Pos:3)
Detector	S1 (SCD1)	S1 (SCD1)	S1 (SCD1)	S1 (SCD1)	S1 (SCD1)	S1 (SCD1)	R (SCD2)	R (SCD2)	R (SCD2)	R (SCD2)	R (SCD2)	R (SCD2)	S1/R (SCD1/SCD2)	S1/R (SCD1/SCD2)	S1/R (SCD1/SCD2)	S1/R (SCD1/SCD2)	S1/R (SCD1/SCD2)	S1/R (SCD1/SCD2)	S1 (SCD1)	S1 (SCD1)	S1 (SCD1)	S1 (SCD1)	S1 (SCD1)	S1 (SCD1)	R (SCD2)	R (SCD2)	R (SCD2)	R (SCD2)	R (SCD2)	R (SCD2)	S1/R (SCD1/SCD2)	S1/R (SCD1/SCD2)	S1/R (SCD1/SCD2)	S1/R (SCD1/SCD2)	S1/R (SCD1/SCD2)	S1/R (SCD1/SCD2)	S1 (SCD1)	S1 (SCD1)	S1 (SCD1)	S1 (SCD1)	S1 (SCD1)	S1 (SCD1)	R (SCD2)	R (SCD2)	R (SCD2)	R (SCD2)	R (SCD2)	R (SCD2)	S1/R (SCD1/SCD2)	S1/R (SCD1/SCD2)	S1/R (SCD1/SCD2)	S1/R (SCD1/SCD2)	S1/R (SCD1/SCD2)	S1/R (SCD1/SCD2)
WL Group	1	1	2	2	3	3	1	1	2	2	3	3	1	1	2	2	3	3	1	1	2	2	3	3	1	1	2	2	3	3	1	1	2	2	3	3	1	1	2	2	3	3	1	1	2	2	3	3	1	1	2	2	3	3
Units	(ms)	CPS	(ms)	CPS	(ms)	CPS	(ms)	MicroAmps	(ms)	MicroAmps	(ms)	MicroAmps	(ms)	CPS	(ms)	CPS	(ms)	CPS	(ms)	CPS	(ms)	CPS	(ms)	CPS	(ms)	MicroAmps	(ms)	MicroAmps	(ms)	MicroAmps	(ms)	CPS	(ms)	CPS	(ms)	CPS	(ms)	CPS	(ms)	CPS	(ms)	CPS	(ms)	MicroAmps	(ms)	MicroAmps	(ms)	MicroAmps	(ms)	CPS	(ms)	CPS	(ms)	CPS
1	0	102836	5787	1172362	11590	3542397	0	0.83377	5787	1.00073	11590	1.04874	0	123338.570589011	5787	1171506.80003597	11590	3377764.74626695	16567	108880	22339	1220888	28142	3676698	16567	0.83318	22339	1.00077	28142	1.04862	16567	130680.045128304	22339	1219948.63954755	28142	3506225.32471248	33118	103126	38906	1218647	44709	3625427	33118	0.83329	38906	0.99988	44709	1.04834	33118	123757.635397041	38906	1218793.25519062	44709	3458254.95545338
2	120011	102744	125798	1170772	131617	3535032	120011	0.83335	125798	1.00107	131617	1.04885	120011	123290.334193316	125798	1169520.61294415	131617	3370388.52076083	136578	108077	142365	1220836	148153	3672533	136578	0.83404	142365	1.00161	148153	1.04879	136578	129582.514028104	142365	1218873.61348229	148153	3501685.75215248	153145	103448	158933	1216868	164736	3620715	153145	0.83366	158933	1.00122	164736	1.0493	153145	124088.957128806	158933	1215385.23001938	164736	3450600.40026685
3	240022	102519	245809	1167963	251612	3525675	240022	0.83443	245809	1.0012	251612	1.04864	240022	122861.114772959	245809	1166563.1242509	251612	3362140.48672566	256589	108856	262376	1218377	268180	3672781	256589	0.83415	262376	1.00179	268180	1.04958	256589	130499.310675538	262376	1216200.00199643	268180	3499286.38121915	273156	103690	278944	1217693	284747	3613670	273156	0.8341	278944	1.00103	284747	1.0491	273156	124313.631459058	278944	1216440.06673127	284747	3444542.94156896
4	360033	102738	365820	1170004	371623	3531472	360033	0.8346	365820	1.00197	371623	1.05006	360033	123098.490294752	365820	1167703.62386099	371623	3363114.48869588	376600	108629	382387	1219222	388191	3667778	376600	0.83439	382387	1.00206	388191	1.04951	376600	130189.719435755	382387	1216715.56593418	388191	3494752.78939696	393167	103235	398955	1217591	404758	3612122	393167	0.83399	398955	1.0025	404758	1.05035	393167	123784.457847216	398955	1214554.61346633	404758	3438969.86718713
5	480044	103193	485847	1168142	491650	3516170	480044	0.83457	485847	1.00104	491650	1.0499	480044	123648.106210384	485847	1166928.39446975	491650	3349052.29069435	496626	108888	502398	1214822	508202	3655745	496626	0.83499	502398	1.00184	508202	1.05007	496626	130406.352171882	502398	1212590.83286752	508202	3481429.80944128	513178	102980	518966	1212734	524769	3597689	513178	0.83418	518966	1.00191	524769	1.04958	513178	123450.574216596	518966	1210422.09380084	524769	3427741.5728196
6	600055	103055	605842	1163802	611645	3516502	600055	0.83438	605842	1.00244	611645	1.05014	600055	123510.870346844	605842	1160969.23506644	611645	3348603.04340374	616622	108312	622409	1215188	628197	3650649	616622	0.83504	622409	1.00196	628197	1.04976	616622	129708.756466756	622409	1212810.89065432	628197	3477603.45221765	633189	103067	638977	1210678	644780	3593396	633189	0.83497	638977	1.00192	644780	1.05062	633189	123437.96783118	638977	1208357.95273076	644780	3420262.321296
7	720066	102159	725853	1164811	731672	3509295	720066	0.83503	725853	1.00309	731672	1.05058	720066	122341.712273811	725853	1161222.82148162	731672	3340340.57377829	736648	108494	742420	1214970	748239	3648991	736648	0.83505	742420	1.00239	748239	1.05023	736648	129925.154182384	742420	1212073.14518301	748239	3474468.44976815	753216	103993	759019	1207607	764806	3587587	753216	0.83534	759019	1.00217	764806	1.05011	753216	124491.823688558	759019	1204992.16699762	764806	3416391.61611641
8	840077	102759	845864	1164682	851683	3507008	840077	0.8349	845864	1.00342	851683	1.05016	840077	123079.410707869	845864	1160712.36371609	851683	3339498.74304868	856659	108723	862431	1213953	868235	3644111	856659	0.8351	862431	1.00301	868235	1.05055	856659	130191.593821099	862431	1210309.96699933	868235	3468764.93265432	873211	103581	878999	1210077	884802	3582856	873211	0.83521	878999	1.00277	884802	1.05007	873211	124017.911662935	878999	1206734.34586196	884802	3412016.34176769
9	960088	103233	965875	1162493	971678	3494946	960088	0.83513	965875	1.00269	971678	1.04996	960088	123613.090177577	965875	1159374.28317825	971678	3328646.80559259	976655	108845	982442	1210421	988246	3634065	976655	0.83473	982442	1.00282	988246	1.05075	976655	130395.45721371	982442	1207017.21146367	988246	3458543.89721627	993222	103710	999010	1206643	1004813	3578723	993222	0.83565	999010	1.00293	1004813	1.05082	993222	124106.982588404	999010	1203117.86465656	1004813	3405647.97015664
10	1080099	102354	1085886	1159071	1091705	3495389	1080099	0.83566	1085886	1.00339	1091705	1.0509	1080099	122482.827944379	1085886	1155155.02446706	1091705	3326090.96964507	1096666	108262	1102453	1210498	1108288	3636197	1096666	0.83621	1102453	1.00265	1108288	1.05084	1096666	129467.478265029	1102453	1207298.65855483	1108288	3460276.54067222	1113249	103050	1119036	1205815	1124855	3573701	1113249	0.83621	1119036	1.00331	1124855	1.05099	1113249	123234.594180888	1119036	1201836.91979548	1124855	3400318.74708608
11	1200110	95165	1205897	719689	1211700	3295061	1200110	0.83614	1205897	1.00397	1211700	1.05111	1200110	113814.672184084	1205897	716843.132762931	1211700	3134839.36029531	1216677	100020	1222464	760820	1228268	3439589	1216677	0.83583	1222464	1.00354	1228268	1.05124	1216677	119665.482215283	1222464	758136.197859577	1228268	3271935.04813363	1233244	93786	1239032	769044	1244835	3375906	1233244	0.83577	1239032	1.00384	1244835	1.0514	1233244	112215.083097024	1239032	766102.167676124	1244835	3210867.4148754
12	1320121	93884	1325908	379418	1331727	3285108	1320121	0.83561	1325908	1.00368	1331727	1.05158	1320121	112353.849283757	1325908	378026.861150965	1331727	3123973.44947603	1336688	98624	1342475	388863	1348279	3429307	1336688	0.83572	1342475	1.00306	1348279	1.05189	1336688	118010.817020055	1342475	387676.709269635	1348279	3260138.41751514	1353255	94103	1359043	392797	1364846	3370723	1353255	0.83605	1359043	1.00401	1364846	1.05246	1353255	112556.665271216	1359043	391228.175018177	1364846	3202708.89154932
13	1440132	93436	1445904	214320	1451707	3277076	1440132	0.8362	1445904	1.00421	1451707	1.05138	1440132	111738.818464482	1445904	213421.495503928	1451707	3116928.22766269	1456683	98147	1462471	215892	1468274	3416753	1456683	0.83671	1462471	1.00367	1468274	1.05167	1456683	117301.095959173	1462471	215102.573555053	1468274	3248883.20480759	1473250	92959	1479038	221560	1484841	3354305	1473250	0.83626	1479038	1.00451	1484841	1.05215	1473250	111160.404658838	1479038	220565.250719256	1484841	3188048.28208906
14	1560143	92475	1565930	130679	1571749	3272591	1560143	0.8362	1565930	1.00469	1571749	1.05186	1560143	110589.571872758	1565930	130068.976500214	1571749	3111241.99037895	1576710	98214	1582497	128577	1588301	3413831	1576710	0.83614	1582497	1.00353	1588301	1.05141	1576710	117461.19070969	1582497	128124.71973932	1588301	3246907.48613766	1593293	92062	1599065	134882	1604868	3352931	1593293	0.83589	1599065	1.00438	1604868	1.05176	1593293	110136.501214275	1599065	134293.793185846	1604868	3187924.05111432
15	1680154	92514	1685926	84589	1691729	3265295	1680154	0.83615	1685926	1.00352	1691729	1.05161	1680154	110642.827243916	1685926	84292.2911352041	1691729	3105043.69490591	1696705	98424	1702493	83376	1708296	3410051	1696705	0.83632	1702493	1.00388	1708296	1.0525	1696705	117687.009757031	1702493	83053.7514443957	1708296	3239953.44418052	1713273	92191	1719060	88571	1724863	3347931	1713273	0.83619	1719060	1.0035	1724863	1.05158	1713273	110251.258685227	1719060	88262.0827105132	1724863	3183714.98126629
16	1800165	93393	1805952	59893	1811755	3269809	1800165	0.83633	1805952	1.00413	1811755	1.05228	1800165	111670.034555738	1805952	59646.659297103	1811755	3107356.40703995	1816732	98394	1822504	58712	1828307	3400330	1816732	0.83662	1822504	1.004	1828307	1.0514	1816732	117608.950300017	1822504	58478.0876494024	1828307	3234097.39395092	1833299	91838	1839071	62182	1844874	3346010	1833299	0.83672	1839071	1.00418	1844874	1.05195	1833299	109759.537240654	1839071	61923.1611862415	1844874	3180769.04795855
17	1920176	93016	1925963	46197	1931782	3258202	1920176	0.83621	1925963	1.00397	1931782	1.05213	1920176	111235.21603425	1925963	46014.3231371455	1931782	3096767.50971838	1936743	98010	1942531	44638	1948334	3400514	1936743	0.83654	1942531	1.00481	1948334	1.05286	1936743	117161.163841538	1942531	44424.3190254874	1948334	3229787.43612636	1953326	91831	1959098	47455	1964901	3335911	1953326	0.83629	1959098	1.00428	1964901	1.05199	1953326	109807.602625883	1959098	47252.7581949257	1964901	3171048.20388026
18	2040187	93167	2045974	37788	2051793	3256085	2040187	0.83802	2045974	1.00586	2051793	1.05324	2040187	111175.150951051	2045974	37567.8523850238	2051793	3091493.86654514	2056754	98305	2062542	37195	2068345	3399855	2056754	0.83686	2062542	1.006	2068345	1.0532	2056754	117468.871734818	2062542	36973.1610337972	2068345	3228119.06570452	2073321	92206	2079109	38710	2084896	3331211	2073321	0.83751	2079109	1.00534	2084896	1.05311	2073321	110095.401845948	2079109	38504.3865756858	2084896	3163212.76979613
19	2160198	92783	2165985	32868	2171804	3249134	2160198	0.8374	2165985	1.00523	2171804	1.05296	2160198	110798.901361357	2165985	32696.9947176268	2171804	3085714.5570582	2176781	97555	2182568	31698	2188371	3397536	2176781	0.83715	2182568	1.00531	2188371	1.05437	2176781	116532.282147763	2182568	31530.5726591798	2188371	3222337.50960289	2193348	92105	2199135	33084	2204939	3333071	2193348	0.83703	2199135	1.00484	2204939	1.05347	2193348	110037.871999809	2199135	32924.6447195573	2204939	3163897.40571635
20	2280209	92073	2285996	29163	2291800	3251066	2280209	0.83764	2285996	1.00557	2291800	1.05365	2280209	109919.535838785	2285996	29001.461857454	2291800	3085527.45219001	2296776	97579	2302564	28597	2308367	3392135	2296776	0.83825	2302564	1.00564	2308367	1.05369	2296776	116407.992842231	2302564	28436.6174774273	2308367	3219291.25264547	2313359	92791	2319146	29742	2324950	3335557	2313359	0.83778	2319146	1.00555	2324950	1.05342	2313359	110758.194275347	2319146	29577.8429715081	2324950	3166407.51077443
21	2400220	92439	2406007	27223	2411811	3248629	2400220	0.83774	2406007	1.00565	2411811	1.05392	2400220	110343.304605247	2406007	27070.054193805	2411811	3082424.66221345	2416787	97612	2422575	26645	2428378	3386019	2416787	0.83758	2422575	1.00538	2428378	1.05369	2416787	116540.509563266	2422575	26502.4169965585	2428378	3213486.88893318	2433354	92128	2439142	27604	2444945	3324643	2433354	0.83797	2439142	1.0058	2444945	1.05354	2433354	109941.88336098	2439142	27444.8200437463	2444945	3155687.49169467
22	2520231	92102	2526018	25630	2531822	3238662	2520231	0.83803	2526018	1.00553	2531822	1.05364	2520231	109902.986766584	2526018	25489.0455779539	2531822	3073784.2147223	2536798	97562	2542570	25173	2548373	3383311	2536798	0.83806	2542570	1.00523	2548373	1.05397	2536798	116414.099229172	2542570	25042.0301821474	2548373	3210063.85380988	2553365	91784	2559137	25573	2564956	3318768	2553365	0.83803	2559137	1.0061	2564956	1.05357	2553365	109523.525410785	2559137	25417.9505019382	2564956	3150021.35596116
23	2640242	92183	2646029	24304	2651833	3231477	2640242	0.83786	2646029	1.00601	2651833	1.05359	2640242	110021.960709426	2646029	24158.8055784734	2651833	3067110.54584801	2656809	98351	2662597	23887	2668400	3378023	2656809	0.83775	2662597	1.00569	2668400	1.05359	2656809	117398.985377499	2662597	23751.8519623343	2668400	3206202.6025304	2673376	92602	2679179	24276	2684967	3318349	2673376	0.83798	2679179	1.00555	2684967	1.05357	2673376	110506.217332156	2679179	24142.0118343195	2684967	3149623.66050666
24	2760253	92468	2766040	23389	2771844	3230120	2760253	0.8377	2766040	1.00579	2771844	1.05369	2760253	110383.192073535	2766040	23254.3572713986	2771844	3065531.60796819	2776836	97878	2782608	22993	2788411	3375380	2776836	0.83762	2782608	1.00562	2788411	1.05347	2776836	116852.510685036	2782608	22864.5015015612	2788411	3204058.96703276	2793403	92317	2799175	23782	2804994	3322067	2793403	0.83757	2799175	1.00605	2804994	1.05337	2793403	110220.04130998	2799175	23638.9841459172	2804994	3153751.29346763
25	2880264	92297	2886036	22796	2891839	3234298	2880264	0.83812	2886036	1.0067	2891839	1.05513	2880264	110123.848613564	2886036	22644.2833018774	2891839	3065307.59242937	2896815	97734	2902603	22392	2908406	3370950	2896815	0.83786	2902603	1.00589	2908406	1.05412	2896815	116647.172558661	2902603	22260.8833967929	2908406	3197880.69669487	2913383	91820	2919170	22508	2924973	3305883	2913383	0.83765	2919170	1.00537	2924973	1.05461	2913383	109616.188145407	2919170	22387.7776341049	2924973	3134697.18663772
26	3000275	91315	3006062	21614	3011866	3140326	3000275	0.83972	3006062	1.00562	3011866	1.05424	3000275	108744.581527176	3006062	21493.2081700841	3011866	2978758.15753529	3016858	92455	3022630	21290	3028433	3247861	3016858	0.83854	3022630	1.00603	3028433	1.05439	3016858	110257.113554511	3022630	21162.390783575	3028433	3080322.27164522	3033409	87856	3039197	21191	3044984	3200683	3033409	0.83896	3039197	1.00651	3044984	1.05371	3033409	104720.129684371	3039197	21053.9388580342	3044984	3037536.89345266
27	3120286	88688	3126073	20864	3131877	3131855	3120286	0.83848	3126073	1.00574	3131877	1.05421	3120286	105772.349966606	3126073	20744.9241354624	3131877	2970807.52411759	3136853	93113	3142641	20183	3148428	3243929	3136853	0.8382	3142641	1.00568	3148428	1.0543	3136853	111086.852779766	3142641	20069.0080343648	3148428	3076855.73366215	3153420	87740	3159223	20369	3165011	3195744	3153420	0.83833	3159223	1.00597	3165011	1.05485	3153420	104660.455906385	3159223	20248.1187311749	3165011	3029571.97705835
28	3240297	88672	3246084	20411	3251903	3121113	3240297	0.83872	3246084	1.00639	3251903	1.05393	3240297	105723.006486074	3246084	20281.4018422282	3251903	2961404.45760155	3256880	92671	3262667	19851	3268470	3235034	3256880	0.83811	3262667	1.00649	3268470	1.05339	3256880	110571.404708213	3262667	19722.9977446373	3268470	3071069.59435727	3273447	88041	3279234	19965	3285038	3192959	3273447	0.83834	3279234	1.00586	3285038	1.05472	3273447	105018.250351886	3279234	19848.6866959617	3285038	3027304.87712379
29	3360308	88318	3366095	19965	3371899	3113733	3360308	0.83867	3366095	1.0078	3371899	1.05448	3360308	105307.212610443	3366095	19810.4782694979	3371899	2952861.12586298	3376875	92432	3382663	19386	3388466	3226998	3376875	0.83933	3382663	1.00658	3388466	1.05445	3376875	110125.933780515	3382663	19259.2739772298	3388466	3060361.32580966	3393442	88146	3399230	19337	3405033	3184332	3393442	0.83838	3399230	1.00652	3405033	1.05418	3393442	105138.481356903	3399230	19211.7394587291	3405033	3020671.9915005
30	3480319	88065	3486106	19655	3491910	3108632	3480319	0.83843	3486106	1.00654	3491910	1.05407	3480319	105035.602256599	3486106	19527.2915135017	3491910	2949170.35870483	3496886	92377	3502674	19122	3508477	3221501	3496886	0.83882	3502674	1.00667	3508477	1.0549	3496886	110127.321713836	3502674	18995.3013400618	3508477	3053844.91420988	3513453	88244	3519241	19231	3525044	3182048	3513453	0.8389	3519241	1.00731	3525044	1.05543	3513453	105190.129932054	3519241	19091.4415621805	3525044	3014930.40751163
31	3600330	83718	3606117	19107	3611921	2983959	3600330	0.84151	3606117	1.00621	3611921	1.05504	3600330	99485.448776604	3606117	18989.0778266962	3611921	2828289.92265696	3616897	86869	3622685	19729	3628488	3098343	3616897	0.83828	3622685	1.00693	3628488	1.05486	3616897	103627.666173594	3622685	19593.2189923828	3628488	2937207.78112735	3633464	82376	3639252	19509	3645055	3065689	3633464	0.8393	3639252	1.00719	3645055	1.05565	3633464	98148.4570475396	3639252	19369.7316295833	3645055	2904077.10889026
32	3720341	81989	3726128	20356	3731932	2964681	3720341	0.83902	3726128	1.00748	3731932	1.05449	3720341	97719.9589997855	3726128	20204.8675904236	3731932	2811483.27627574	3736908	86028	3742696	20894	3748483	3074548	3736908	0.8388	3742696	1.00716	3748483	1.05544	3736908	102560.801144492	3742696	20745.4624885818	3748483	2913048.58637156	3753460	80923	3759232	20858	3765035	3044821	3753460	0.83861	3759232	1.00655	3765035	1.05534	3753460	96496.5836324394	3759232	20722.2691371517	3765035	2885156.44247352
33	3840352	80092	3846139	22434	3851943	2898061	3840352	0.83988	3846139	1.00685	3851943	1.05512	3840352	95361.2420822022	3846139	22281.3725977057	3851943	2746664.83433164	3856919	84312	3862722	23250	3868510	3006189	3856919	0.83966	3862722	1.00756	3868510	1.05499	3856919	100412.071552771	3862722	23075.5488506888	3868510	2849495.2558792	3873486	75611	3879274	23121	3885077	2981975	3873486	0.83945	3879274	1.00755	3885077	1.0551	3873486	90072.0709988683	3879274	22947.7445288075	3885077	2826248.69680599
34	3960363	79282	3966150	24722	3971954	2783504	3960363	0.83942	3966150	1.00696	3971954	1.05559	3960363	94448.547806819	3966150	24551.1241757369	3971954	2636917.74268419	3976930	79880	3982718	26155	3988505	2886201	3976930	0.83906	3982718	1.00682	3988505	1.05494	3976930	95201.7734131051	3982718	25977.8311912755	3988505	2735891.14072838	3993482	62674	3999254	25699	4005057	2874505	3993482	0.83867	3999254	1.00784	4005057	1.05479	3993482	74730.2276223068	3999254	25499.0871566915	4005057	2725191.74432826
35	4080374	76986	4086161	27850	4091965	2619905	4080374	0.8392	4086161	1.00725	4091965	1.05599	4080374	91737.3689227836	4086161	27649.5408289898	4091965	2480994.13820207	4096941	73336	4102713	30015	4108516	2720976	4096941	0.8394	4102713	1.00692	4108516	1.05584	4096941	87367.1670240648	4102713	29808.7236324634	4108516	2577072.28367935	4113493	49308	4119280	29421	4125084	2713118	4113493	0.83899	4119280	1.00781	4125084	1.05561	4113493	58770.6647278275	4119280	29193.0026493089	4125084	2570189.74810773
36	4200385	73603	4206172	32060	4211976	2424965	4200385	0.84005	4206172	1.0077	4211976	1.05577	4200385	87617.4037259687	4206172	31815.0243127915	4211976	2296868.63616129	4216952	65196	4222724	35151	4228527	2514821	4216952	0.83866	4222724	1.00724	4228527	1.05488	4216952	77738.2968068109	4222724	34898.3360470196	4228527	2383987.75216138	4233504	40422	4239276	34093	4245079	2525196	4233504	0.83978	4239276	1.00796	4245079	1.05556	4233504	48134.0351044321	4239276	33823.7628477321	4245079	2392280.87460684
37	4320396	70479	4326183	36627	4331987	2204763	4320396	0.83897	4326183	1.00704	4331987	1.05507	4320396	84006.5794962871	4326183	36370.9485224023	4331987	2089684.09678979	4336979	58369	4342751	41103	4348554	2294801	4336979	0.83993	4342751	1.00756	4348554	1.05559	4336979	69492.6958198897	4342751	40794.5928778435	4348554	2173951.06054434	4353530	34277	4359334	39782	4365137	2322133	4353530	0.83933	4359334	1.00633	4365137	1.05614	4353530	40838.5259671405	4359334	39531.7639342959	4365137	2198698.08926847
38	4440407	65847	4446195	42497	4451998	1994180	4440407	0.83896	4446195	1.00678	4451998	1.05518	4440407	78486.4594259559	4446195	42210.8107034307	4451998	1889895.56284236	4456974	51381	4462762	47957	4468565	2093667	4456974	0.83924	4462762	1.00874	4468565	1.05592	4456974	61223.2496067871	4462762	47541.4874001229	4468565	1982789.41586484	4473541	29971	4479329	46108	4485148	2118376	4473541	0.83927	4479329	1.00762	4485148	1.05622	4473541	35710.7962872496	4479329	45759.3140271134	4485148	2005620.04127928
39	4560418	62964	4566206	47948	4572009	1807774	4560418	0.84004	4566206	1.00657	4572009	1.05504	4560418	74953.5736393505	4566206	47635.0378016432	4572009	1713464.89232636	4577001	46229	4582788	56225	4588576	1911423	4577001	0.83877	4582788	1.00754	4588576	1.05593	4577001	55115.2282508912	4582788	55804.2360601068	4588576	1810179.65206027	4593568	27055	4599356	52379	4605159	1939356	4593568	0.83974	4599356	1.00786	4605159	1.05626	4593568	32218.3056660395	4599356	51970.5117774294	4605159	1836059.30358056
40	4680429	59096	4686217	55314	4692035	1647582	4680429	0.83964	4686217	1.00849	4692035	1.05513	4680429	70382.5449001953	4686217	54848.33761366	4692035	1561496.68761195	4697012	41852	4702784	64533	4708587	1761406	4697012	0.83906	4702784	1.00719	4708587	1.05567	4697012	49879.6272018688	4702784	64072.3200190629	4708587	1668519.51841011	4713563	25247	4719367	59811	4725170	1788060	4713563	0.84031	4719367	1.00765	4725170	1.05597	4713563	30044.8643952827	4719367	59356.9195653253	4725170	1693286.7411006
41	4800440	55612	4806228	61889	4812031	1520220	4800440	0.84012	4806228	1.0083	4812031	1.05682	4800440	66195.3054325573	4806228	61379.5497371814	4812031	1438485.26712212	4817007	39014	4822795	72603	4828598	1639674	4817007	0.83986	4822795	1.00775	4828598	1.05659	4817007	46452.9802586145	4822795	72044.6539320268	4828598	1551854.55096111	4833574	23621	4839362	66538	4845165	1664944	4833574	0.84046	4839362	1.00742	4845165	1.05566	4833574	28104.8473455013	4839362	66047.924400945	4845165	1577159.31265748
42	4920451	52524	4926239	68743	4932042	1419389	4920451	0.84036	4926239	1.00804	4932042	1.05647	4920451	62501.7849493074	4926239	68194.7144954565	4932042	1343520.402851	4937018	36238	4942806	80891	4948609	1553344	4937018	0.84001	4942806	1.00785	4948609	1.0566	4937018	43139.9626194926	4942806	80260.9515304857	4948609	1470134.39333712	4953585	22470	4959373	73452	4965176	1574128	4953585	0.83984	4959373	1.00762	4965176	1.05592	4953585	26755.0962088017	4959373	72896.5284531867	4965176	1490764.45185241
43	5040462	49706	5046250	74987	5052053	1344628	5040462	0.84011	5046250	1.00808	5052053	1.05725	5040462	59166.0615871731	5046250	74385.9614316324	5052053	1271816.50508394	5057045	34153	5062817	88495	5068620	1493996	5057045	0.8405	5062817	1.00913	5068620	1.05767	5057045	40634.1463414634	5062817	87694.3505792118	5068620	1412535.10074031	5073596	21515	5079384	80182	5085187	1510230	5073596	0.84058	5079384	1.00875	5085187	1.05719	5073596	25595.4222084751	5079384	79486.4931846345	5085187	1428532.24112979
44	5160473	47604	5166261	81451	5172064	1294887	5160473	0.84006	5166261	1.00815	5172064	1.05803	5160473	56667.3809013642	5166261	80792.5407925408	5172064	1223866.05294746	5177040	32295	5182828	95578	5188615	1451530	5177040	0.84048	5182828	1.00851	5188615	1.05685	5177040	38424.4717304398	5182828	94771.4945811147	5188615	1373449.4015234	5193592	21058	5199379	85751	5205167	1466050	5193592	0.83976	5199379	1.00817	5205167	1.05637	5193592	25076.2122511194	5199379	85056.0917305613	5205167	1387818.66202183
45	5280484	45210	5286256	86469	5292075	1256946	5280484	0.84022	5286256	1.00833	5292075	1.05668	5280484	53807.3361738592	5286256	85754.6636517807	5292075	1189523.7914979	5297051	30540	5302839	101910	5308642	1430144	5297051	0.84026	5302839	1.00788	5308642	1.05711	5297051	36345.8929379002	5302839	101113.22776521	5308642	1352880.96792198	5313618	20325	5319406	90842	5325225	1440627	5313618	0.83988	5319406	1.00872	5325225	1.05661	5313618	24199.8856979569	5319406	90056.7055277976	5325225	1363442.51899944
46	5400495	46312	5406283	864052	5412086	1217696	5400495	0.8405	5406283	1.0086	5412086	1.05672	5400495	55100.5353955979	5406283	856684.513186595	5412086	1152335.52880612	5417062	35000	5422850	895876	5428637	1393009	5417062	0.84083	5422850	1.00886	5428637	1.05636	5417062	41625.5366720978	5422850	888008.246932181	5428637	1318687.7579613	5433629	22007	5439401	901260	5445205	1409296	5433629	0.84039	5439401	1.0081	5445205	1.05711	5433629	26186.651435643	5439401	894018.450550541	5445205	1333159.27386932
47	5520506	44706	5526294	873564	5532097	1203062	5520506	0.84046	5526294	1.00863	5532097	1.05768	5520506	53192.2994550603	5526294	866089.646351982	5532097	1137453.67218819	5537073	33201	5542861	908991	5548648	1382067	5537073	0.84022	5542861	1.00851	5548648	1.05667	5537073	39514.6509247578	5542861	901320.760329595	5548648	1307945.71625957	5553625	21776	5559428	911661	5565231	1405939	5553625	0.84028	5559428	1.0087	5565231	1.05702	5553625	25915.1711334317	5559428	903797.957767423	5565231	1330096.87612344
48	5640517	43729	5646305	877563	5652108	1194817	5640517	0.84111	5646305	1.00959	5652108	1.0583	5640517	51989.6327472031	5646305	869227.111995959	5652108	1128996.50382689	5657084	31813	5662872	914956	5668675	1380597	5657084	0.84116	5662872	1.00947	5668675	1.05798	5657084	37820.3908887726	5662872	906372.650995077	5668675	1304936.76629048	5673636	21713	5679423	917164	5685211	1416135	5673636	0.84091	5679423	1.00944	5685211	1.05748	5673636	25820.8369504465	5679423	908586.939293073	5685211	1339160.07867761
49	5760528	42880	5766316	881076	5772119	1195876	5760528	0.84125	5766316	1.00986	5772119	1.05867	5760528	50971.7682020802	5766316	872473.41215614	5772119	1129602.23676878	5777080	30578	5782867	916700	5788686	1388348	5777080	0.84109	5782867	1.00958	5788686	1.05803	5777080	36355.2057449262	5782867	908001.347094832	5788686	1312200.97728798	5793662	21361	5799450	919083	5805253	1433396	5793662	0.84177	5799450	1.00994	5805253	1.05821	5793662	25376.2904356297	5799450	910037.229934452	5805253	1354547.77407131
50	5880539	42414	5886327	881662	5892145	1198703	5880539	0.84079	5886327	1.00955	5892145	1.05837	5880539	50445.4144316655	5886327	873321.77702937	5892145	1132593.5164451	5897137	29862	5902925	918029	5908744	1399267	5897137	0.84068	5902925	1.00957	5908744	1.05653	5897137	35521.244706666	5902925	909326.743068831	5908744	1324398.73926912	5913720	21128	5919492	919591	5925296	1449618	5913720	0.84149	5919492	1.00915	5925296	1.05738	5913720	25107.8444188285	5919492	911253.0347322	5925296	1370952.73222493
51	6000550	41775	6006338	880282	6012141	1202007	6000550	0.84119	6006338	1.0093	6012141	1.05897	6000550	49661.7886565461	6006338	872170.811453482	6012141	1135071.81506558	6017133	29393	6022905	920782	6028708	1418731	6017133	0.84126	6022905	1.01014	6028708	1.05794	6017133	34939.2577799967	6022905	911538.994594809	6028708	1341031.6275025	6033684	21468	6039472	922197	6045275	1479837	6033684	0.84144	6039472	1.0095	6045275	1.05828	6033684	25513.4055904164	6039472	913518.573551263	6045275	1398341.64871301
52	6120561	41768	6126364	885301	6132167	1209143	6120561	0.841	6126364	1.00983	6132167	1.05818	6120561	49664.6848989298	6126364	876683.204103661	6132167	1142662.87399119	6137144	29071	6142931	920262	6148735	1438657	6137144	0.84049	6142931	1.00965	6148735	1.05706	6137144	34588.1569084701	6142931	911466.349725152	6148735	1360998.42960664	6153727	21065	6159514	922924	6165318	1508628	6153727	0.84139	6159514	1.00954	6165318	1.05676	6153727	25035.95241208	6159514	914202.508072984	6165318	1427597.56236042
53	6240572	41591	6246360	885825	6252163	1221087	6240572	0.8422	6246360	1.00875	6252163	1.05831	6240572	49383.7568273569	6246360	878141.263940521	6252163	1153808.43042209	6257155	28421	6262927	919303	6268777	1464248	6257155	0.84135	6262927	1.00932	6268777	1.05875	6257155	33780.234147501	6262927	910814.211548369	6268777	1382996.93034238	6273753	20836	6279525	925053	6285329	1544697	6273753	0.84159	6279525	1.00892	6285329	1.05777	6273753	24757.8987392911	6279525	916874.479641597	6285329	1460333.53186421
54	6360583	41572	6366371	886420	6372174	1225755	6360583	0.84119	6366371	1.00977	6372174	1.05854	6360583	49420.4638666651	6366371	877843.469304891	6372174	1157967.57798477	6377166	28190	6382938	920464	6388741	1491398	6377166	0.84064	6382938	1.00957	6388741	1.05877	6377166	33533.97411496	6382938	911738.661014095	6388741	1408613.7688072	6393702	21061	6399490	924807	6405293	1578501	6393702	0.84153	6399490	1.00928	6405293	1.05865	6393702	25027.0340926646	6399490	916303.7016487	6405293	1491050.86666982
55	6480594	41786	6486382	884805	6492185	1236121	6480594	0.84152	6486382	1.00968	6492185	1.0587	6480594	49655.3854929176	6486382	876322.201093416	6492185	1167583.82922452	6497161	28032	6502949	921627	6508752	1516752	6497161	0.84197	6502949	1.01	6508752	1.05764	6497161	33293.3477439814	6502949	912501.98019802	6508752	1434090.99504557	6513729	20886	6519516	922323	6525335	1612054	6513729	0.84198	6519516	1.01002	6525335	1.05873	6513729	24805.8148649612	6519516	913173.006475119	6525335	1522629.94342278
56	6600605	41452	6606393	886341	6612196	1242608	6600605	0.84112	6606393	1.00975	6612196	1.0582	6600605	49281.9098345064	6606393	877782.619460262	6612196	1174265.73426573	6617188	27910	6622976	921629	6628779	1540827	6617188	0.84133	6622976	1.00912	6628779	1.05782	6617188	33173.6655058063	6622976	913299.706675123	6628779	1456606.03883458	6633755	21331	6639543	926068	6645346	1646297	6633755	0.84141	6639543	1.01008	6645346	1.05778	6633755	25351.4933266778	6639543	916826.389988912	6645346	1556369.94460096
57	6720616	41867	6726404	886890	6732223	1251445	6720616	0.8418	6726404	1.0101	6732223	1.0587	6720616	49735.0914706581	6726404	878021.978021978	6732223	1182058.18456598	6737183	28094	6742971	922614	6748774	1566038	6737183	0.84164	6742971	1.00936	6748774	1.05842	6737183	33380.0674872867	6742971	914058.413251962	6748774	1479599.78080535	6753751	21357	6759538	924639	6765341	1681017	6753751	0.8422	6759538	1.01014	6765341	1.05856	6753751	25358.5846592258	6759538	915357.2772091	6765341	1588022.40779927
58	6840627	42472	6846415	887374	6852218	1258206	6840627	0.84152	6846415	1.00995	6852218	1.05917	6840627	50470.5770510505	6846415	878631.615426506	6852218	1187916.95384122	6857194	28456	6862998	925131	6868785	1590744	6857194	0.84198	6862998	1.00935	6868785	1.05839	6857194	33796.527233426	6862998	916561.153217417	6868785	1502984.72207787	6873762	21052	6879549	927789	6885368	1713795	6873762	0.84212	6879549	1.01039	6885368	1.05915	6873762	24998.8125207809	6879549	918248.399133008	6885368	1618085.25704574
59	6960638	42451	6966410	887306	6972213	1262853	6960638	0.8421	6966410	1.01064	6972213	1.05904	6960638	50410.8775679848	6966410	877964.458165123	6972213	1192450.71007705	6977190	28534	6982977	925223	6988781	1611700	6977190	0.84227	6982977	1.0108	6988781	1.05891	6977190	33877.4977145096	6982977	915337.356549268	6988781	1522036.81143818	6993757	21210	6999560	927243	7005363	1738843	6993757	0.84155	6999560	1.00998	7005363	1.05903	6993757	25203.4935535619	6999560	918080.556050615	7005363	1641920.43662597
60	7080649	42561	7086437	887374	7092240	1264830	7080649	0.84153	7086437	1.01108	7092240	1.05918	7080649	50575.7370503725	7086437	877649.641967006	7092240	1194159.63292358	7097232	28563	7103004	926015	7108807	1626093	7097232	0.84228	7103004	1.01094	7108807	1.05827	7097232	33911.5258583844	7103004	915994.025362534	7108807	1536557.77826075	7113784	21198	7119556	925664	7125359	1770850	7113784	0.84226	7119556	1.00996	7125359	1.05919	7113784	25168.0003799302	7119556	916535.308329043	7125359	1671890.78446738
61	7200660	43059	7206448	887827	7212251	1270663	7200660	0.84189	7206448	1.01117	7212251	1.05996	7200660	51145.6366033567	7206448	878019.521939931	7212251	1198783.9163742	7217243	28925	7223046	926673	7228865	1643847	7217243	0.84223	7223046	1.01114	7228865	1.05925	7217243	34343.3503912233	7223046	916463.595545622	7228865	1551897.0970026	7233841	21455	7239629	927716	7245432	1794890	7233841	0.84183	7239629	1.01035	7245432	1.05918	7233841	25486.1432830857	7239629	918212.500618598	7245432	1694603.37242017
62	7320671	43451	7326459	888827	7332262	1268601	7320671	0.84248	7326459	1.01067	7332262	1.05791	7320671	51575.111575349	7326459	879443.339566822	7332262	1199157.77334556	7337223	28799	7343010	925173	7348829	1654312	7337223	0.84172	7343010	1.0103	7348829	1.05985	7337223	34214.4656180203	7343010	915740.869048798	7348829	1560892.57913856	7353806	21297	7359578	927620	7365381	1818992	7353806	0.84195	7359578	1.01037	7365381	1.0587	7353806	25294.851238197	7359578	918099.310153706	7365381	1718137.33824502
63	7440682	44106	7446470	887789	7452289	1270818	7440682	0.84204	7446470	1.00984	7452289	1.05858	7440682	52379.9344449195	7446470	879138.279331379	7452289	1200493.11341609	7457265	29361	7463053	923951	7468856	1661165	7457265	0.841	7463053	1.0089	7468856	1.05813	7457265	34912.0095124851	7463053	915800.376647834	7468856	1569906.34421101	7473832	21144	7479620	926705	7485423	1835873	7473832	0.84173	7479620	1.00967	7485423	1.05784	7473832	25119.6939636225	7479620	917829.587885151	7485423	1735492.13491643
64	7560693	43906	7566481	888921	7572284	1265722	7560693	0.84198	7566481	1.01019	7572284	1.05906	7560693	52146.1317370959	7566481	879954.266029163	7572284	1195137.19713708	7577276	29256	7583048	925904	7588851	1667759	7577276	0.84198	7583048	1.01053	7588851	1.05891	7577276	34746.6685669493	7583048	916255.826150634	7588851	1574977.09909246	7593828	21380	7599615	927448	7605418	1858095	7593828	0.84225	7599615	1.01123	7605418	1.05955	7593828	25384.3870584743	7599615	917148.423207381	7605418	1753664.29144448
65	7680704	44417	7686492	886714	7692295	1262651	7680704	0.84117	7686492	1.01024	7692295	1.05874	7680704	52803.8327567555	7686492	877726.084890719	7692295	1192597.80493795	7697271	30033	7703059	927747	7708862	1670841	7697271	0.8419	7703059	1.01026	7708862	1.05812	7697271	35672.882765174	7703059	918324.985647259	7708862	1579065.70143273	7713823	21578	7719611	925453	7725414	1875441	7713823	0.84221	7719611	1.01117	7725414	1.05876	7713823	25620.6884268769	7719611	915229.882215651	7725414	1771356.11470022
66	7800715	44459	7806503	889331	7812306	1260214	7800715	0.84154	7806503	1.01058	7812306	1.0586	7800715	52830.5249898995	7806503	880020.384333749	7812306	1190453.42905725	7817282	30499	7823070	925458	7828873	1667681	7817282	0.84199	7823070	1.01015	7828873	1.05873	7817282	36222.5204574876	7823070	916158.986289165	7828873	1575171.19567784	7833850	21562	7839637	927599	7845456	1892267	7833850	0.84244	7839637	1.01053	7845456	1.05989	7833850	25594.7011063102	7839637	917933.16378534	7845456	1785342.81859438
67	7920726	45179	7926514	888276	7932317	1254816	7920726	0.8425	7926514	1.01066	7932317	1.05939	7920726	53624.9258160237	7926514	878906.852947579	7932317	1184470.30838501	7937293	30870	7943081	922808	7948884	1664216	7937293	0.84245	7943081	1.01064	7948884	1.0591	7937293	36643.124221022	7943081	913092.693738621	7948884	1571349.25880465	7953861	21645	7959633	927170	7965436	1902320	7953861	0.84258	7959633	1.01038	7965436	1.05952	7953861	25688.9553514206	7959633	917644.846493398	7965436	1795454.54545455
68	8040737	45360	8046525	888040	8052344	1246409	8040737	0.84265	8046525	1.01057	8052344	1.05994	8040737	53830.178603216	8046525	878751.595634147	8052344	1175924.10891183	8057320	31690	8063108	926701	8068911	1658582	8057320	0.84166	8063108	1.01114	8068911	1.05969	8057320	37651.7833804624	8063108	916491.287062128	8068911	1565157.73480924	8073887	21717	8079675	925628	8085478	1907132	8073887	0.84203	8079675	1.01065	8085478	1.05831	8073887	25791.2425923067	8079675	915873.942512245	8085478	1802054.2185182
69	8160748	45537	8166536	888126	8172339	1239075	8160748	0.84267	8166536	1.01123	8172339	1.06	8160748	54038.9476307451	8166536	878263.105327176	8172339	1168938.67924528	8177315	31984	8183103	925773	8188906	1652378	8177315	0.8422	8183103	1.01105	8188906	1.05954	8177315	37976.727618143	8183103	915655.012116117	8188906	1559523.94435321	8193883	21782	8199670	926975	8205474	1920282	8193883	0.84312	8199670	1.01095	8205474	1.06018	8193883	25834.9938324319	8199670	916934.566496859	8205474	1811279.21673678
70	8280759	45894	8286547	887084	8292366	1229962	8280759	0.84202	8286547	1.01086	8292366	1.05999	8280759	54504.643595164	8286547	877553.766100153	8292366	1160352.45615525	8297342	32373	8303114	925962	8308917	1638569	8297342	0.84196	8303114	1.01094	8308917	1.05821	8297342	38449.5700508338	8303114	915941.598907947	8308917	1548434.62072746	8313894	21567	8319681	924128	8325485	1925055	8313894	0.8418	8319681	1.01085	8325485	1.05868	8313894	25620.0997861725	8319681	914208.834149478	8325485	1818353.98798504
71	8400770	45718	8406558	887382	8412345	1221367	8400770	0.84144	8406558	1.00955	8412345	1.05792	8400770	54333.0481080053	8406558	878987.66777277	8412345	1154498.44978826	8417337	33171	8423109	924748	8428913	1622273	8417337	0.8417	8423109	1.00914	8428913	1.05859	8417337	39409.5283355115	8423109	916372.356660127	8428913	1532484.72024108	8433889	21849	8439677	926338	8445464	1933464	8433889	0.8415	8439677	1.0108	8445464	1.05922	8433889	25964.3493761141	8439677	916440.443213296	8445464	1825365.83523725
72	8520781	46546	8526569	886326	8532372	1210174	8520781	0.84257	8526569	1.0106	8532372	1.05822	8520781	55242.8878312781	8526569	877029.487433208	8532372	1143593.95966812	8537364	33807	8543152	925544	8548955	1611050	8537364	0.84265	8543152	1.01007	8548955	1.05948	8537364	40119.8599655848	8543152	916316.690922412	8548955	1520604.44746479	8553931	21930	8559719	924567	8565522	1930650	8553931	0.84278	8559719	1.01072	8565522	1.05921	8553931	26021.0256531954	8559719	914760.764603451	8565522	1822726.37154105
73	8640792	46658	8646580	885602	8652383	1199792	8640792	0.84235	8646580	1.01031	8652383	1.05898	8640792	55390.2772006886	8646580	876564.618780374	8652383	1132969.46117963	8657344	34729	8663132	925905	8668935	1595586	8657344	0.84326	8663132	1.01049	8668935	1.05926	8657344	41184.2136470365	8663132	916293.085532761	8668935	1506321.39418084	8673911	21887	8679699	924240	8685502	1936253	8673911	0.84188	8679699	1.01113	8685502	1.06007	8673911	25997.7669026465	8679699	914066.440517045	8685502	1826533.153471
74	8760803	46994	8766591	886755	8772394	1190515	8760803	0.84277	8766591	1.01106	8772394	1.05989	8760803	55761.3583777306	8766591	877054.774197377	8772394	1123243.92153903	8777371	35132	8783158	925171	8788961	1575021	8777371	0.84239	8783158	1.01129	8788961	1.05913	8777371	41705.1484466815	8783158	914842.428976851	8788961	1487089.40356708	8793938	21875	8799725	922770	8805544	1934470	8793938	0.84203	8799725	1.01139	8805544	1.0592	8793938	25978.8843627899	8799725	912378.014415804	8805544	1826350.0755287
75	8880814	46855	8886602	886705	8892405	1180463	8880814	0.84257	8886602	1.01097	8892405	1.0601	8880814	55609.6229393404	8886602	877083.395155148	8892405	1113539.28874634	8897382	35431	8903169	926970	8908972	1555996	8897382	0.84249	8903169	1.01116	8908972	1.05945	8897382	42055.0985768377	8903169	916739.190632541	8908972	1468682.8071169	8913964	22090	8919752	925092	8925555	1937897	8913964	0.84244	8919752	1.01058	8925555	1.05965	8913964	26221.4519728408	8919752	915406.994003444	8925555	1828808.56886708
76	9000825	47667	9006629	887932	9012416	1171901	9000825	0.84265	9006629	1.01147	9012416	1.06006	9000825	56567.9700943452	9006629	877862.912394831	9012416	1105504.40541101	9017393	36175	9023180	926250	9028983	1536674	9017393	0.84264	9023180	1.01103	9028983	1.05937	9017393	42930.5515997342	9023180	916144.921515682	9028983	1450554.57488885	9033960	22334	9039732	925929	9045535	1934382	9033960	0.84308	9039732	1.01161	9045535	1.05968	9033960	26490.9617118186	9039732	915302.339834521	9045535	1825439.75539786
77	9120836	47560	9126608	886238	9132427	1162388	9120836	0.84286	9126608	1.01207	9132427	1.05981	9120836	56426.9273663479	9126608	875668.67904394	9132427	1096789.04709335	9137404	36478	9143191	926862	9148994	1515866	9137404	0.84297	9143191	1.01127	9148994	1.05897	9137404	43273.1888442056	9143191	916532.676733217	9148994	1431453.20452893	9153986	21954	9159758	921774	9165577	1930409	9153986	0.8424	9159758	1.01092	9165577	1.06035	9153986	26061.2535612536	9159758	911816.958809797	9165577	1820539.44452304
78	9240847	47954	9246635	886761	9252438	1149522	9240847	0.84277	9246635	1.01171	9252438	1.05952	9240847	56900.459200019	9246635	876497.217582114	9252438	1084946.01328904	9257415	37389	9263202	926135	9269005	1492024	9257415	0.84255	9263202	1.01087	9269005	1.05958	9257415	44376.0014242478	9263202	916176.16508552	9269005	1408127.74873063	9273966	22138	9279754	921569	9285557	1931176	9273966	0.84229	9279754	1.01055	9285557	1.06011	9273966	26283.1091429318	9279754	911947.949136609	9285557	1821675.10918678
79	9360858	47899	9366646	886785	9372449	1137401	9360858	0.84352	9366646	1.01111	9372449	1.05966	9360858	56784.6642640364	9366646	877041.07367151	9372449	1073364.0979182	9377426	37787	9383213	926424	9389016	1471922	9377426	0.84242	9383213	1.01205	9389016	1.06064	9377426	44855.2978324351	9383213	915393.508225878	9389016	1387767.76286016	9393993	22329	9399765	923845	9405552	1924778	9393993	0.84337	9399765	1.01263	9405552	1.06004	9393993	26475.923971685	9399765	912322.368486021	9405552	1815759.78264971
80	9480869	48398	9486657	888360	9492476	1127619	9480869	0.84296	9486657	1.01172	9492476	1.05958	9480869	57414.3494353231	9486657	878069.030957182	9492476	1064213.1788067	9497452	38734	9503224	928102	9509027	1447821	9497452	0.84361	9503224	1.01242	9509027	1.06001	9497452	45914.5813823923	9503224	916716.38252899	9509027	1365855.98249073	9514004	22443	9519791	925690	9525610	1922672	9514004	0.84287	9519791	1.01202	9525610	1.05985	9514004	26626.8819628175	9519791	914695.361751744	9525610	1814098.22144643
81	9600880	48819	9606668	886429	9612487	1116509	9600880	0.84296	9606668	1.01198	9612487	1.05894	9600880	57913.7800132865	9606668	875935.295163936	9612487	1054364.74210059	9617463	39035	9623251	927162	9629038	1423822	9617463	0.84313	9623251	1.01192	9629038	1.05989	9617463	46297.7239571596	9623251	916240.414261997	9629038	1343367.70796969	9634015	22392	9639802	921588	9645590	1917409	9634015	0.84303	9639802	1.01162	9645590	1.05966	9634015	26561.3323369275	9639802	911002.154959372	9645590	1809456.80690033
82	9720891	49064	9726679	884519	9732482	1106645	9720891	0.84213	9726679	1.01091	9732482	1.06103	9720891	58261.7885599611	9726679	874973.044088989	9732482	1042991.2443569	9737459	39270	9743246	925590	9749049	1401477	9737459	0.84321	9743246	1.01141	9749049	1.05995	9737459	46572.0283203473	9743246	915148.159500104	9749049	1322210.48162649	9754026	22462	9759798	919469	9765601	1907931	9754026	0.84255	9759798	1.01206	9765601	1.06062	9754026	26659.5454275711	9759798	908512.341165544	9765601	1798882.72896985
83	9840902	49313	9846690	884270	9852493	1094394	9840902	0.84351	9846690	1.01243	9852493	1.06067	9840902	58461.6661331816	9846690	873413.470560928	9852493	1031794.99750158	9857485	39992	9863273	925775	9869060	1379632	9857485	0.84439	9863273	1.01286	9869060	1.06106	9857485	47362.0009711152	9863273	914020.693876745	9869060	1300239.38325825	9874037	22631	9879824	924229	9885628	1905887	9874037	0.84297	9879824	1.01207	9885628	1.05997	9874037	26846.7442494988	9879824	913206.596381673	9885628	1798057.49219318
84	9960913	49687	9966701	887541	9972504	1087870	9960913	0.84387	9966701	1.01266	9972504	1.06057	9960913	58879.9222629078	9966701	876445.203720893	9972504	1025740.87518976	9977481	40804	9983268	927204	9989071	1355911	9977481	0.84391	9983268	1.01311	9989071	1.06064	9977481	48351.1274898982	9983268	915205.653877664	9989071	1278389.46296576	9994048	22737	9999820	921250	10005623	1898138	9994048	0.84328	9999820	1.01202	10005623	1.0605	9994048	26962.574708282	9999820	910308.096677931	10005623	1789851.95662423
85	10080924	49446	10086712	886227	10092515	1076367	10080924	0.84453	10086712	1.01264	10092515	1.06128	10080924	58548.5417924763	10086712	875164.915468478	10092515	1014215.8525554	10097492	41421	10103279	926978	10109082	1334155	10097492	0.84425	10103279	1.01253	10109082	1.06168	10097492	49062.4814924489	10103279	915506.701036019	10109082	1256645.12847562	10114059	23290	10119831	923829	10125634	1889746	10114059	0.84375	10119831	1.01282	10125634	1.06054	10114059	27602.962962963	10119831	912135.423866037	10125634	1781871.49942482
86	10200935	49841	10206723	885231	10212526	1066404	10200935	0.84286	10206723	1.01235	10212526	1.06048	10200935	59133.1893790191	10206723	874431.767669284	10212526	1005586.14966807	10217518	41709	10223290	925715	10229109	1313820	10217518	0.84304	10223290	1.0121	10229109	1.06146	10217518	49474.5207819321	10223290	914647.762078846	10229109	1237748.00746142	10234085	23151	10239857	920094	10245661	1878794	10234085	0.84331	10239857	1.01303	10245661	1.06004	10234085	27452.5382125197	10239857	908259.380275017	10245661	1772380.28753632
87	10320946	50057	10326734	883593	10332537	1053792	10320946	0.84303	10326734	1.01172	10332537	1.06117	10320946	59377.4836008208	10326734	873357.2529949	10332537	993047.296851588	10337498	42749	10343286	927521	10349089	1287958	10337498	0.84332	10343286	1.01197	10349089	1.06028	10337498	50691.3152777119	10343286	916549.897724241	10349089	1214733.84389029	10354065	23011	10359853	920610	10365656	1874728	10354065	0.84341	10359853	1.01206	10365656	1.0609	10354065	27283.2904518562	10359853	909639.744679169	10365656	1767110.94353851
88	10440957	49845	10446745	883953	10452548	1049432	10440957	0.84428	10446745	1.0122	10452548	1.06137	10440957	59038.4706495475	10446745	873298.755186722	10452548	988752.273005644	10457525	43014	10463312	928649	10469115	1266505	10457525	0.84312	10463312	1.01194	10469115	1.0604	10457525	51017.6487332764	10463312	917691.76038105	10469115	1194365.33383629	10474107	23270	10479880	921445	10485683	1861869	10474107	0.84301	10479880	1.01219	10485683	1.0599	10474107	27603.4685235051	10479880	910347.859591578	10485683	1756645.90999151
89	10560968	49913	10566756	882478	10572559	1037949	10560968	0.84361	10566756	1.01178	10572559	1.06047	10560968	59165.9653157265	10566756	872203.44343632	10572559	978763.189906362	10577536	43442	10583323	924515	10589126	1243427	10577536	0.84286	10583323	1.01154	10589126	1.06068	10577536	51541.1812163349	10583323	913967.8114558	10589126	1172292.30305087	10594103	23242	10599891	921067	10605694	1856818	10594103	0.84351	10599891	1.012	10605694	1.06062	10594103	27553.9116311603	10599891	910145.256916996	10605694	1750691.10520262
90	10680979	50507	10686767	882530	10692570	1026914	10680979	0.84314	10686767	1.01218	10692570	1.06099	10680979	59903.4561282824	10686767	871910.134561047	10692570	967882.826416837	10697547	43669	10703334	924885	10709153	1224040	10697547	0.84356	10703334	1.01159	10709153	1.06119	10697547	51767.5091279814	10703334	914288.397473285	10709153	1153459.79513565	10714130	23691	10719933	918284	10725736	1843993	10714130	0.84381	10719933	1.01179	10725736	1.06071	10714130	28076.2256906176	10719933	907583.589480031	10725736	1738451.60317146
91	10800990	50498	10806778	883303	10812581	1021227	10800990	0.84308	10806778	1.01253	10812581	1.06016	10800990	59897.0441713717	10806778	872372.176626865	10812581	963276.297917296	10817542	44505	10823330	924382	10829117	1202787	10817542	0.84303	10823330	1.01191	10829117	1.06086	10817542	52791.7155973097	10823330	913502.188929846	10829117	1133784.85379786	10834109	23790	10839897	917768	10845700	1833692	10834109	0.84377	10839897	1.01205	10845700	1.06145	10834109	28194.8872323026	10839897	906840.571118028	10845700	1727534.97574073
92	10921001	51185	10926789	882899	10932592	1010441	10921001	0.84295	10926789	1.0115	10932592	1.05975	10921001	60721.2764695415	10926789	872861.097380128	10932592	953471.101674923	10937569	45137	10943356	924922	10949175	1178866	10937569	0.84271	10943356	1.01173	10949175	1.06035	10937569	53561.7234873207	10943356	914198.452156208	10949175	1111770.64176923	10954152	23624	10959924	918669	10965727	1826188	10954152	0.84259	10959924	1.01249	10965727	1.06155	10954152	28037.3609940778	10959924	907336.368754259	10965727	1720303.33003627
93	11041012	50971	11046816	881783	11052603	1002673	11041012	0.84238	11046816	1.0115	11052603	1.05984	11041012	60508.3216600584	11046816	871757.785467128	11052603	946060.726147343	11057580	45616	11063367	925536	11069171	1153084	11057580	0.84251	11063367	1.01123	11069171	1.05931	11057580	54142.977531424	11063367	915257.656517311	11069171	1088523.6616288	11074147	24124	11079935	917881	11085738	1812531	11074147	0.84354	11079935	1.01167	11085738	1.06066	11074147	28598.5252625839	11079935	907292.891950933	11085738	1708870.89170894
94	11161024	51153	11166811	884117	11172630	996638	11161024	0.84285	11166811	1.01208	11172630	1.06006	11161024	60690.5143263926	11166811	873564.342739705	11172630	940171.311057865	11177591	46010	11183394	923310	11189197	1130778	11177591	0.84272	11183394	1.01161	11189197	1.0603	11177591	54597.0191760015	11183394	912713.397455541	11189197	1066469.86701877	11194174	24401	11199961	916539	11205764	1801795	11194174	0.84334	11199961	1.01111	11205764	1.06022	11194174	28933.7633694595	11199961	906468.138975977	11205764	1699453.88692913
95	11281035	51621	11286822	882862	11292641	986937	11281035	0.84251	11286822	1.01097	11292641	1.06013	11281035	61270.489371046	11286822	873282.095413316	11292641	930958.467357777	11297602	46850	11303389	923978	11309193	1102814	11297602	0.84234	11303389	1.01089	11309193	1.06002	11297602	55618.871239642	11303389	914024.275638299	11309193	1040370.93639743	11314169	24358	11319957	913873	11325760	1787157	11314169	0.84289	11319957	1.01047	11325760	1.05955	11314169	28898.195494074	11319957	904403.891258523	11325760	1686713.22731348
96	11401046	51779	11406833	878018	11412652	978062	11401046	0.84272	11406833	1.01117	11412652	1.05992	11401046	61442.7093221948	11406833	868318.878131274	11412652	922769.642991924	11417597	47443	11423400	924106	11429204	1079748	11417597	0.84214	11423400	1.01112	11429204	1.06044	11417597	56336.2386301565	11423400	913942.954347654	11429204	1018207.53649429	11434196	24326	11439968	916370	11445755	1779800	11434196	0.84286	11439968	1.01213	11445755	1.06034	11434196	28861.2580974302	11439968	905387.6478318	11445755	1678518.21113982
97	11521057	51853	11526844	881162	11532663	971825	11521057	0.84309	11526844	1.01137	11532663	1.06071	11521057	61503.5168250128	11526844	871255.821311686	11532663	916202.35502635	11537624	47399	11543411	925658	11549277	1059935	11537624	0.84214	11543411	1.01105	11549277	1.06059	11537624	56283.9907853801	11543411	915541.268977795	11549277	999382.419219491	11554253	24688	11560041	918119	11565860	1765754	11554253	0.84333	11560041	1.01214	11565860	1.05995	11554253	29274.4240095811	11560041	907106.724366195	11565860	1665884.23982263
98	11641068	52126	11646855	880943	11652674	963242	11641068	0.84262	11646855	1.01118	11652674	1.05929	11641068	61861.8119674349	11646855	871202.951007734	11652674	909327.94607709	11657635	48623	11663407	925224	11669210	1037458	11657635	0.84318	11663407	1.01171	11669210	1.06036	11657635	57666.2159918404	11663407	914515.02901029	11669210	978401.674902863	11674186	24870	11679974	916881	11685762	1756853	11674186	0.84273	11679974	1.0116	11685762	1.0608	11674186	29511.2313552383	11679974	906367.141162515	11685762	1656158.55957768
99	11761079	52145	11766866	880175	11772685	957698	11761079	0.84218	11766866	1.01156	11772685	1.06033	11761079	61916.6923935501	11766866	870116.45379414	11772685	903207.492007205	11777646	48921	11783433	924936	11789237	1020530	11777646	0.84346	11783433	1.01138	11789237	1.0609	11777646	58000.3793896569	11783433	914528.663805889	11789237	961947.403148271	11794229	24820	11800016	916789	11805804	1742085	11794229	0.84312	11800016	1.01316	11805804	1.06012	11794229	29438.276876364	11800016	904880.769078922	11805804	1643290.38222088
100	11881090	52250	11886877	880850	11892696	951001	11881090	0.84327	11886877	1.01219	11892696	1.06115	11881090	61961.1749498974	11886877	870241.753030557	11892696	896198.463930641	11897657	49409	11903444	925150	11909248	1009404	11897657	0.84377	11903444	1.01273	11909248	1.06074	11897657	58557.4267869206	11903444	913520.879207686	11909248	951603.597488546	11914224	24906	11920012	912632	11925815	1725098	11914224	0.8426	11920012	1.01119	11925815	1.05954	11914224	29558.5093757418	11920012	902532.65953975	11925815	1628157.50231232
101	12001101	52675	12006904	879639	12012707	944125	12001101	0.84349	12006904	1.01194	12012707	1.06006	12001101	62448.8731342399	12006904	869260.035179951	12012707	890633.549044394	12017683	49802	12023471	925798	12029274	1002628	12017683	0.84334	12023471	1.01186	12029274	1.06053	12017683	59053.2881162995	12023471	914946.731761311	12029274	945402.770312957	12034251	25354	12040038	914180	12045841	1714067	12034251	0.84346	12040038	1.01249	12045841	1.06114	12034251	30059.5167524245	12040038	902902.744718466	12045841	1615307.1225286
102	12121112	52796	12126884	881603	12132702	940377	12121112	0.84379	12126884	1.01208	12132702	1.06034	12121112	62570.0707522014	12126884	871080.349379496	12132702	886863.64750929	12137679	49806	12143466	926278	12149285	988210	12137679	0.84291	12143466	1.01175	12149285	1.06139	12137679	59088.158878172	12143466	915520.632567334	12149285	931052.676207614	12154262	25617	12160049	915444	12165852	1699358	12154262	0.84367	12160049	1.0116	12165852	1.06003	12154262	30363.7678239122	12160049	904946.619217082	12165852	1603122.55313529
103	12241123	52803	12246910	878528	12252713	934354	12241123	0.84338	12246910	1.01246	12252713	1.061	12241123	62608.7884464891	12246910	867716.255457006	12252713	880635.249764373	12257705	50518	12263477	925684	12269296	977787	12257705	0.84336	12263477	1.01258	12269296	1.06	12257705	59900.8726996775	12263477	914183.570680835	12269296	922440.566037736	12274288	25905	12280060	913597	12285863	1691851	12274288	0.84359	12280060	1.01198	12285863	1.06056	12274288	30708.0453774938	12280060	902781.675527184	12285863	1595243.07912801
104	12361134	53100	12366921	879483	12372724	927001	12361134	0.84446	12366921	1.01152	12372724	1.06074	12361134	62880.4206238306	12366921	869466.743119266	12372724	873919.15078153	12377701	50715	12383488	924879	12389292	970416	12377701	0.84384	12383488	1.01259	12389292	1.06072	12377701	60100.2559726963	12383488	913379.551447279	12389292	914865.374462629	12394252	26063	12400040	913053	12405843	1671702	12394252	0.84413	12400040	1.01222	12405843	1.06049	12394252	30875.5760368664	12400040	902030.191065183	12405843	1576348.66901149
105	12481145	52732	12486932	877396	12492735	917081	12481145	0.84338	12486932	1.01265	12492735	1.05994	12481145	62524.6033816311	12486932	866435.589789167	12492735	865219.729418646	12497712	51433	12503515	922663	12509303	959055	12497712	0.84383	12503515	1.01192	12509303	1.0597	12497712	60951.8504912127	12503515	911794.410625346	12509303	905025.007077475	12514279	26652	12520067	912946	12525870	1657345	12514279	0.84385	12520067	1.0119	12525870	1.06022	12514279	31583.8122889139	12520067	902209.704516257	12525870	1563208.57935146
106	12601156	53542	12606943	879167	12612762	915724	12601156	0.84373	12606943	1.01168	12612762	1.06146	12601156	63458.6893911559	12606943	869016.882808793	12612762	862702.315678405	12617738	51508	12623526	922676	12629329	951843	12617738	0.84315	12623526	1.01143	12629329	1.06103	12617738	61089.9602680425	12623526	912248.993998596	12629329	897093.390384815	12634321	26610	12640093	913666	12645897	1645477	12634321	0.84336	12640093	1.01127	12645897	1.06118	12634321	31552.3619806488	12640093	903483.738269701	12645897	1550610.64098456
107	12721167	54035	12726954	877906	12732757	911919	12721167	0.84352	12726954	1.01218	12732757	1.06075	12721167	64058.9434749621	12726954	867341.777154261	12732757	859692.670280462	12737734	52362	12743521	924473	12749325	945932	12737734	0.84353	12743521	1.01197	12749325	1.06168	12737734	62074.8521095871	12743521	913537.950729765	12749325	890976.565443448	12754286	26842	12760073	912734	12765876	1633289	12754286	0.84341	12760073	1.01152	12765876	1.06093	12754286	31825.5652648178	12760073	902339.054096805	12765876	1539487.99638053
108	12841178	53644	12846965	875320	12852784	906424	12841178	0.84372	12846965	1.01202	12852784	1.06128	12841178	63580.334708197	12846965	864923.618110314	12852784	854085.632443841	12857760	52406	12863548	923346	12869351	934753	12857760	0.8432	12863548	1.01171	12869351	1.05957	12857760	62151.3282732448	12863548	912658.765851875	12869351	882200.326547562	12874328	27179	12880115	910967	12885919	1616498	12874328	0.8434	12880115	1.01148	12885919	1.06194	12874328	32225.5157695044	12880115	900627.792937082	12885919	1522212.17771249
109	12961189	53814	12966976	876618	12972779	900384	12961189	0.84305	12966976	1.01132	12972779	1.06005	12961189	63832.5128995908	12966976	866805.758810268	12972779	849378.802886656	12977756	52538	12983544	921964	12989347	930138	12977756	0.84358	12983544	1.01116	12989347	1.06022	12977756	62279.8074871382	12983544	911788.440998457	12989347	877306.596744072	12994339	27746	13000126	911162	13005930	1598456	12994339	0.84328	13000126	1.01112	13005930	1.06008	12994339	32902.476045916	13000126	901141.308647836	13005930	1507863.55746736
110	13081200	54021	13086987	877943	13092790	897072	13081200	0.84357	13086987	1.01213	13092790	1.06101	13081200	64038.5504463174	13086987	867421.181073577	13092790	845488.73243419	13097783	52669	13103570	922374	13109358	922723	13097783	0.84429	13103570	1.01213	13109358	1.06074	13097783	62382.593658577	13103570	911319.69213441	13109358	869886.117238909	13114350	28196	13120122	911114	13125925	1583469	13114350	0.84374	13120122	1.01282	13125925	1.06079	13114350	33417.8775452154	13120122	899581.366876641	13125925	1492726.17577466
111	13201211	53848	13206998	877759	13212802	891355	13201211	0.84373	13206998	1.01234	13212802	1.06076	13201211	63821.3646545696	13206998	867059.485943458	13212802	840298.465251329	13217794	52724	13223566	921508	13229384	916618	13217794	0.84326	13223566	1.01122	13229384	1.05998	13217794	62524.0139458767	13223566	911283.400249204	13229384	864750.278307138	13234361	28518	13240148	911922	13245952	1570880	13234361	0.84311	13240148	1.01276	13245952	1.06048	13234361	33824.7678238901	13240148	900432.481535606	13245952	1481291.49064575
112	13321222	53841	13326994	879777	13332813	888395	13321222	0.84362	13326994	1.01183	13332813	1.06145	13321222	63821.3887769375	13326994	869490.922388148	13332813	836963.587545339	13337789	53473	13343577	919601	13349380	908963	13337789	0.8449	13343577	1.01218	13349380	1.06012	13337789	63289.1466445733	13343577	908535.043174139	13349380	857415.19827944	13354372	28697	13360159	912423	13365963	1554857	13354372	0.84386	13360159	1.01233	13365963	1.06101	13354372	34006.8257767876	13360159	901309.849554987	13365963	1465449.90150894
113	13441233	54380	13447020	877988	13452824	882257	13441233	0.84275	13447020	1.01245	13452824	1.0604	13441233	64526.8466330466	13447020	867191.466245247	13452824	832003.960769521	13457800	53941	13463588	921825	13469406	901489	13457800	0.84375	13463588	1.01232	13469406	1.06049	13457800	63930.0740740741	13463588	910606.330014225	13469406	850068.3646239	13474383	29569	13480170	909672	13485974	1538260	13474383	0.84386	13480170	1.01212	13485974	1.06112	13474383	35040.1725404688	13480170	898778.800932696	13485974	1449656.96622437
114	13561244	55228	13567016	874713	13572835	878725	13561244	0.84336	13567016	1.0112	13572835	1.06063	13561244	65485.6763422501	13567016	865024.723101266	13572835	828493.442576582	13577811	53860	13583599	922620	13589402	898544	13577811	0.84334	13583599	1.01251	13589402	1.06134	13577811	63865.1077857092	13583599	911220.629919705	13589402	846612.772532836	13594378	29664	13600166	912549	13605969	1522913	13594378	0.84366	13600166	1.01266	13605969	1.06003	13594378	35161.0838489439	13600166	901140.560504019	13605969	1436669.7168948
115	13681255	55059	13687042	876517	13692861	875240	13681255	0.84375	13687042	1.01219	13692861	1.06061	13681255	65255.1111111111	13687042	865960.93618787	13692861	825223.220599466	13697838	53825	13703625	920146	13709413	890756	13697838	0.84295	13703625	1.01161	13709413	1.06078	13697838	63853.1348241296	13703625	909585.709907968	13709413	839717.94340014	13714374	29974	13720177	910802	13725980	1507084	13714374	0.84345	13720177	1.01178	13725980	1.06102	13714374	35537.3762522971	13720177	900197.671430548	13725980	1420410.54834028
116	13801266	55362	13807053	877473	13812857	869441	13801266	0.84327	13807053	1.01223	13812857	1.06047	13801266	65651.5706713152	13807053	866871.165644172	13812857	819863.833960414	13817849	54784	13823636	921085	13829424	887341	13817849	0.84338	13823636	1.01219	13829424	1.06145	13817849	64957.6703265432	13823636	909992.195141228	13829424	835970.606246173	13834416	30996	13840203	909582	13846007	1493682	13834416	0.84315	13840203	1.01172	13846007	1.0613	13834416	36762.1419676214	13840203	899045.190368877	13846007	1407407.89597663
117	13921277	55220	13927064	874850	13932868	867736	13921277	0.84339	13927064	1.01123	13932868	1.05978	13921277	65473.8614401404	13927064	865134.539125619	13932868	818788.805223726	13937844	54700	13943632	920118	13949435	881186	13937844	0.84346	13943632	1.01176	13949435	1.06091	13937844	64851.9194745453	13943632	909423.183363644	13949435	830594.489636256	13954411	30917	13960199	908794	13966002	1474174	13954411	0.84368	13960199	1.01273	13966002	1.06106	13954411	36645.4105822113	13960199	897370.473867664	13966002	1389340.84783141
118	14041288	54851	14047091	873240	14052894	864321	14041288	0.84407	14047091	1.01139	14052894	1.06069	14041288	64983.9468290545	14047091	863405.807848605	14052894	814866.737689617	14057871	55179	14063658	920060	14069446	875178	14057871	0.84344	14063658	1.01182	14069446	1.06141	14057871	65421.3696291378	14063658	909311.932952501	14069446	824542.825109995	14074422	31326	14080210	905262	14085997	1458783	14074422	0.8433	14080210	1.01193	14085997	1.06136	14074422	37146.9228032729	14080210	894589.546707776	14085997	1374446.93600663
119	14161299	55238	14167102	874549	14172905	860111	14161299	0.8434	14167102	1.01174	14172905	1.06063	14161299	65494.4273179986	14167102	864400.933046039	14172905	810943.495846808	14177866	55331	14183654	922340	14189441	872718	14177866	0.84372	14183654	1.01278	14189441	1.06117	14177866	65579.8132081733	14183654	910701.238176109	14189441	822411.11226288	14194418	31893	14200205	908233	14206008	1441183	14194418	0.84408	14200205	1.0131	14206008	1.06078	14194418	37784.3332385556	14200205	896488.994176291	14206008	1358606.87418692
120	14281310	55634	14287097	875744	14292901	858405	14281310	0.84363	14287097	1.01229	14292901	1.06129	14281310	65945.9715752166	14287097	865111.776269646	14292901	808831.704812068	14297877	55778	14303665	919395	14309483	866671	14297877	0.84371	14303665	1.01229	14309483	1.06032	14297877	66110.3933816122	14303665	908232.818658685	14309483	817367.398521201	14314444	32071	14320232	908835	14326019	1424996	14314444	0.84385	14320232	1.01232	14326019	1.06149	14314444	38005.5697102566	14320232	897774.419155998	14326019	1342448.82193897
121	14401321	56052	14407108	875817	14412912	855453	14401321	0.84367	14407108	1.01285	14412912	1.06081	14401321	66438.2993350481	14407108	864705.53388952	14412912	806414.909361714	14417888	56087	14423676	921220	14429479	861981	14417888	0.84309	14423676	1.01293	14429479	1.06029	14417888	66525.519220961	14423676	909460.673491752	14429479	812967.207084854	14434455	32697	14440243	910393	14446046	1409975	14434455	0.84441	14440243	1.01246	14446046	1.06069	14434455	38721.7110171599	14440243	899189.103767062	14446046	1329299.79541619
122	14521332	55613	14527119	874115	14532938	852137	14521332	0.84289	14527119	1.01227	14532938	1.06119	14521332	65978.953362835	14527119	863519.614332145	14532938	803001.347543795	14537915	56278	14543687	918872	14549490	857413	14537915	0.84372	14543687	1.01168	14549490	1.0604	14537915	66702.2234864647	14543687	908263.482524118	14549490	808575.066012825	14554482	33467	14560254	907650	14566041	1392932	14554482	0.84289	14560254	1.01207	14566041	1.06051	14554482	39705.0623450272	14560254	896825.318406829	14566041	1313454.84719616
123	14641343	55740	14647130	872699	14652949	846300	14641343	0.84366	14647130	1.01246	14652949	1.06077	14641343	66069.2696109807	14647130	861958.990972483	14652949	797816.680335982	14657926	57041	14663698	918441	14669501	852636	14657926	0.84421	14663698	1.01245	14669501	1.06082	14657926	67567.3114509423	14663698	907147.019605906	14669501	803751.814633962	14674493	33664	14680265	908371	14686068	1379027	14674493	0.84336	14680265	1.01285	14686068	1.06091	14674493	39916.5243786758	14680265	896846.52218986	14686068	1299852.9564242
124	14761354	55887	14767141	873686	14772960	844281	14761354	0.84324	14767141	1.01235	14772960	1.06035	14761354	66276.5049096343	14767141	863027.609028498	14772960	796228.603762908	14777937	57057	14783709	918771	14789512	849016	14777937	0.84367	14783709	1.01161	14789512	1.06051	14777937	67629.5233918475	14783709	908226.490445923	14789512	800573.309068278	14794488	33945	14800276	906401	14806064	1361340	14794488	0.84338	14800276	1.01174	14806064	1.06051	14794488	40248.7609381299	14800276	895883.329709214	14806064	1283665.4062668
125	14881365	56230	14887152	870321	14892971	842642	14881365	0.84336	14887152	1.01262	14892971	1.0613	14881365	66673.7810662113	14887152	859474.432659833	14892971	793971.544332423	14897932	57111	14903735	914701	14909523	844945	14897932	0.84359	14903735	1.01188	14909523	1.06115	14897932	67699.9490273711	14903735	903961.93224493	14909523	796254.063987184	14914499	34441	14920287	909386	14926090	1345472	14914499	0.84397	14920287	1.01227	14926090	1.06063	14914499	40808.3225707075	14920287	898363.084947692	14926090	1268559.25251973
126	15001376	56494	15007163	873382	15012982	840584	15001376	0.84439	15007163	1.01352	15012982	1.06164	15001376	66905.1030921731	15007163	861731.391585761	15012982	791778.75739422	15017943	57267	15023731	918006	15029534	840885	15017943	0.8443	15023731	1.01384	15029534	1.06131	15017943	67827.7863318726	15023731	905474.236565928	15029534	792308.562060096	15034495	35169	15040282	906873	15046086	1330064	15034495	0.84448	15040282	1.01216	15046086	1.06092	15034495	41645.7464948844	15040282	895977.908631047	15046086	1253689.25083889
127	15121387	55901	15127174	871211	15132993	836892	15121387	0.84412	15127174	1.01211	15132993	1.06186	15121387	66223.9965881628	15127174	860786.870992284	15132993	788137.795942968	15137970	58138	15143757	919172	15149561	839552	15137970	0.84424	15143757	1.01251	15149561	1.06163	15137970	68864.3039893869	15143757	907815.231454504	15149561	790814.125448603	15154537	35574	15160325	907842	15166128	1313169	15154537	0.84473	15160325	1.01418	15166128	1.06261	15154537	42112.8644655689	15160325	895148.790155594	15166128	1235795.82349122
128	15241398	56140	15247185	872472	15253004	834094	15241398	0.84395	15247185	1.01355	15253004	1.0621	15241398	66520.5284673263	15247185	860808.050910167	15253004	785325.29893607	15257981	57960	15263784	919987	15269587	834964	15257981	0.84373	15263784	1.01356	15269587	1.06158	15257981	68694.9616583504	15263784	907678.874462291	15269587	786529.512613275	15274548	36464	15280336	907360	15286139	1299020	15274548	0.84492	15280336	1.01242	15286139	1.06143	15274548	43156.7485679118	15280336	896228.8378341	15286139	1223839.53722808
129	15361409	56573	15367212	874759	15373015	833272	15361409	0.84479	15367212	1.01298	15373015	1.06184	15361409	66966.9385291019	15367212	863550.119449545	15373015	784743.464175394	15377992	58410	15383764	921319	15389567	834783	15377992	0.84436	15383764	1.01278	15389567	1.06231	15377992	69176.654507556	15383764	909693.121902091	15389567	785818.640509832	15394543	36878	15400331	908732	15406119	1284632	15394543	0.84383	15400331	1.01249	15406119	1.06158	15394543	43703.1155564509	15400331	897521.950834082	15406119	1210113.22745342
130	15481420	56511	15487208	871032	15493026	830329	15481420	0.8442	15487208	1.01271	15493026	1.06223	15481420	66940.2985074627	15487208	860100.127380988	15493026	781684.757538386	15498003	57976	15503775	917911	15509578	828437	15498003	0.84471	15503775	1.0135	15509578	1.06053	15498003	68634.2058221165	15503775	905684.262456833	15509578	781153.762741271	15514554	37385	15520342	905797	15526145	1268806	15514554	0.84411	15520342	1.01234	15526145	1.06135	15514554	44289.2514008838	15520342	894755.714483277	15526145	1195464.26720686
131	15601431	56809	15607219	873068	15613037	828370	15601431	0.8441	15607219	1.01326	15613037	1.06209	15601431	67301.2676223196	15607219	861642.618873734	15613037	779943.31930439	15618014	58365	15623786	918225	15629589	826538	15618014	0.8446	15623786	1.01341	15629589	1.0618	15618014	69103.7177362065	15623786	906074.540413061	15629589	778430.966283669	15634565	37677	15640337	906519	15646141	1252806	15634565	0.84385	15640337	1.01341	15646141	1.06194	15634565	44648.9304971263	15640337	894523.44066074	15646141	1179733.31826657
132	15721442	57319	15727230	871093	15733048	824257	15721442	0.84455	15727230	1.01404	15733048	1.06212	15721442	67869.2794979575	15727230	859032.188079366	15733048	776048.845704817	15738025	59130	15743812	917399	15749600	823756	15738025	0.84475	15743812	1.01271	15749600	1.06182	15738025	69997.0405445398	15743812	905885.199119195	15749600	775796.274321448	15754592	38106	15760364	906519	15766167	1237501	15754592	0.84424	15760364	1.01178	15766167	1.06195	15754592	45136.4540888847	15760364	895964.53774536	15766167	1165310.04284571
133	15841453	57294	15847256	872295	15853059	822644	15841453	0.84407	15847256	1.01291	15853059	1.06078	15841453	67878.2565427038	15847256	861177.202318074	15853059	775508.588020136	15858036	59309	15863823	916484	15869611	822645	15858036	0.8437	15863823	1.01256	15869611	1.06149	15858036	70296.3138556359	15863823	905115.746227384	15869611	774990.814798067	15874619	38540	15880406	907059	15886194	1224249	15874619	0.8442	15880406	1.01334	15886194	1.0607	15874619	45652.688936271	15880406	895118.124222867	15886194	1154189.68605638
134	15961464	57264	15967252	871353	15973070	822208	15961464	0.84414	15967252	1.01327	15973070	1.06122	15961464	67837.0886345867	15967252	859941.575295825	15973070	774776.200976235	15978047	59794	15983819	917567	15989638	818766	15978047	0.8443	15983819	1.01308	15989638	1.06187	15978047	70820.7982944451	15983819	905720.180045011	15989638	771060.487630313	15994614	39066	16000402	907239	16006189	1209930	15994614	0.84439	16000402	1.01294	16006189	1.06222	15994614	46265.3513187034	16000402	895649.298082809	16006189	1139057.8222967
135	16081475	57114	16087278	871054	16093081	819898	16081475	0.84389	16087278	1.01284	16093081	1.06121	16081475	67679.436893434	16087278	860011.452944197	16093081	772606.741361276	16098042	60347	16103830	917856	16109633	813355	16098042	0.84395	16103830	1.01295	16109633	1.06169	16098042	71505.4209372593	16103830	906121.723678365	16109633	766094.622724148	16114625	39369	16120413	906435	16126216	1196991	16114625	0.8442	16120413	1.01274	16126216	1.06089	16114625	46634.683724236	16120413	895032.288642692	16126216	1128289.45508017
136	16201486	57328	16207274	870693	16213077	818427	16201486	0.84444	16207274	1.01263	16213077	1.06235	16201486	67888.7783619914	16207274	859833.305353387	16213077	770392.996658352	16218053	60187	16223841	916826	16229644	813387	16218053	0.84402	16223841	1.01319	16229644	1.06128	16218053	71309.9215658397	16223841	904890.494379139	16229644	766420.737222976	16234620	39554	16240392	908871	16246196	1183457	16234620	0.84401	16240392	1.01399	16246196	1.06216	16234620	46864.373644862	16240392	896331.324766516	16246196	1114198.42584921
137	16321497	57373	16327285	869764	16333103	815088	16321497	0.84414	16327285	1.01214	16333103	1.06161	16321497	67966.2141350961	16327285	859331.71300413	16333103	767784.779721367	16338064	60467	16343836	915893	16349639	811555	16338064	0.84483	16343836	1.01339	16349639	1.06166	16338064	71572.9791792432	16343836	903791.235358549	16349639	764420.812689562	16354616	40141	16360403	905595	16366207	1174267	16354616	0.84389	16360403	1.01258	16366207	1.06302	16354616	47566.6259820593	16360403	894344.150585633	16366207	1104651.84098135
138	16441508	57301	16447296	871149	16453114	813946	16441508	0.84405	16447296	1.01223	16453114	1.06158	16441508	67888.1582844618	16447296	860623.573693726	16453114	766730.722131163	16458075	60297	16463863	918089	16469666	807425	16458075	0.84452	16463863	1.01371	16469666	1.06092	16458075	71397.9538672856	16463863	905672.233676298	16469666	761061.154469706	16474658	40341	16480430	904965	16486233	1156797	16474658	0.8449	16480430	1.01292	16486233	1.06209	16474658	47746.4788732394	16480430	893421.987916124	16486233	1089170.40928735
139	16561519	57344	16567307	870725	16573125	813601	16561519	0.84464	16567307	1.01222	16573125	1.06168	16561519	67891.6461451032	16567307	860213.194760032	16573125	766333.546831437	16578102	60395	16583905	914929	16589724	806749	16578102	0.84389	16583905	1.0126	16589724	1.06198	16578102	71567.3843747408	16583905	903544.341299625	16589724	759664.96544191	16594700	41410	16600488	907258	16606291	1148990	16594700	0.84492	16600488	1.01411	16606291	1.06302	16594700	49010.5572125172	16600488	894634.704322016	16606291	1080873.36080224
140	16681530	57921	16687318	868454	16693136	809183	16681530	0.84446	16687318	1.01299	16693136	1.06204	16681530	68589.3944058925	16687318	857317.446371632	16693136	761913.863884599	16698097	60932	16703885	916151	16709688	802452	16698097	0.845	16703885	1.01322	16709688	1.06199	16698097	72108.875739645	16703885	904197.50893192	16709688	755611.634761156	16714680	41480	16720468	905344	16726271	1135039	16714680	0.8442	16720468	1.01286	16726271	1.06175	16714680	49135.2760009476	16720468	893849.100566712	16726271	1069026.60701672
141	16801541	57782	16807329	867737	16813147	807100	16801541	0.84408	16807329	1.01298	16813147	1.0617	16801541	68455.5966259122	16807329	856618.097099647	16813147	760195.912216257	16818108	60849	16823896	915646	16829699	800963	16818108	0.84462	16823896	1.01325	16829699	1.06096	16818108	72043.0489450877	16823896	903672.34147545	16829699	754941.750867139	16834675	41942	16840463	903330	16846251	1122705	16834675	0.84437	16840463	1.01249	16846251	1.06132	16834675	49672.536921018	16840463	892186.58949718	16846251	1057838.35224061
142	16921552	57869	16927340	870048	16933143	809140	16921552	0.84418	16927340	1.01366	16933143	1.06214	16921552	68550.5460920657	16927340	858323.303671843	16933143	761801.645734084	16938119	61714	16943891	914726	16949694	799098	16938119	0.84422	16943891	1.01241	16949694	1.06142	16938119	73101.7981094975	16943891	903513.398721862	16949694	752857.492792674	16954671	42697	16960458	907486	16966262	1114490	16954671	0.84517	16960458	1.01399	16966262	1.06295	16954671	50518.8305311357	16960458	894965.433584158	16966262	1048487.69932734
143	17041563	58493	17047351	868636	17053138	806934	17041563	0.8445	17047351	1.01252	17053138	1.06186	17041563	69263.469508585	17047351	857895.152688342	17053138	759925.037198877	17058130	61907	17063918	916229	17069721	794845	17058130	0.8441	17063918	1.01308	17069721	1.06113	17058130	73340.8363937922	17063918	904399.45512694	17069721	749055.25241959	17074713	42440	17080485	906025	17086288	1101841	17074713	0.84372	17080485	1.0126	17086288	1.06193	17074713	50301.0477409567	17080485	894751.135690302	17086288	1037583.45653668
144	17161574	58568	17167362	870774	17173196	805176	17161574	0.84436	17167362	1.01325	17173196	1.06311	17161574	69363.7784831115	17167362	859387.120651369	17173196	757377.881874877	17178157	61576	17183960	915343	17189779	796153	17178157	0.84453	17183960	1.01464	17189779	1.06205	17178157	72911.5602761299	17183960	902135.732870772	17189779	749637.964314298	17194771	43238	17200543	905668	17206377	1091614	17194771	0.84521	17200543	1.01357	17206377	1.06216	17194771	51156.5173152234	17200543	893542.626557613	17206377	1027730.28545605
145	17281585	58416	17287373	868328	17293176	801821	17281585	0.84438	17287373	1.01389	17293176	1.06169	17281585	69182.1217935053	17287373	856432.157334622	17293176	755230.811253756	17298152	62146	17303940	916635	17309743	793444	17298152	0.84501	17303940	1.01315	17309743	1.06187	17298152	73544.6917787955	17303940	904737.699254799	17309743	747213.877404955	17314720	43278	17320523	904736	17326310	1081829	17314720	0.84429	17320523	1.01336	17326310	1.06247	17314720	51259.6382759478	17320523	892808.08399779	17326310	1018220.74976235
146	17401596	58755	17407384	868140	17413187	804129	17401596	0.84482	17407384	1.01364	17413187	1.06235	17401596	69547.3592007765	17407384	856457.914052326	17413187	756934.155410176	17418163	62330	17423951	916264	17429754	791629	17418163	0.84542	17423951	1.01396	17429754	1.06205	17418163	73726.6684015046	17423951	903649.059134483	17429754	745378.277858858	17434731	43818	17440518	906324	17446321	1069327	17434731	0.84483	17440518	1.01379	17446321	1.0626	17434731	51866.0558929015	17440518	893995.79794632	17446321	1006330.69828722
147	17521607	58348	17527395	868584	17533198	800470	17521607	0.84519	17527395	1.01335	17533198	1.06223	17521607	69035.36482921	17527395	857141.165441358	17533198	753575.026124286	17538190	62559	17543978	915495	17549781	789850	17538190	0.84462	17543978	1.01401	17549781	1.0625	17538190	74067.6280457484	17543978	902846.125777852	17549781	743388.235294118	17554757	44255	17560545	905535	17566348	1063324	17554757	0.84491	17560545	1.01232	17566348	1.06145	17554757	52378.3598253068	17560545	894514.580369844	17566348	1001765.50944463
148	17641618	58761	17647406	867964	17653209	799529	17641618	0.84467	17647406	1.01357	17653209	1.06255	17641618	69566.8130749287	17647406	856343.419793404	17653209	752462.472354242	17658185	62502	17663973	915197	17669792	787380	17658185	0.84428	17663973	1.0137	17669792	1.06237	17658185	74029.9426730469	17663973	902828.252934793	17669792	741154.211809445	17674768	44627	17680556	904587	17686359	1053005	17674768	0.84407	17680556	1.01294	17686359	1.06154	17674768	52871.2073643181	17680556	893031.176575118	17686359	991959.794261168
149	17761629	58168	17767417	866309	17773220	797196	17761629	0.84501	17767417	1.01378	17773220	1.06259	17761629	68837.0551827789	17767417	854533.527984375	17773220	750238.568027179	17778181	63074	17783984	916073	17789772	786653	17778181	0.84469	17783984	1.01439	17789772	1.06189	17778181	74671.1811433781	17783984	903077.711728231	17789772	740804.603113317	17794764	45087	17800551	905335	17806354	1043974	17794764	0.84412	17800551	1.01367	17806354	1.06248	17794764	53413.0218452353	17800551	893125.968017205	17806354	982582.26037196
150	17881640	58704	17887428	869054	17893247	796327	17881640	0.84586	17887428	1.01369	17893247	1.06195	17881640	69401.5558130187	17887428	857317.325809666	17893247	749872.40453882	17898223	62852	17904011	914614	17909814	786970	17898223	0.84492	17904011	1.01378	17909814	1.06292	17898223	74388.1077498461	17904011	902181.93296376	17909814	740384.977232529	17914806	45264	17920578	904939	17926381	1034652	17914806	0.84475	17920578	1.01355	17926381	1.06285	17914806	53582.7167801125	17920578	892841.004390509	17926381	973469.445359176
151	18001651	58695	18007439	868988	18013242	797317	18001651	0.84589	18007439	1.01296	18013242	1.06362	18001651	69388.4547636218	18007439	857870.004738588	18013242	749625.806208984	18018218	63199	18024006	917207	18029809	784944	18018218	0.84483	18024006	1.01433	18029809	1.0626	18018218	74806.76585822	18024006	904249.110250116	18029809	738701.298701299	18034801	45723	18040589	907469	18046392	1028315	18034801	0.84495	18040589	1.01386	18046392	1.06292	18034801	54113.2611397124	18040589	895063.420985146	18046392	967443.457644978
152	18121662	58671	18127450	869362	18133253	795617	18121662	0.84556	18127450	1.01419	18133253	1.06241	18121662	69387.1517101093	18127450	857198.355337757	18133253	748879.434493275	18138245	63583	18144033	913305	18149836	782807	18138245	0.84558	18144033	1.01347	18149836	1.06179	18138245	75194.5410250952	18144033	901166.290072721	18149836	737252.187344013	18154828	46122	18160615	905689	18166419	1021119	18154828	0.84521	18160615	1.0139	18166419	1.06249	18154828	54568.687071852	18160615	893272.51208206	18166419	961062.221762087
153	18241673	58679	18247461	868736	18253264	793353	18241673	0.84469	18247461	1.01382	18253264	1.06268	18241673	69468.0888846796	18247461	856893.728669784	18253264	746558.700643656	18258240	63463	18264028	914221	18269831	781580	18258240	0.84456	18264028	1.01257	18269831	1.06218	18258240	75143.2698683338	18264028	902871.900214306	18269831	735826.319456213	18274823	46492	18280611	902936	18286414	1009471	18274823	0.84529	18280611	1.01312	18286414	1.06244	18274823	55001.242177241	18280611	891242.893240682	18286414	950144.008132224
154	18361684	59753	18367472	866692	18373291	792840	18361684	0.84466	18367472	1.01326	18373291	1.06241	18361684	70742.0737338101	18367472	855350.058227898	18373291	746265.566024416	18378251	64124	18384039	914913	18389842	780178	18378251	0.84459	18384039	1.01432	18389842	1.06251	18378251	75923.2290223659	18384039	901996.411388911	18389842	734278.265616324	18394834	46976	18400606	903325	18406409	1003293	18394834	0.84477	18400606	1.01344	18406409	1.06238	18394834	55608.0353232241	18400606	891345.318913799	18406409	944382.424367929
155	18481695	59030	18487483	867241	18493302	791814	18481695	0.84442	18487483	1.01427	18493302	1.06347	18481695	69905.9709623173	18487483	855039.585120333	18493302	744556.969166972	18498278	64562	18504050	914028	18509853	777745	18498278	0.84478	18504050	1.01447	18509853	1.06283	18498278	76424.6312649447	18504050	900990.665076345	18509853	731768.015581043	18514830	46874	18520617	906117	18526420	998537	18514830	0.84471	18520617	1.01403	18526420	1.06326	18514830	55491.2336778303	18520617	893580.071595515	18526420	939127.776837274
156	18601706	59334	18607494	867035	18613313	790718	18601706	0.84526	18607494	1.01438	18613313	1.06303	18601706	70196.1526630859	18607494	854743.784380607	18613313	743834.134502319	18618289	64245	18624092	915607	18629895	778139	18618289	0.84434	18624092	1.01337	18629895	1.063	18618289	76089.0162730654	18624092	903526.84606807	18629895	732021.636876764	18634887	47476	18640675	904875	18646478	986531	18634887	0.84492	18640675	1.01309	18646478	1.06237	18634887	56189.9351417886	18640675	893183.231499669	18646478	928613.383284543
157	18721717	59555	18727505	867066	18733308	789032	18721717	0.84447	18727505	1.01378	18733308	1.06198	18721717	70523.5236302059	18727505	855280.238316006	18733308	742981.977061715	18738300	64253	18744072	914343	18749891	778649	18738300	0.84451	18744072	1.013	18749891	1.06255	18738300	76083.1724905567	18744072	902609.081934847	18749891	732811.63239377	18754867	47949	18760655	903713	18766458	984294	18754867	0.84536	18760655	1.01358	18766458	1.06348	18754867	56720.2138733794	18760655	891605.004045068	18766458	925540.677774852
158	18841728	59626	18847516	866253	18853335	789285	18841728	0.84412	18847516	1.01396	18853335	1.06237	18841728	70636.8762735156	18847516	854326.600654858	18853335	742947.372384386	18858311	64498	18864099	914508	18869902	775131	18858311	0.8445	18864099	1.01372	18869902	1.06186	18858311	76374.1859088218	18864099	902130.765891962	18869902	729974.761267964	18874894	48332	18880681	906027	18886485	978270	18874894	0.84537	18880681	1.01381	18886485	1.06299	18874894	57172.5989803281	18880681	893685.207287362	18886485	920300.285045015
159	18961739	59631	18967527	865705	18973330	785938	18961739	0.84473	18967527	1.01256	18973330	1.06231	18961739	70591.7867247523	18967527	854966.619262068	18973330	739838.653500391	18978306	64476	18984094	914113	18989897	775605	18978306	0.84449	18984094	1.01197	18989897	1.06228	18978306	76349.0390649978	18984094	903300.493097621	18989897	730132.356817412	18994889	47905	19000677	903821	19006480	967723	18994889	0.84459	19000677	1.01305	19006480	1.06236	18994889	56719.8285558673	19000677	892178.076106806	19006480	910918.144508453
160	19081750	59707	19087538	867957	19093357	785970	19081750	0.84437	19087538	1.01309	19093357	1.06171	19081750	70711.8917062425	19087538	856742.244025704	19093357	740286.895668309	19098333	64934	19104121	914215	19109924	775155	19098333	0.84509	19104121	1.01382	19109924	1.06241	19098333	76836.7866144434	19104121	901752.776627015	19109924	729619.450118128	19114900	48828	19120688	905932	19126491	964609	19114900	0.84498	19120688	1.01351	19126491	1.06212	19114900	57785.9831001917	19120688	893856.005367485	19126491	908192.106353331
161	19201761	59483	19207549	868305	19213352	786662	19201761	0.84461	19207549	1.01321	19213352	1.06328	19201761	70426.5874190455	19207549	856984.238213204	19213352	739844.631705666	19218328	65552	19224116	915296	19229904	773241	19218328	0.84451	19224116	1.01322	19229904	1.06216	19218328	77621.3425536702	19224116	903353.664554588	19229904	727989.191835505	19234880	49002	19240683	905551	19246487	958311	19234880	0.8443	19240683	1.01404	19246487	1.06359	19234880	58038.6118678195	19240683	893013.09613033	19246487	901015.428877669
162																																																						
163																																																						
164																																																						
165																																																						
166																																																						
167																																																						
168																																																						
169																																																						
170																																																						
171																																																						
172																																																						
173																																																						
174																																																						
175																																																						
176																																																						
177																																																						
178																																																						
179																																																						
180																																																						
181																																																						
182																																																						
183																																																						
184																																																						
185																																																						
186																																																						
187																																																						
188																																																						
189																																																						
190																																																						
191																																																						
192																																																						
193																																																						
194																																																						
195																																																						
196																																																						
197																																																						
198																																																						
199																																																						
200																																																						
201																																																						
202																																																						
203																																																						
204																																																						
205																																																						
206																																																						
207																																																						
208																																																						
209																																																						
210																																																						
211																																																						
212																																																						
213																																																						
214																																																						
215																																																						
216																																																						
217																																																						
218																																																						
219																																																						
220																																																						
221																																																						
222																																																						
223																																																						
224																																																						
225																																																						
226																																																						
227																																																						
228																																																						
229																																																						
230																																																						
231																																																						
232																																																						
233																																																						
234																																																						
235																																																						
236																																																						
237																																																						
238																																																						
239																																																						
240																																																						
241																																																						
242																																																						
243																																																						
244																																																						
245																																																						
246																																																						
247																																																						
248																																																						
249																																																						
250																																																						
251																																																						
252																																																						
253																																																						
254																																																						
255																																																						
256																																																						
257																																																						
258																																																						
259																																																						
260																																																						
261																																																						
262																																																						
263																																																						
264																																																						
265																																																						
266																																																						
267																																																						
268																																																						
269																																																						
270																																																						
271																																																						
272																																																						
273																																																						
274																																																						
275																																																						
276																																																						
277																																																						
278																																																						
279																																																						
280																																																						
281																																																						
282																																																						
283																																																						
284																																																						
285																																																						
286																																																						
287																																																						
288																																																						
289																																																						
290																																																						
291																																																						
292																																																						
293																																																						
294																																																						
295																																																						
296																																																						
297																																																						
298																																																						
299																																																						
300																																																						
301																																																						