HJY Multigroup Import
Application Version:	3.5.1.20
SystemConfiguration::	FL3-11_1602C-0213-FL
Experiment Time Stamp:	9/19/2025 5:01 PM
Export Time Stamp:	9/19/2025 10:05 PM
Experiment Comment:	None

Integration Time:	1
Time Sequence Interval Points:	301
Time Sequence Experiment Duration:	10:00:00	36000000 (ms)
Repetition Time Sequence Enabled:	False
Repetition Time Sequence Count:	2
Repetition Time Sequence Delay:	0 seconds
Time Sequence Interval Total Points:	301
Time Sequence Experiment Duration Total:	10:00:00	36000000 (ms)

Mono Count:	2
Mono Description:	Excitation 1 (Mono1)	Emission 1 (Mono2)
Mono Slit Width:		5	5
Mono Grating Index:		0	0
Mono Grating Value:		1200	1200

Mono Wavelength Group Count:	3
Mono Wavelength Group Description:	Group 1:(Excitation 1:596 Emission 1:615)	Group 2:(Excitation 1:549 Emission 1:565)	Group 3:(Excitation 1:495 Emission 1:520)

Detector Count:	3
Detector Description:	S1 (SCD1)	R (SCD2)	S1/R (SCD1/SCD2)
Detector High Voltage:	950	None	None

Accessory Sequential Type:	Temperature Controller
Accessory Sequential Description:	Temperature Control (TC1)
Accessory Sequential Scan Position Count:	1
Accessory Sequential Scan Positions:		37

Accessory Interleave Type:	Sample Changer
Accessory Interleave Description:	Sample Changer - 4 Position (SCH1)
Accessory Interleave Scan Position Count:	3
Accessory Interleave Scan Positions:	1	2	3

Axis	X	Y	X	Y	X	Y	X	Y	X	Y	X	Y	X	Y	X	Y	X	Y	X	Y	X	Y	X	Y	X	Y	X	Y	X	Y	X	Y	X	Y	X	Y	X	Y	X	Y	X	Y	X	Y	X	Y	X	Y	X	Y	X	Y	X	Y
Sequential: Temperature Controller	Idx:0(Pos:37.00)	Idx:0(Pos:37.00)	Idx:0(Pos:37.00)	Idx:0(Pos:37.00)	Idx:0(Pos:37.00)	Idx:0(Pos:37.00)	Idx:0(Pos:37.00)	Idx:0(Pos:37.00)	Idx:0(Pos:37.00)	Idx:0(Pos:37.00)	Idx:0(Pos:37.00)	Idx:0(Pos:37.00)	Idx:0(Pos:37.00)	Idx:0(Pos:37.00)	Idx:0(Pos:37.00)	Idx:0(Pos:37.00)	Idx:0(Pos:37.00)	Idx:0(Pos:37.00)	Idx:0(Pos:37.00)	Idx:0(Pos:37.00)	Idx:0(Pos:37.00)	Idx:0(Pos:37.00)	Idx:0(Pos:37.00)	Idx:0(Pos:37.00)	Idx:0(Pos:37.00)	Idx:0(Pos:37.00)	Idx:0(Pos:37.00)	Idx:0(Pos:37.00)	Idx:0(Pos:37.00)	Idx:0(Pos:37.00)	Idx:0(Pos:37.00)	Idx:0(Pos:37.00)	Idx:0(Pos:37.00)	Idx:0(Pos:37.00)	Idx:0(Pos:37.00)	Idx:0(Pos:37.00)	Idx:0(Pos:37.00)	Idx:0(Pos:37.00)	Idx:0(Pos:37.00)	Idx:0(Pos:37.00)	Idx:0(Pos:37.00)	Idx:0(Pos:37.00)	Idx:0(Pos:37.00)	Idx:0(Pos:37.00)	Idx:0(Pos:37.00)	Idx:0(Pos:37.00)	Idx:0(Pos:37.00)	Idx:0(Pos:37.00)	Idx:0(Pos:37.00)	Idx:0(Pos:37.00)	Idx:0(Pos:37.00)	Idx:0(Pos:37.00)	Idx:0(Pos:37.00)	Idx:0(Pos:37.00)
Interleave: Sample Changer	Idx:0(Pos:1)	Idx:0(Pos:1)	Idx:0(Pos:1)	Idx:0(Pos:1)	Idx:0(Pos:1)	Idx:0(Pos:1)	Idx:0(Pos:1)	Idx:0(Pos:1)	Idx:0(Pos:1)	Idx:0(Pos:1)	Idx:0(Pos:1)	Idx:0(Pos:1)	Idx:0(Pos:1)	Idx:0(Pos:1)	Idx:0(Pos:1)	Idx:0(Pos:1)	Idx:0(Pos:1)	Idx:0(Pos:1)	Idx:1(Pos:2)	Idx:1(Pos:2)	Idx:1(Pos:2)	Idx:1(Pos:2)	Idx:1(Pos:2)	Idx:1(Pos:2)	Idx:1(Pos:2)	Idx:1(Pos:2)	Idx:1(Pos:2)	Idx:1(Pos:2)	Idx:1(Pos:2)	Idx:1(Pos:2)	Idx:1(Pos:2)	Idx:1(Pos:2)	Idx:1(Pos:2)	Idx:1(Pos:2)	Idx:1(Pos:2)	Idx:1(Pos:2)	Idx:2(Pos:3)	Idx:2(Pos:3)	Idx:2(Pos:3)	Idx:2(Pos:3)	Idx:2(Pos:3)	Idx:2(Pos:3)	Idx:2(Pos:3)	Idx:2(Pos:3)	Idx:2(Pos:3)	Idx:2(Pos:3)	Idx:2(Pos:3)	Idx:2(Pos:3)	Idx:2(Pos:3)	Idx:2(Pos:3)	Idx:2(Pos:3)	Idx:2(Pos:3)	Idx:2(Pos:3)	Idx:2(Pos:3)
Detector	S1 (SCD1)	S1 (SCD1)	S1 (SCD1)	S1 (SCD1)	S1 (SCD1)	S1 (SCD1)	R (SCD2)	R (SCD2)	R (SCD2)	R (SCD2)	R (SCD2)	R (SCD2)	S1/R (SCD1/SCD2)	S1/R (SCD1/SCD2)	S1/R (SCD1/SCD2)	S1/R (SCD1/SCD2)	S1/R (SCD1/SCD2)	S1/R (SCD1/SCD2)	S1 (SCD1)	S1 (SCD1)	S1 (SCD1)	S1 (SCD1)	S1 (SCD1)	S1 (SCD1)	R (SCD2)	R (SCD2)	R (SCD2)	R (SCD2)	R (SCD2)	R (SCD2)	S1/R (SCD1/SCD2)	S1/R (SCD1/SCD2)	S1/R (SCD1/SCD2)	S1/R (SCD1/SCD2)	S1/R (SCD1/SCD2)	S1/R (SCD1/SCD2)	S1 (SCD1)	S1 (SCD1)	S1 (SCD1)	S1 (SCD1)	S1 (SCD1)	S1 (SCD1)	R (SCD2)	R (SCD2)	R (SCD2)	R (SCD2)	R (SCD2)	R (SCD2)	S1/R (SCD1/SCD2)	S1/R (SCD1/SCD2)	S1/R (SCD1/SCD2)	S1/R (SCD1/SCD2)	S1/R (SCD1/SCD2)	S1/R (SCD1/SCD2)
WL Group	1	1	2	2	3	3	1	1	2	2	3	3	1	1	2	2	3	3	1	1	2	2	3	3	1	1	2	2	3	3	1	1	2	2	3	3	1	1	2	2	3	3	1	1	2	2	3	3	1	1	2	2	3	3
Units	(ms)	CPS	(ms)	CPS	(ms)	CPS	(ms)	MicroAmps	(ms)	MicroAmps	(ms)	MicroAmps	(ms)	CPS	(ms)	CPS	(ms)	CPS	(ms)	CPS	(ms)	CPS	(ms)	CPS	(ms)	MicroAmps	(ms)	MicroAmps	(ms)	MicroAmps	(ms)	CPS	(ms)	CPS	(ms)	CPS	(ms)	CPS	(ms)	CPS	(ms)	CPS	(ms)	MicroAmps	(ms)	MicroAmps	(ms)	MicroAmps	(ms)	CPS	(ms)	CPS	(ms)	CPS
1	0	129381	5787	1455228	11606	3728203	0	0.84532	5787	1.01456	11606	1.06209	0	153055.647565419	5787	1434343.95205804	11606	3510251.48527903	16567	129368	22339	1452012	28142	3780883	16567	0.84511	22339	1.01457	28142	1.06252	16567	153078.297499734	22339	1431159.99881723	28142	3558411.13579039	33134	120169	38922	1411491	44709	3713116	33134	0.84538	38922	1.01378	44709	1.06285	33134	142147.909815704	38922	1392305.03659571	44709	3493546.5964153
2	120011	129199	125814	1281828	131617	3629875	120011	0.84501	125814	1.01437	131617	1.06209	120011	152896.415427036	125814	1263669.07538669	131617	3417671.76039695	136578	129385	142365	1294225	148169	3691286	136578	0.84453	142365	1.01476	148169	1.06247	136578	153203.55700804	142365	1275400.09460365	148169	3474249.62587179	153161	120195	158948	1247138	164767	3620751	153161	0.84475	158948	1.0144	164767	1.06286	153161	142284.699615271	158948	1229434.14826498	164767	3406611.40695858
3	240022	128914	245825	1249753	251628	3608154	240022	0.84491	245825	1.01535	251628	1.06343	240022	152577.197571339	245825	1230859.30959768	251628	3392939.82678691	256589	130063	262376	1268540	268180	3675382	256589	0.84504	262376	1.01502	268180	1.06296	256589	153913.424216605	262376	1249768.47746842	268180	3457686.0841424	273156	120467	278944	1218120	284731	3599255	273156	0.8453	278944	1.01593	284731	1.06367	273156	142513.900390394	278944	1199019.61749333	284731	3383807.94795378
4	360033	129747	365836	1239029	371639	3599892	360033	0.84573	365836	1.01555	371639	1.06339	360033	153414.210208932	365836	1220057.1119098	371639	3385297.96217756	376615	131600	382419	1259464	388222	3662736	376615	0.84557	382419	1.01503	388222	1.06264	376615	155634.660643116	382419	1240814.55720521	388222	3446826.77106076	393198	121153	398970	1209694	404773	3581368	393198	0.84583	398970	1.01529	404773	1.06376	393198	143235.638367048	398970	1191476.32696077	404773	3366706.7759645
5	480044	129715	485847	1237365	491650	3587400	480044	0.84501	485847	1.01585	491650	1.06277	480044	153507.059088058	485847	1218058.76851897	491650	3375518.69172069	496626	130481	502414	1259310	508217	3663796	496626	0.8455	502414	1.01537	508217	1.06395	496626	154324.068598462	502414	1240247.39750042	508217	3443579.11555994	513194	121417	518981	1207967	524784	3583099	513194	0.84571	518981	1.0147	524784	1.06351	513194	143568.126189829	518981	1190467.1331428	524784	3369125.81922126
6	600055	129336	605858	1236098	611661	3584136	600055	0.84573	605858	1.01532	611661	1.06359	600055	152928.239509063	605858	1217446.71630619	611661	3369847.40360477	616637	130886	622409	1258718	628213	3660627	616637	0.8448	622409	1.01516	628213	1.06314	616637	154931.34469697	622409	1239920.80066196	628213	3443221.96512219	633189	121018	638977	1205413	644780	3565981	633189	0.84522	638977	1.01534	644780	1.06227	633189	143179.290598897	638977	1187201.33157366	644780	3356944.09142685
7	720066	129241	725869	1234917	731672	3582243	720066	0.84548	725869	1.01524	731672	1.06356	720066	152861.096655154	725869	1216379.37827509	731672	3368162.58603182	736664	130868	742436	1258264	748255	3652179	736664	0.84578	742436	1.01535	748255	1.06395	736664	154730.544586063	742436	1239241.64081351	748255	3432660.36937826	753231	121571	759019	1205609	764822	3567065	753231	0.84596	759019	1.01476	764822	1.06333	753231	143707.740318691	759019	1188073.04190153	764822	3354617.09911316
8	840077	128307	845880	1233997	851683	3570556	840077	0.84513	845880	1.01575	851683	1.06342	840077	151819.246743105	845880	1214862.90918041	851683	3357615.99368077	856659	131547	862431	1256287	868266	3651902	856659	0.84514	862431	1.01429	868266	1.06351	856659	155651.134723241	862431	1238587.58343275	868266	3433820.08631795	873227	121080	879014	1202286	884817	3552243	873227	0.84574	879014	1.01451	884817	1.06293	873227	143164.565942252	879014	1185090.33917852	884817	3341935.02864723
9	960088	128584	965891	1229022	971694	3564584	960088	0.84541	965891	1.01578	971694	1.06286	960088	152096.6158432	965891	1209929.31540294	971694	3353766.25331652	976670	131505	982458	1256101	988246	3648825	976670	0.84532	982458	1.01539	988246	1.06443	976670	155568.305493778	982458	1237062.60648618	988246	3427961.44415321	993222	120843	999010	1200953	1004813	3553501	993222	0.84582	999010	1.01456	1004813	1.06308	993222	142870.823579485	999010	1183718.06497398	1004813	3342646.83749106
10	1080099	129607	1085902	1228381	1091705	3565166	1080099	0.84504	1085902	1.01564	1091705	1.06373	1080099	153373.804790306	1085902	1209464.96790201	1091705	3351570.41730514	1096681	131687	1102469	1259660	1108303	3636376	1096681	0.84494	1102469	1.01458	1108303	1.06243	1096681	155853.670083083	1102469	1241558.08314771	1108303	3422697.02474516	1113280	120917	1119067	1202965	1124886	3545516	1113280	0.84527	1119067	1.01505	1124886	1.06365	1113280	143051.332710258	1119067	1185128.8113886	1124886	3333348.37587552
11	1200110	116409	1205897	779414	1211716	3282397	1200110	0.84866	1205897	1.01477	1211716	1.06266	1200110	137168.00603304	1205897	768069.611833223	1211716	3088849.67910715	1216677	121400	1222464	836723	1228283	3438519	1216677	0.84571	1222464	1.01554	1228283	1.06328	1216677	143548.024736612	1222464	823919.29416862	1228283	3233879.12873373	1233260	112285	1239047	822741	1244850	3373845	1233260	0.84551	1239047	1.01545	1244850	1.06349	1233260	132801.504417452	1239047	810223.053818504	1244850	3172427.57336693
12	1320121	114465	1325924	415094	1331727	3272624	1320121	0.84621	1325924	1.01621	1331727	1.06333	1320121	135267.841315985	1325924	408472.658210409	1331727	3077712.46931809	1336688	119654	1342475	411822	1348263	3421071	1336688	0.84598	1342475	1.01486	1348263	1.06308	1336688	141438.331875458	1342475	405791.931892084	1348263	3218074.83914663	1353239	111819	1359027	414893	1364830	3362892	1353239	0.846	1359027	1.01571	1364830	1.06346	1353239	132173.758865248	1359027	408475.844483169	1364830	3162217.666861
13	1440132	113948	1445935	236893	1451738	3268573	1440132	0.84572	1445935	1.01513	1451738	1.0636	1440132	134734.900439862	1445935	233362.229468147	1451738	3073122.41444152	1456714	119430	1462533	223700	1468336	3419075	1456714	0.84609	1462533	1.01586	1468336	1.06347	1456714	141155.196255717	1462533	220207.508908708	1468336	3215017.8190264	1473313	110835	1479085	232200	1484888	3354787	1473313	0.84674	1479085	1.01582	1484888	1.06389	1473313	130896.142853769	1479085	228583.804217283	1484888	3153321.30201431
14	1560143	113450	1565946	143986	1571749	3264048	1560143	0.84595	1565946	1.01616	1571749	1.06342	1560143	134109.5809445	1565946	141696.189576445	1571749	3069387.44804499	1576710	119089	1582513	132163	1588316	3415820	1576710	0.84519	1582513	1.01611	1588316	1.06414	1576710	140902.045693868	1582513	130067.61079017	1588316	3209934.78301727	1593277	110636	1599065	140495	1604868	3357338	1593277	0.84551	1599065	1.01519	1604868	1.06421	1593277	130851.202232972	1599065	138392.813167978	1604868	3154770.20512869
15	1680154	113213	1685957	93419	1691760	3263893	1680154	0.84531	1685957	1.01485	1691760	1.06377	1680154	133930.747299807	1685957	92052.0273932108	1691760	3068231.85463023	1696736	119876	1702524	84210	1708343	3411558	1696736	0.84634	1702524	1.01623	1708343	1.06341	1696736	141640.475459035	1702524	82865.0994361513	1708343	3208130.44827489	1713319	110883	1719091	91121	1724879	3347418	1713319	0.84691	1719091	1.01694	1724879	1.06344	1713319	130926.544733207	1719091	89603.1230947745	1724879	3147726.24689686
16	1800165	112797	1805937	65227	1811740	3258416	1800165	0.8455	1805937	1.01605	1811740	1.0632	1800165	133408.633944412	1805937	64196.6438659515	1811740	3064725.35741159	1816716	118923	1822504	59229	1828292	3404522	1816716	0.84546	1822504	1.01543	1828292	1.064	1816716	140660.705414804	1822504	58328.9837802704	1828292	3199738.72180451	1833330	110898	1839118	64246	1844921	3350377	1833330	0.84666	1839118	1.01566	1844921	1.06466	1833330	130982.921125363	1839118	63255.4201209066	1844921	3146898.54037909
17	1920176	113041	1925963	48981	1931751	3255103	1920176	0.84592	1925963	1.01558	1931751	1.06392	1920176	133630.839795725	1925963	48229.5830953741	1931751	3059537.37123092	1936727	119249	1942515	45762	1948303	3403657	1936727	0.84584	1942515	1.01531	1948303	1.0635	1936727	140982.928213374	1942515	45071.9484689405	1948303	3200429.7132111	1953295	110309	1959082	48619	1964885	3344559	1953295	0.84545	1959082	1.01552	1964885	1.0646	1953295	130473.712224259	1959082	47875.9650228454	1964885	3141610.93368401
18	2040187	113415	2045959	39920	2051762	3250369	2040187	0.84534	2045959	1.0159	2051762	1.0634	2040187	134164.95138051	2045959	39295.2062210848	2051762	3056581.71901448	2056738	119598	2062542	37406	2068329	3402339	2056738	0.84635	2062542	1.01611	2068329	1.06428	2056738	141310.332604714	2062542	36812.9434805287	2068329	3196845.75487654	2073306	110587	2079078	39701	2084881	3338950	2073306	0.84552	2079078	1.01564	2084881	1.06306	2073306	130791.702147791	2079078	39089.6380607302	2084881	3140885.74492503
19	2160198	113309	2165985	33519	2171789	3250969	2160198	0.84571	2165985	1.01521	2171789	1.0636	2160198	133980.915443828	2165985	33016.8142551787	2171789	3056571.07935314	2176781	118896	2182553	32725	2188356	3403489	2176781	0.84538	2182553	1.01476	2188356	1.06353	2176781	140642.078118716	2182553	32249.0046907643	2188356	3200181.47113857	2193348	110083	2199135	34599	2204923	3335959	2193348	0.84608	2199135	1.01592	2204923	1.06309	2193348	130109.44591528	2199135	34056.8154972833	2204923	3137983.61380504
20	2280209	112782	2285996	29905	2291800	3244765	2280209	0.84537	2285996	1.01502	2291800	1.06359	2280209	133411.405656695	2285996	29462.4736458395	2291800	3050766.74282383	2296776	118872	2302564	29702	2308351	3396076	2296776	0.84541	2302564	1.01537	2308351	1.06298	2296776	140608.69873789	2302564	29252.3907541093	2308351	3194863.49696137	2313343	110215	2319115	30515	2324918	3339771	2313343	0.84543	2319115	1.01452	2324918	1.06334	2313343	130365.612765102	2319115	30078.2636123487	2324918	3140830.77849042
21	2400220	112583	2406007	27667	2411811	3245892	2400220	0.84572	2406007	1.01499	2411811	1.06356	2400220	133120.89107506	2406007	27258.3966344496	2411811	3051912.44499605	2416787	118628	2422575	27468	2428378	3395458	2416787	0.8461	2422575	1.01629	2428378	1.06458	2416787	140205.64945042	2422575	27027.7184661858	2428378	3189481.2977888	2433370	110656	2439142	28113	2444945	3329525	2433370	0.84643	2439142	1.01572	2444945	1.06322	2433370	130732.60635847	2439142	27677.9033591935	2444945	3131548.50360227
22	2520231	112743	2526018	25480	2531822	3241598	2520231	0.84564	2526018	1.01555	2531822	1.06316	2520231	133322.690506599	2526018	25089.852789129	2531822	3049021.78411528	2536798	118950	2542570	25874	2548373	3390886	2536798	0.84539	2542570	1.01594	2548373	1.06414	2536798	140704.290327541	2542570	25468.0394511487	2548373	3186503.65553405	2553350	110418	2559137	26420	2564925	3336583	2553350	0.8456	2559137	1.01586	2564925	1.06411	2553350	130579.470198676	2559137	26007.5207213592	2564925	3135562.11293945
23	2640242	113296	2646029	24441	2651833	3238821	2640242	0.84611	2646029	1.01494	2651833	1.06346	2640242	133902.211296404	2646029	24081.226476442	2651833	3045550.37330976	2656825	119104	2662597	24725	2668400	3389885	2656825	0.84622	2662597	1.01632	2668400	1.06366	2656825	140748.268771714	2662597	24327.9675692695	2668400	3187000.54528703	2673376	110368	2679164	25136	2684967	3330576	2673376	0.84626	2679164	1.01564	2684967	1.06437	2673376	130418.547491315	2679164	24748.9267850813	2684967	3129152.45638265
24	2760253	113378	2766040	23361	2771844	3239552	2760253	0.84568	2766040	1.01573	2771844	1.06397	2760253	134067.259483493	2766040	22999.2222342552	2771844	3044777.57831518	2776820	119641	2782608	23972	2788411	3388550	2776820	0.84607	2782608	1.01591	2788411	1.06412	2776820	141407.921330386	2782608	23596.5784370663	2788411	3184368.30432658	2793372	110511	2799159	24120	2804947	3330196	2793372	0.84533	2799159	1.01512	2804947	1.06283	2793372	130731.193734991	2799159	23760.7376467807	2804947	3133328.9425402
25	2880264	113042	2886051	22340	2891855	3237301	2880264	0.8459	2886051	1.01472	2891855	1.06335	2880264	133635.18146353	2886051	22015.9255755282	2891855	3044435.98062726	2896831	118676	2902619	23133	2908422	3379483	2896831	0.84551	2902619	1.0146	2908422	1.06254	2896831	140360.255940202	2902619	22800.1182732111	2908422	3180570.14324167	2913398	111215	2919170	23349	2924973	3327424	2913398	0.84532	2919170	1.01509	2924973	1.06332	2913398	131565.560970993	2919170	23001.9013092435	2924973	3129278.11007035
26	3000275	106807	3006062	22126	3011866	3106697	3000275	0.84569	3006062	1.01599	3011866	1.06365	3000275	126295.687545082	3006062	21777.7734032815	3011866	2920788.79330607	3016842	113374	3022630	22970	3028433	3253282	3016842	0.84595	3022630	1.01554	3028433	1.06339	3016842	134019.741119452	3022630	22618.5083797783	3028433	3059349.81521361	3033409	105105	3039197	22234	3044984	3204446	3033409	0.8457	3039197	1.01479	3044984	1.06353	3033409	124281.660163178	3039197	21909.9518126903	3044984	3013028.31137815
27	3120286	106965	3126073	20729	3131877	3098998	3120286	0.84638	3126073	1.01535	3131877	1.06341	3120286	126379.40405019	3126073	20415.6202294775	3131877	2914208.06650304	3136837	112708	3142641	21744	3148444	3242170	3136837	0.84617	3142641	1.01524	3148444	1.06412	3136837	133197.820768876	3142641	21417.5958394074	3148444	3046808.63060557	3153405	105299	3159192	21379	3164980	3202049	3153405	0.84639	3159192	1.01457	3164980	1.06455	3153405	124409.551152542	3159192	21071.9812334289	3164980	3007889.71866047
28	3240297	107105	3246084	20223	3251888	3096312	3240297	0.84614	3246084	1.01421	3251888	1.06329	3240297	126580.707684308	3246084	19939.6574673884	3251888	2912010.83429732	3256864	112633	3262652	20916	3268455	3236703	3256864	0.8452	3262652	1.01547	3268455	1.06295	3256864	133261.949834359	3262652	20597.3588584596	3268455	3045019.05075497	3273431	105206	3279203	20952	3285006	3198630	3273431	0.84578	3279203	1.01554	3285006	1.06326	3273431	124389.32110005	3279203	20631.3882269532	3285006	3008323.45804413
29	3360308	107055	3366095	19468	3371899	3093368	3360308	0.84544	3366095	1.01451	3371899	1.06346	3360308	126626.372066616	3366095	19189.5594917744	3371899	2908777.01088898	3376875	112734	3382663	20552	3388466	3231373	3376875	0.84508	3382663	1.01356	3388466	1.06227	3376875	133400.388128935	3382663	20277.0432929476	3388466	3041950.72815763	3393442	104980	3399214	20413	3405002	3196275	3393442	0.84521	3399214	1.01466	3405002	1.06316	3393442	124205.818672283	3399214	20118.069106893	3405002	3006391.32397758
30	3480319	107120	3486106	19243	3491925	3088152	3480319	0.84618	3486106	1.01515	3491925	1.06342	3480319	126592.450778794	3486106	18955.8193370438	3491925	2903981.49367136	3496902	112619	3502674	19933	3508477	3228367	3496902	0.84549	3502674	1.01483	3508477	1.06299	3496902	133199.683024045	3502674	19641.7133904201	3508477	3037062.43708784	3513453	104738	3519241	20017	3525028	3189216	3513453	0.84549	3519241	1.01416	3525028	1.06351	3513453	123878.461010775	3519241	19737.516762641	3525028	2998764.46859926
31	3600330	101548	3606117	20364	3611921	2975591	3600330	0.84779	3606117	1.01541	3611921	1.06409	3600330	119779.6624164	3606117	20054.9531716253	3611921	2796371.54751948	3616959	105582	3622747	20435	3628535	3104431	3616959	0.84549	3622747	1.01612	3628535	1.06416	3616959	124876.698719086	3622747	20110.8136834232	3628535	2917259.62261314	3633527	99001	3639299	20341	3645118	3060681	3633527	0.84628	3639299	1.01505	3645118	1.06288	3633527	116983.740605946	3639299	20039.4069257672	3645118	2879611.05675147
32	3720341	99764	3726128	21863	3731932	2952062	3720341	0.84649	3726128	1.01623	3731932	1.06375	3720341	117856.088081371	3726128	21513.8305304901	3731932	2775146.4159812	3736908	104490	3742696	22701	3748499	3082151	3736908	0.84639	3742696	1.01584	3748499	1.06436	3736908	123453.727005281	3742696	22347.0231532525	3748499	2895778.68390394	3753475	96300	3759263	22557	3765082	3053260	3753475	0.84647	3759263	1.01655	3765082	1.06362	3753475	113766.5835765	3759263	22189.7594805961	3765082	2870630.4883323
33	3840352	98532	3846139	24675	3851943	2873424	3840352	0.84556	3846139	1.01574	3851943	1.06324	3840352	116528.691044988	3846139	24292.6339417567	3851943	2702516.83533351	3856919	101220	3862707	25716	3868494	3000468	3856919	0.84562	3862707	1.01594	3868494	1.06359	3856919	119699.15564911	3862707	25312.5184558143	3868494	2821075.79048317	3873471	86536	3879258	25461	3885046	2980384	3873471	0.84578	3879258	1.01609	3885046	1.06376	3873471	102315.022819173	3879258	25057.8196813274	3885046	2801744.75445589
34	3960363	95929	3966150	27814	3971969	2739391	3960363	0.8462	3966150	1.0144	3971969	1.06366	3960363	113364.452848026	3966150	27419.1640378549	3971969	2575438.57999737	3976946	94855	3982733	29166	3988537	2854705	3976946	0.84594	3982733	1.01615	3988537	1.06301	3976946	112129.701870109	3982733	28702.4553461595	3988537	2685492.14024327	3993513	67397	3999301	29479	4005088	2840594	3993513	0.84628	3999301	1.01644	4005088	1.06419	3993513	79639.1265302264	3999301	29002.2037700209	4005088	2669254.55040923
35	4080374	91340	4086161	32631	4091980	2549826	4080374	0.84688	4086161	1.01627	4091980	1.0626	4080374	107854.713772908	4086161	32108.5931888179	4091980	2399610.38961039	4096941	84198	4102729	34822	4108516	2662339	4096941	0.8459	4102729	1.0168	4108516	1.06351	4096941	99536.588249202	4102729	34246.6561762392	4108516	2503351.16736091	4113493	51941	4119280	34455	4125084	2659161	4113493	0.84589	4119280	1.01633	4125084	1.06365	4113493	61403.9650545579	4119280	33901.3902964588	4125084	2500033.84571993
36	4200385	85940	4206172	37198	4211991	2332158	4200385	0.84558	4206172	1.01571	4211991	1.06353	4200385	101634.381134842	4206172	36622.6580421577	4211991	2192846.46413359	4216952	73161	4222740	41241	4228527	2444126	4216952	0.84589	4222740	1.01668	4228527	1.06368	4216952	86489.9691449243	4222740	40564.3860408388	4228527	2297801.97051745	4233519	42301	4239291	40525	4245095	2459712	4233519	0.84583	4239291	1.01643	4245095	1.06396	4233519	50011.231571356	4239291	39869.9369361392	4245095	2311846.31001166
37	4320396	81261	4326183	43531	4331987	2120551	4320396	0.84643	4326183	1.01751	4331987	1.06474	4320396	96004.3949292913	4326183	42781.8891214828	4331987	1991613.91513421	4336963	64073	4342735	49869	4348523	2221924	4336963	0.84655	4342735	1.01578	4348523	1.06382	4336963	75687.2009922627	4342735	49094.2920711178	4348523	2088627.77537553	4353499	36839	4359287	47832	4365106	2247908	4353499	0.84631	4359287	1.01614	4365106	1.06421	4353499	43528.9669270126	4359287	47072.2538232921	4365106	2112278.59163135
38	4440407	74809	4446210	50417	4452013	1913706	4440407	0.84599	4446210	1.01566	4452013	1.06356	4440407	88427.7591933711	4446210	49639.6431876809	4452013	1799339.95261198	4456990	56478	4462762	59764	4468565	2022228	4456990	0.84658	4462762	1.01597	4468565	1.06416	4456990	66713.1281154764	4462762	58824.5715916809	4468565	1900304.46549391	4473557	32361	4479345	55889	4485132	2057699	4473557	0.84664	4479345	1.0159	4485132	1.06412	4473557	38222.8574128319	4479345	55014.2730583719	4485132	1933709.54403639
39	4560418	70370	4566206	58226	4572024	1742983	4560418	0.84639	4566206	1.01684	4572024	1.06449	4560418	83141.3414619738	4566206	57261.7127571693	4572024	1637387.85709589	4576985	50773	4582773	71402	4588576	1854334	4576985	0.84664	4582773	1.01577	4588576	1.0643	4576985	59969.9990550884	4582773	70293.4719473897	4588576	1742303.86169313	4593552	29460	4599340	65145	4605143	1898324	4593552	0.8467	4599340	1.01636	4605143	1.06438	4593552	34793.9057517421	4599340	64096.3831713173	4605143	1783502.13269697
40	4680429	65187	4686217	66219	4692035	1596940	4680429	0.84555	4686217	1.01503	4692035	1.0647	4680429	77094.1990420436	4686217	65238.465858152	4692035	1499896.68451207	4697012	46264	4702784	83129	4708571	1721974	4697012	0.84575	4702784	1.01516	4708571	1.0642	4697012	54701.7440141886	4702784	81887.5842231766	4708571	1618092.46382259	4713563	27732	4719335	74493	4725139	1762490	4713563	0.84647	4719335	1.01588	4725139	1.06341	4713563	32761.9407657684	4719335	73328.5427412686	4725139	1657394.60791228
41	4800440	64521	4806228	912237	4812031	1490375	4800440	0.84653	4806228	1.01668	4812031	1.06376	4800440	76218.2084509704	4806228	897270.527599638	4812031	1401044.4085132	4817007	47581	4822779	949218	4828582	1633690	4817007	0.84588	4822779	1.0158	4828582	1.06372	4817007	56250.2955501962	4822779	934453.632604844	4828582	1535827.09735645	4833559	28721	4839346	924322	4845150	1665182	4833559	0.84602	4839346	1.01615	4845150	1.0649	4833559	33948.3700148933	4839346	909631.452049402	4845150	1563697.99981219
42	4920451	61804	4926254	916233	4932057	1415462	4920451	0.84702	4926254	1.01568	4932057	1.065	4920451	72966.399848882	4926254	902088.256143667	4932057	1329072.30046948	4937034	44535	4942821	956362	4948609	1565492	4937034	0.84608	4942821	1.01549	4948609	1.06396	4937034	52636.8664901664	4942821	941773.92194901	4948609	1471382.38279635	4953601	27148	4959389	928572	4965192	1605420	4953601	0.84596	4959389	1.01574	4965192	1.06362	4953601	32091.3518369663	4959389	914182.76330557	4965192	1509392.45219157
43	5040462	59403	5046250	921809	5052068	1358963	5040462	0.84627	5046250	1.01613	5052068	1.06448	5040462	70193.9097451168	5046250	907176.247133733	5052068	1276644.93461596	5057045	41790	5062817	959429	5068636	1516972	5057045	0.84721	5062817	1.01603	5068636	1.06449	5057045	49326.6132363877	5062817	944291.999251991	5068636	1425069.28200359	5073612	26785	5079415	932369	5085218	1569052	5073612	0.84645	5079415	1.01635	5085218	1.06462	5073612	31643.9246263808	5079415	917370.000491956	5085218	1473814.13086359
44	5160473	57839	5166261	922514	5172079	1319982	5160473	0.84618	5166261	1.0163	5172079	1.0635	5160473	68353.0690869555	5166261	907718.193446817	5172079	1241167.84203103	5177040	40356	5182843	961072	5188647	1494652	5177040	0.84705	5182843	1.01516	5188647	1.06458	5177040	47642.9962812113	5182843	946719.728909728	5188647	1403982.79133555	5193639	25890	5199411	934134	5205214	1556145	5193639	0.84748	5199411	1.01656	5205214	1.06497	5193639	30549.3934960117	5199411	918916.738805383	5205214	1461210.17493451
45	5280484	56436	5286272	925704	5292090	1295172	5280484	0.84686	5286272	1.01705	5292090	1.06398	5280484	66641.475568571	5286272	910185.339953788	5292090	1217289.79868043	5297067	38889	5302854	963427	5308673	1488772	5297067	0.84644	5302854	1.01649	5308673	1.06568	5297067	45944.1897830915	5302854	947797.814046375	5308673	1397015.98979056	5313650	25807	5319437	935113	5325240	1564627	5313650	0.84695	5319437	1.01642	5325240	1.06496	5313650	30470.5118365901	5319437	920006.493378722	5325240	1469188.5141226
46	5400495	55991	5406283	926290	5412101	1285028	5400495	0.84693	5406283	1.0169	5412101	1.06522	5400495	66110.540422467	5406283	910895.859966565	5412101	1206349.86200034	5417078	37945	5422850	964843	5428653	1497785	5417078	0.84681	5422850	1.01603	5428653	1.0646	5417078	44809.34330015	5422850	949620.582069427	5428653	1406899.30490325	5433645	25517	5439417	937761	5445205	1582544	5433645	0.84682	5439417	1.01691	5445205	1.06419	5433645	30132.7318674571	5439417	922167.153435407	5445205	1487087.83206006
47	5520506	55972	5526294	928188	5532112	1276533	5520506	0.84702	5526294	1.01742	5532112	1.06516	5520506	66081.084271918	5526294	912295.80704134	5532112	1198442.48751361	5537073	37186	5542861	967533	5548664	1516446	5537073	0.84691	5542861	1.01625	5548664	1.06418	5537073	43907.8532547732	5542861	952061.992619926	5548664	1424990.13324813	5553687	25335	5559490	938413	5565309	1617603	5553687	0.84664	5559490	1.01599	5565309	1.06542	5553687	29924.1708400265	5559490	923643.933503283	5565309	1518277.29909332
48	5640517	55056	5646305	929271	5652123	1276315	5640517	0.84684	5646305	1.017	5652123	1.06402	5640517	65013.4618109678	5646305	913737.463126844	5652123	1199521.62553335	5657100	36582	5662872	965561	5668706	1545819	5657100	0.84713	5662872	1.01646	5668706	1.06494	5657100	43183.4547235961	5662872	949925.230702635	5668706	1451555.01718407	5673683	24997	5679470	941134	5685273	1655867	5673683	0.8462	5679470	1.01638	5685273	1.06482	5673683	29540.2978019381	5679470	925966.666010744	5685273	1555067.52314945
49	5760528	56049	5766331	925661	5772134	1274186	5760528	0.84645	5766331	1.01559	5772134	1.06402	5760528	66216.5514797094	5766331	911451.471558405	5772134	1197520.72329467	5777111	36230	5782883	967699	5788686	1580249	5777111	0.84635	5782883	1.01563	5788686	1.06446	5777111	42807.3492054115	5782883	952806.63233658	5788686	1484554.60984913	5793678	25042	5799450	939584	5805253	1704105	5793678	0.84644	5799450	1.0155	5805253	1.06358	5793678	29585.0857709938	5799450	925242.737567701	5805253	1602234.90475564
50	5880539	55619	5886327	928694	5892145	1276076	5880539	0.84554	5886327	1.01517	5892145	1.06362	5880539	65779.2653215696	5886327	914816.237674478	5892145	1199748.03031158	5897106	35935	5902894	969100	5908681	1626281	5897106	0.84641	5902894	1.01637	5908681	1.06497	5897106	42455.783839983	5902894	953491.346655254	5908681	1527067.42912946	5913673	24992	5919461	940153	5925264	1759649	5913673	0.84623	5919461	1.01584	5925264	1.06433	5913673	29533.3419992201	5919461	925493.187903607	5925264	1653292.68178103
51	6000550	55913	6006338	930128	6012141	1283918	6000550	0.84696	6006338	1.01687	6012141	1.06467	6000550	66016.1046566544	6006338	914697.060587883	6012141	1205930.47610997	6017117	35891	6022889	968447	6028692	1671211	6017117	0.84699	6022889	1.01622	6028692	1.06484	6017117	42374.762393889	6022889	952989.510145441	6028692	1569447.99218662	6033669	25158	6039457	941017	6045260	1819284	6033669	0.84643	6039457	1.01638	6045260	1.06473	6033669	29722.4814810439	6039457	925851.551585037	6045260	1708681.07407512
52	6120561	56264	6126364	929033	6132183	1289187	6120561	0.8467	6126364	1.016	6132183	1.06521	6120561	66450.9271288532	6126364	914402.559055118	6132183	1210265.58143465	6137159	35590	6142931	967040	6148750	1720880	6137159	0.84674	6142931	1.01594	6148750	1.06454	6137159	42031.7925219076	6142931	951867.23625411	6148750	1616547.99256017	6153727	25192	6159499	943554	6165318	1877262	6153727	0.84613	6159499	1.01642	6165318	1.06436	6153727	29773.2026993488	6159499	928311.131225281	6165318	1763747.22838137
53	6240572	56366	6246360	930088	6252163	1292843	6240572	0.84749	6246360	1.01616	6252163	1.06495	6240572	66509.3393432371	6246360	915296.803652968	6252163	1213994.08422931	6257139	35979	6262927	970148	6268730	1768102	6257139	0.84757	6262927	1.01668	6268730	1.06427	6257139	42449.591184209	6262927	954231.419915804	6268730	1661328.42229885	6273707	25126	6279494	940627	6285297	1931864	6273707	0.84713	6279494	1.01608	6285297	1.06482	6273707	29660.1466126805	6279494	925741.083379262	6285297	1814263.44358671
54	6360583	56603	6366355	928659	6372158	1292861	6360583	0.84616	6366355	1.01546	6372158	1.06412	6360583	66893.9680438688	6366355	914520.512871014	6372158	1214957.89948502	6377135	35650	6382922	968421	6388726	1817947	6377135	0.84639	6382922	1.01647	6388726	1.06375	6377135	42120.062855185	6382922	952729.544403672	6388726	1708998.35487662	6393702	25118	6399505	939533	6405293	1991415	6393702	0.84585	6399505	1.01577	6405293	1.0645	6393702	29695.5725010345	6399505	924946.59224037	6405293	1870751.52653828
55	6480594	57157	6486382	930360	6492201	1295623	6480594	0.84649	6486382	1.01512	6492201	1.06312	6480594	67522.3570272537	6486382	916502.482465127	6492201	1218698.73579652	6497177	36351	6502949	969619	6508752	1867558	6497177	0.84639	6502949	1.01553	6508752	1.06437	6497177	42948.286251019	6502949	954791.094305436	6508752	1754613.52725086	6513729	25405	6519516	944088	6525319	2044523	6513729	0.84686	6519516	1.01601	6525319	1.06359	6513729	29999.0553338214	6519516	929211.326660171	6525319	1922284.90301714
56	6600605	56885	6606408	933874	6612212	1299240	6600605	0.84554	6606408	1.01575	6612212	1.06429	6600605	67276.5333396409	6606408	919393.551562885	6612212	1220757.50030537	6617188	36558	6622976	973041	6628779	1908941	6617188	0.84673	6622976	1.01594	6628779	1.06361	6617188	43175.5104933096	6622976	957774.081146525	6628779	1794775.34058536	6633755	25202	6639527	941683	6645330	2090968	6633755	0.84636	6639527	1.01575	6645330	1.06368	6633755	29776.9270759488	6639527	927081.466896382	6645330	1965786.70276775
57	6720616	57422	6726404	931784	6732207	1299109	6720616	0.84635	6726404	1.01541	6732207	1.06419	6720616	67846.6355526673	6726404	917643.119528072	6732207	1220749.11434988	6737183	37091	6742971	970691	6748774	1946291	6737183	0.84553	6742971	1.01538	6748774	1.06333	6737183	43867.160242688	6742971	955987.906005633	6748774	1830373.44944655	6753766	25803	6759554	942766	6765357	2135001	6753766	0.84629	6759554	1.01584	6765357	1.06488	6753766	30489.5484999232	6759554	928065.44337691	6765357	2004921.68131621
58	6840627	57615	6846415	932876	6852218	1297620	6840627	0.84623	6846415	1.01554	6852218	1.0644	6840627	68084.3269560285	6846415	918600.941371093	6852218	1219109.35738444	6857194	37181	6862982	971202	6868785	1989631	6857194	0.84509	6862982	1.01549	6868785	1.06475	6857194	43996.4974144766	6862982	956387.556746004	6868785	1868636.76919465	6873762	25274	6879627	944688	6885430	2172826	6873762	0.84653	6879627	1.01555	6885430	1.06308	6873762	29856.0003780138	6879627	930223.03185466	6885430	2043896.97859051
59	6960638	57855	6966426	933781	6972229	1293490	6960638	0.8458	6966426	1.01598	6972229	1.06386	6960638	68402.6956727359	6966426	919093.879800784	6972229	1215846.06997161	6977205	37624	6982993	972845	6988796	2023762	6977205	0.84621	6982993	1.01511	6988796	1.06402	6977205	44461.7766275511	6982993	958364.118174385	6988796	1901996.20307889	6993773	25585	6999560	945353	7005363	2204472	6993773	0.8464	6999560	1.01665	7005363	1.06306	6993773	30228.0245746692	6999560	929870.653617272	7005363	2073704.21236807
60	7080649	58358	7086437	934842	7092240	1290238	7080649	0.84633	7086437	1.0168	7092240	1.06345	7080649	68954.1904458072	7086437	919396.144767899	7092240	1213256.85269641	7097216	37995	7103004	970823	7108807	2053721	7097216	0.84576	7103004	1.01494	7108807	1.06438	7097216	44924.0919409762	7103004	956532.405856504	7108807	1929499.80270204	7113799	25719	7119571	943509	7125374	2237433	7113799	0.84629	7119571	1.01646	7125374	1.06375	7113799	30390.2917439648	7119571	928230.328788147	7125374	2103344.77085781
61	7200660	58374	7206448	933290	7212251	1287236	7200660	0.8466	7206448	1.01631	7212251	1.06516	7200660	68951.0985116938	7206448	918312.325963535	7212251	1208490.74317473	7217212	38549	7222999	973945	7228803	2077184	7217212	0.84654	7222999	1.01612	7228803	1.06496	7217212	45537.1276017672	7222999	958494.075502893	7228803	1950480.76923077	7233779	25759	7239567	944883	7245354	2268169	7233779	0.84699	7239567	1.01638	7245354	1.0651	7233779	30412.4015631826	7239567	929655.247053267	7245354	2129536.19378462
62	7320671	58822	7326459	933746	7332262	1283708	7320671	0.846	7326459	1.01589	7332262	1.06492	7320671	69529.5508274232	7326459	919140.851863883	7332262	1205450.17466101	7337238	38571	7343010	972298	7348814	2093529	7337238	0.84657	7343010	1.01579	7348814	1.06479	7337238	45561.5011162692	7343010	957184.0636352	7348814	1966142.61967148	7353790	26256	7359578	945476	7365381	2297973	7353790	0.84731	7359578	1.01585	7365381	1.06405	7353790	30987.4780186709	7359578	930724.024216174	7365381	2159647.5729524
63	7440682	58898	7446470	932373	7452273	1273650	7440682	0.84573	7446470	1.01559	7452273	1.0635	7440682	69641.6113889776	7446470	918060.437775086	7452273	1197602.25669958	7457249	39057	7463037	973754	7468840	2108741	7457249	0.84634	7463037	1.01581	7468840	1.06407	7457249	46148.1201408417	7463037	958598.556816727	7468840	1981769.05654703	7473817	25981	7479589	945325	7485392	2324396	7473817	0.84617	7479589	1.0168	7485392	1.06388	7473817	30704.2320101162	7479589	929705.940204563	7485392	2184829.11606572
64	7560693	59861	7566481	931248	7572284	1265947	7560693	0.84634	7566481	1.01518	7572284	1.06416	7560693	70729.2577451143	7566481	917323.036308832	7572284	1189620.92166592	7577276	39943	7583048	975139	7588867	2117164	7577276	0.84574	7583048	1.01565	7588867	1.06394	7577276	47228.4626480952	7583048	960113.227982081	7588867	1989928.00345884	7593843	26198	7599631	942689	7605434	2350389	7593843	0.84612	7599631	1.01575	7605434	1.06409	7593843	30962.5112277218	7599631	928071.868077775	7605434	2208825.38131173
65	7680704	60265	7686492	936065	7692295	1264233	7680704	0.84643	7686492	1.01549	7692295	1.06428	7680704	71199.0359509942	7686492	921786.526701395	7692295	1187876.31074529	7697271	40593	7703043	975215	7708847	2131424	7697271	0.84607	7703043	1.01643	7708847	1.06388	7697271	47978.2996678762	7703043	959451.216512697	7708847	2003443.99744332	7713839	26045	7719611	942485	7725414	2364398	7713839	0.84593	7719611	1.01612	7725414	1.06431	7713839	30788.5995295119	7719611	927533.165374168	7725414	2221531.32076181
66	7800715	59335	7806503	931602	7812322	1254100	7800715	0.84569	7806503	1.01547	7812322	1.06351	7800715	70161.6431552933	7806503	917409.67236846	7812322	1179208.4700661	7817282	41401	7823070	973783	7828873	2132039	7817282	0.84673	7823070	1.01625	7828873	1.06508	7817282	48895.1613855656	7823070	958212.054120541	7828873	2001764.18672776	7833850	26577	7839637	944416	7845440	2380470	7833850	0.84655	7839637	1.01598	7845440	1.06394	7833850	31394.4834918197	7839637	929561.605543416	7845440	2237410.00432355
67	7920726	60627	7926514	934711	7932333	1244928	7920726	0.8458	7926514	1.01663	7932333	1.06412	7920726	71680.0662095058	7926514	919421.028299381	7932333	1169913.16768785	7937309	41573	7943097	974468	7948915	2130727	7937309	0.84648	7943097	1.01662	7948915	1.06338	7937309	49112.7965220679	7943097	958537.113178966	7948915	2003730.55727962	7953892	26600	7959679	940560	7965483	2392814	7953892	0.84672	7959679	1.01516	7965483	1.0648	7953892	31415.3439153439	7959679	926514.047046771	7965483	2247195.71750563
68	8040737	61110	8046540	932448	8052344	1234713	8040737	0.84657	8046540	1.01564	8052344	1.06399	8040737	72185.4069952869	8046540	918089.086684258	8052344	1160455.45540842	8057320	41802	8063139	976293	8068942	2128699	8057320	0.84556	8063139	1.01532	8068942	1.06422	8057320	49437.0594635508	8063139	961561.872119135	8068942	2000243.37073162	8073918	26934	8079706	943242	8085525	2401570	8073918	0.84684	8079706	1.01585	8085525	1.06456	8073918	31805.2997024231	8079706	928524.880641827	8085525	2255927.33147967
69	8160748	60618	8166536	935593	8172339	1224857	8160748	0.84629	8166536	1.0159	8172339	1.0639	8160748	71627.9289605218	8166536	920949.89664337	8172339	1151289.59488674	8177315	42859	8183103	974112	8188937	2122698	8177315	0.84607	8183103	1.01655	8188937	1.06512	8177315	50656.5650596286	8183103	958252.91426885	8188937	1992919.10770617	8193914	27175	8199686	941100	8205489	2410880	8193914	0.84684	8199686	1.01543	8205489	1.06476	8193914	32089.8871097256	8199686	926799.483962459	8205489	2264247.34212405
70	8280759	61512	8286562	933746	8292366	1216864	8280759	0.84614	8286562	1.01592	8292366	1.06412	8280759	72697.1895903751	8286562	919113.709740925	8292366	1143540.20223283	8297358	43515	8303145	975920	8308948	2113273	8297358	0.84614	8303145	1.01541	8308948	1.06415	8297358	51427.659725341	8303145	961109.305600693	8308948	1985878.87045999	8313925	27388	8319697	937160	8325500	2408820	8313925	0.84601	8319697	1.01549	8325500	1.06526	8313925	32373.1397974019	8319697	922864.823878128	8325500	2261250.77445882
71	8400770	61470	8406558	933221	8412377	1206625	8400770	0.84623	8406558	1.01565	8412377	1.06421	8400770	72639.826052019	8406558	918841.136218185	8412377	1133822.27192002	8417337	44288	8423125	974673	8428928	2095465	8417337	0.84625	8423125	1.01582	8428928	1.0646	8417337	52334.4165435746	8423125	959493.807958103	8428928	1968312.04208153	8433920	27239	8439692	940877	8445496	2409047	8433920	0.84588	8439692	1.016	8445496	1.06432	8433920	32201.9671821062	8439692	926060.039370079	8445496	2263461.1770896
72	8520781	61768	8526569	933847	8532372	1199126	8520781	0.84622	8526569	1.01591	8532372	1.06403	8520781	72992.8387416984	8526569	919222.175192685	8532372	1126966.34493388	8537348	44790	8543136	974263	8548924	2080306	8537348	0.84596	8543136	1.01516	8548924	1.06402	8537348	52945.7657572462	8543136	959713.739706056	8548924	1955138.06131464	8553916	27511	8559688	936490	8565491	2412540	8553916	0.84577	8559688	1.0158	8565491	1.06413	8553916	32527.755772846	8559688	921923.607009254	8565491	2267147.81088777
73	8640792	61870	8646580	932551	8652383	1186343	8640792	0.84609	8646580	1.01555	8652383	1.06417	8640792	73124.6084931863	8646580	918271.872384422	8652383	1114805.90507156	8657344	45527	8663132	974678	8668935	2061917	8657344	0.84618	8663132	1.01595	8668935	1.06405	8657344	53802.9733626415	8663132	959375.953541021	8668935	1937800.85522297	8673911	27621	8679699	935963	8685502	2412501	8673911	0.84642	8679699	1.01529	8685502	1.06334	8673911	32632.7355213724	8679699	921867.643727408	8685502	2268795.49344518
74	8760803	62007	8766591	932518	8772410	1178100	8760803	0.84613	8766591	1.01525	8772410	1.06458	8760803	73283.0652500207	8766591	918510.711647377	8772410	1106633.60198388	8777386	46030	8783174	974567	8788993	2044465	8777386	0.84637	8783174	1.01622	8788993	1.06358	8777386	54385.1979630658	8783174	959011.828147448	8788993	1922248.44393464	8793953	27606	8799741	933496	8805544	2411382	8793953	0.84549	8799741	1.01561	8805544	1.06378	8793953	32650.8888336941	8799741	919148.098187296	8805544	2266805.16648179
75	8880814	62653	8886618	934187	8892421	1167362	8880814	0.84684	8886618	1.01535	8892421	1.06298	8880814	73984.4598743564	8886618	920064.017333924	8892421	1098197.52017912	8897382	46274	8903169	974477	8908972	2028401	8897382	0.84574	8903169	1.01621	8908972	1.06356	8897382	54714.2147704968	8903169	958932.700918117	8908972	1907180.60100041	8913964	28127	8919736	937155	8925540	2415029	8913964	0.8458	8919736	1.01578	8925540	1.06433	8913964	33254.9065973043	8919736	922596.428360472	8925540	2269060.34782445
76	9000825	62710	9006613	931783	9012432	1156924	9000825	0.84647	9006613	1.01616	9012432	1.06416	9000825	74084.137654022	9006613	916964.848055424	9012432	1087171.10208991	9017408	47017	9023180	976114	9028983	2006752	9017408	0.84638	9023180	1.01626	9028983	1.06446	9017408	55550.6982679175	9023180	960496.329679413	9028983	1885230.06970671	9033960	28395	9039747	934445	9045551	2414587	9033960	0.84626	9039747	1.01548	9045551	1.06431	9033960	33553.5178313993	9039747	920200.299365817	9045551	2268687.69437476
77	9120836	62892	9126608	930924	9132412	1148331	9120836	0.84544	9126608	1.01607	9132412	1.06431	9120836	74389.6669190008	9126608	916200.655466651	9132412	1078944.10463117	9137388	47563	9143176	973870	9148979	1980098	9137388	0.8459	9143176	1.01597	9148979	1.06469	9137388	56227.6864877645	9143176	958561.768556158	9148979	1859788.29518451	9153955	28207	9159743	933026	9165546	2405651	9153955	0.84607	9159743	1.01543	9165546	1.06346	9153955	33338.849031404	9159743	918848.172695311	9165546	2262098.24535008
78	9240847	63502	9246635	932344	9252438	1138927	9240847	0.84619	9246635	1.01565	9252438	1.06436	9240847	75044.6117302261	9246635	917977.649780929	9252438	1070058.06306137	9257415	48190	9263187	976535	9268990	1953105	9257415	0.8461	9263187	1.01603	9268990	1.06397	9257415	56955.4426190758	9263187	961128.116295779	9268990	1835676.75780332	9273982	28945	9279754	932218	9285557	2404019	9273982	0.84603	9279754	1.0166	9285557	1.06382	9273982	34212.7347729986	9279754	916995.868581546	9285557	2259798.65014758
79	9360858	63498	9366646	932503	9372449	1130913	9360858	0.84661	9366646	1.01696	9372449	1.06364	9360858	75002.6576581897	9366646	916951.502517307	9372449	1063247.90342597	9377426	48596	9383213	977566	9389001	1931892	9377426	0.84634	9383213	1.01614	9389001	1.06509	9377426	57419.0041827162	9383213	962038.695455351	9389001	1813829.81719855	9393977	28809	9399765	934807	9405584	2402653	9393977	0.84641	9399765	1.0161	9405584	1.06447	9393977	34036.6961637977	9399765	919995.079224486	9405584	2257135.47587062
80	9480869	63637	9486657	931178	9492460	1121763	9480869	0.84631	9486657	1.01543	9492460	1.06394	9480869	75193.4870201227	9486657	917028.25404016	9492460	1054347.98954828	9497437	49188	9503209	975706	9509012	1903213	9497437	0.84622	9503209	1.0149	9509012	1.06367	9497437	58126.7282739713	9503209	961381.416888363	9509012	1789288.97120348	9513988	28787	9519776	933570	9525579	2397803	9513988	0.8465	9519776	1.01633	9525579	1.06304	9513988	34007.0880094507	9519776	918569.755886376	9525579	2255609.38440698
81	9600880	64340	9606668	929004	9612487	1112906	9600880	0.84636	9606668	1.01494	9612487	1.06421	9600880	76019.6606644927	9606668	915328.984964629	9612487	1045757.8861315	9617463	50529	9623251	972982	9629054	1882535	9617463	0.84557	9623251	1.016	9629054	1.06457	9617463	59757.3234622799	9623251	957659.448818898	9629054	1768352.48034418	9634030	29298	9639818	934746	9645621	2399523	9634030	0.84563	9639818	1.01554	9645621	1.06381	9634030	34646.3583363883	9639818	920442.326250074	9645621	2255593.57404048
82	9720891	64375	9726679	931426	9732482	1101377	9720891	0.84665	9726679	1.01573	9732482	1.06378	9720891	76034.9613181362	9726679	917001.565376626	9732482	1035342.83404463	9737459	50909	9743246	972438	9749049	1863657	9737459	0.84625	9743246	1.01497	9749049	1.06447	9737459	60158.3456425406	9743246	958095.313161965	9749049	1750783.95821395	9754026	29107	9759813	931877	9765617	2389538	9754026	0.84672	9759813	1.01664	9765617	1.06501	9754026	34376.1810279667	9759813	916624.370475291	9765617	2243676.58519638
83	9840902	64393	9846690	931076	9852493	1095417	9840902	0.84623	9846690	1.01611	9852493	1.06406	9840902	76093.969724543	9846690	916314.178583027	9852493	1029469.2028645	9857470	51157	9863273	974235	9869060	1859251	9857470	0.8463	9863273	1.01632	9869060	1.06483	9857470	60447.8317381543	9863273	958590.798173803	9869060	1746054.29974738	9874037	29791	9879840	932420	9885643	2389600	9874037	0.84603	9879840	1.01614	9885643	1.0659	9874037	35212.6993132631	9879840	917609.778180172	9885643	2241861.33783657
84	9960913	64269	9966701	931606	9972504	1086152	9960913	0.84613	9966701	1.01658	9972504	1.0647	9960913	75956.4133171026	9966701	916411.890849712	9972504	1020148.39860994	9977543	51813	9983331	973033	9989134	1854106	9977543	0.84594	9983331	1.01574	9989134	1.0651	9977543	61249.0247535286	9983331	957954.791580523	9989134	1740781.14731011	9994110	29747	9999898	931966	10005701	2382057	9994110	0.84597	9999898	1.01626	10005701	1.06522	9994110	35163.185455749	9999898	917054.690728751	10005701	2236211.29907437
85	10080924	64730	10086712	932403	10092531	1080717	10080924	0.84702	10086712	1.01592	10092531	1.06526	10080924	76420.8637340323	10086712	917791.755256319	10092531	1014510.07265832	10097507	51855	10103279	975072	10109082	1834384	10097507	0.84602	10103279	1.01584	10109082	1.06465	10097507	61292.8772369448	10103279	959867.69570011	10109082	1722992.53275724	10114059	29740	10119846	931599	10125650	2376129	10114059	0.84579	10119846	1.01515	10125650	1.06535	10114059	35162.3925560718	10119846	917695.907008817	10125650	2230374.05547473
86	10200935	65598	10206723	930560	10212526	1070352	10200935	0.84675	10206723	1.01567	10212526	1.06413	10200935	77470.3277236492	10206723	916203.097462759	10212526	1005847.02996814	10217503	52343	10223290	973964	10229078	1818999	10217503	0.8465	10223290	1.0162	10229078	1.0645	10217503	61834.6131128175	10223290	958437.315489077	10229078	1708782.52700798	10234070	30191	10239857	929448	10245676	2368112	10234070	0.84584	10239857	1.01512	10245676	1.06546	10234070	35693.5117752767	10239857	915604.066514304	10245676	2222619.33812626
87	10320946	65269	10326734	929115	10332537	1062094	10320946	0.84727	10326734	1.01643	10332537	1.06343	10320946	77034.4754328609	10326734	914096.396210266	10332537	998743.687877905	10337514	53129	10343301	973164	10349089	1797521	10337514	0.8466	10343301	1.01638	10349089	1.06419	10337514	62755.7287975431	10343301	957480.469902989	10349089	1689097.81148103	10354065	30599	10359853	932067	10365656	2361737	10354065	0.84658	10359853	1.01714	10365656	1.06544	10354065	36144.2509863214	10359853	916360.57966455	10365656	2216677.61675927
88	10440957	64935	10446745	926837	10452548	1055117	10440957	0.84695	10446745	1.01593	10452548	1.06388	10440957	76669.2248656946	10446745	912303.99732265	10452548	991763.168778434	10457540	53106	10463328	971699	10469131	1777360	10457540	0.84601	10463328	1.01692	10469131	1.06399	10457540	62772.3076559379	10463328	955531.408567046	10469131	1670466.82769575	10474107	30840	10479895	929702	10485698	2355691	10474107	0.84662	10479895	1.01583	10485698	1.0639	10474107	36427.2046490751	10479895	915214.159849581	10485698	2214203.40257543
89	10560968	65959	10566756	930325	10572559	1048918	10560968	0.84704	10566756	1.01563	10572559	1.06477	10560968	77869.9943332074	10566756	916007.798115456	10572559	985112.277768908	10577536	53313	10583323	973162	10589126	1758818	10577536	0.84645	10583323	1.01572	10589126	1.06344	10577536	62984.2282473861	10583323	958100.65766156	10589126	1653894.90709396	10594103	31270	10599875	930170	10605678	2348450	10594103	0.8464	10599875	1.01537	10605678	1.06431	10594103	36944.7069943289	10599875	916089.701291155	10605678	2206546.96470013
90	10680979	65829	10686767	930333	10692570	1042883	10680979	0.84674	10686767	1.01689	10692570	1.0653	10680979	77744.0536646432	10686767	914880.665558713	10692570	978957.101286023	10697547	54046	10703350	974527	10709138	1741974	10697547	0.84618	10703350	1.01579	10709138	1.06483	10697547	63870.5712732516	10703350	959378.414829837	10709138	1635917.47039434	10714114	31284	10719902	930197	10725705	2339847	10714114	0.84593	10719902	1.01633	10725705	1.06445	10714114	36981.7833626896	10719902	915250.951954582	10725705	2198174.64418244
91	10800990	65492	10806778	931526	10812581	1033632	10800990	0.84643	10806778	1.01582	10812581	1.0645	10800990	77374.3841782546	10806778	917018.763166703	10812581	971002.348520432	10817558	54126	10823345	972466	10829149	1718567	10817558	0.84619	10823345	1.01524	10829149	1.06399	10817558	63964.3578865267	10823345	957868.090303771	10829149	1615209.72941475	10834125	31884	10839913	924603	10845731	2331448	10834125	0.84658	10839913	1.0154	10845731	1.06506	10834125	37662.1228944695	10839913	910580.066968682	10845731	2189029.72602483
92	10921001	66004	10926789	931223	10932608	1027096	10921001	0.84593	10926789	1.01673	10932608	1.06469	10921001	78025.3685293109	10926789	915899.993115183	10932608	964690.191511144	10937584	54917	10943356	972620	10949160	1700813	10937584	0.84696	10943356	1.01743	10949160	1.06465	10937584	64840.1341267592	10943356	955957.658020699	10949160	1597532.52242521	10954152	31579	10959924	929216	10965742	2321807	10954152	0.84669	10959924	1.01658	10965742	1.06403	10954152	37297.0036258843	10959924	914060.870762754	10965742	2182087.91105514
93	11041012	66492	11046800	927412	11052619	1019404	11041012	0.84705	11046800	1.01603	11052619	1.06405	11041012	78498.3176908093	11046800	912780.134444849	11052619	958041.445420798	11057595	55283	11063383	970402	11069186	1681882	11057595	0.84629	11063383	1.016	11069186	1.06423	11057595	65323.9433291189	11063383	955120.078740157	11069186	1580374.54309689	11074163	32106	11079950	923478	11085738	2311136	11074163	0.84632	11079950	1.01607	11085738	1.06451	11074163	37936.005293506	11079950	908872.420207269	11085738	2171079.65167072
94	11161024	67227	11166796	926905	11172614	1015937	11161024	0.84695	11166796	1.01681	11172614	1.06513	11161024	79375.405868115	11166796	911581.318043686	11172614	953815.027273666	11177591	55433	11183363	971962	11189166	1665815	11177591	0.84632	11183363	1.01685	11189166	1.06464	11177591	65498.8656772852	11183363	955855.829276688	11189166	1564674.44394349	11194142	32197	11199930	926862	11205749	2304358	11194142	0.84706	11199930	1.01623	11205749	1.06521	11194142	38010.2944301466	11199930	912059.277919369	11205749	2163289.86772561
95	11281035	66565	11286822	929406	11292625	1007846	11281035	0.84649	11286822	1.01625	11292625	1.06443	11281035	78636.4871410176	11286822	914544.649446494	11292625	946841.032289582	11297602	56403	11303389	969895	11309177	1650706	11297602	0.84678	11303389	1.01613	11309177	1.06533	11297602	66608.8003967973	11303389	954498.932223239	11309177	1549478.56532718	11314153	32679	11319941	926098	11325744	2296581	11314153	0.84695	11319941	1.01598	11325744	1.06518	11314153	38584.3320148769	11319941	911531.723065415	11325744	2156049.68174393
96	11401046	66967	11406833	927615	11412636	1004737	11401046	0.8471	11406833	1.01503	11412636	1.06569	11401046	79054.4209656475	11406833	913879.392727308	11412636	942804.192588839	11417628	56455	11423400	970369	11429204	1628861	11417628	0.84598	11423400	1.01682	11429204	1.06447	11417628	66733.2561053453	11423400	954317.381640802	11429204	1530208.46054844	11434180	33065	11439968	924593	11445771	2284370	11434180	0.84647	11439968	1.01568	11445771	1.06405	11434180	39062.223114818	11439968	910319.195022054	11445771	2146863.39927635
97	11521057	67225	11526844	927753	11532647	996413	11521057	0.8461	11526844	1.01662	11532647	1.06468	11521057	79452.783358941	11526844	912585.823611576	11532647	935880.264492618	11537624	56845	11543411	967763	11549199	1613152	11537624	0.84667	11543411	1.01535	11549199	1.06482	11537624	67139.4994507896	11543411	953132.417393017	11549199	1514952.76196916	11554191	33389	11559979	926934	11565797	2274418	11554191	0.84671	11559979	1.01707	11565797	1.06497	11554191	39433.8085058639	11559979	911376.798057164	11565797	2135663.91541546
98	11641068	67185	11646855	927270	11652658	991148	11641068	0.84693	11646855	1.01672	11652658	1.06444	11641068	79327.6894194325	11646855	912021.008733968	11652658	931145.01521927	11657650	57441	11663422	970847	11669226	1595274	11657650	0.84656	11663422	1.01686	11669226	1.0652	11657650	67852.2491022491	11663422	954749.916409339	11669226	1497628.61434472	11674202	33887	11679990	923447	11685793	2267078	11674202	0.84688	11679990	1.01621	11685793	1.06569	11674202	40013.9334970716	11679990	908716.702256423	11685793	2127333.46470362
99	11761079	67198	11766866	926174	11772685	987021	11761079	0.8462	11766866	1.01643	11772685	1.06412	11761079	79411.4866461829	11766866	911202.935765375	11772685	927546.705258805	11777661	57565	11783433	970524	11789237	1579873	11777661	0.84656	11783433	1.0167	11789237	1.06494	11777661	67998.7242487243	11783433	954582.472705813	11789237	1483532.40558154	11794213	34480	11800001	924703	11805804	2254715	11794213	0.84598	11800001	1.01675	11805804	1.06385	11794213	40757.4647154779	11800001	909469.387755102	11805804	2119391.8315552
100	11881090	67412	11886877	927604	11892680	981625	11881090	0.84626	11886877	1.01635	11892680	1.06459	11881090	79658.7337224966	11886877	912681.654941703	11892680	922068.589785739	11897657	57720	11903444	970178	11909248	1560799	11897657	0.84642	11903444	1.01609	11909248	1.06463	11897657	68193.0956262848	11903444	954815.026227991	11909248	1466048.29846989	11914240	34555	11920012	923558	11925815	2242128	11914240	0.84603	11920012	1.01677	11925815	1.06545	11914240	40843.7053059584	11920012	908325.383321695	11925815	2104395.32591863
101	12001101	67647	12006888	927158	12012691	975806	12001101	0.84654	12006888	1.01561	12012691	1.06446	12001101	79909.9865334184	12006888	912907.513710972	12012691	916714.578283825	12017668	58451	12023455	965738	12029259	1545066	12017668	0.84605	12023455	1.01541	12029259	1.06447	12017668	69086.9333963714	12023455	951081.829014881	12029259	1451488.53420012	12034235	35026	12040023	922941	12045841	2231096	12034235	0.84616	12040023	1.01612	12045841	1.06387	12034235	41394.0625886357	12040023	908299.216627957	12045841	2097150.96769342
102	12121112	67568	12126899	927634	12132702	972448	12121112	0.84609	12126899	1.01635	12132702	1.06424	12121112	79859.1166424376	12126899	912711.172332366	12132702	913748.778471022	12137679	58337	12143466	966334	12149270	1526993	12137679	0.84545	12143466	1.01579	12149270	1.06396	12137679	69001.1236619552	12143466	951312.771340533	12149270	1435197.75179518	12154246	35289	12160018	922053	12165821	2214234	12154246	0.8462	12160018	1.01596	12165821	1.06406	12154246	41702.9071141574	12160018	907568.211346904	12165821	2080929.64682443
103	12241123	67865	12246910	925975	12252729	966755	12241123	0.84598	12246910	1.01593	12252729	1.06452	12241123	80220.5725903686	12246910	911455.51366728	12252729	908160.485477023	12257705	58935	12263493	964424	12269312	1513300	12257705	0.84588	12263493	1.01506	12269312	1.06369	12257705	69673.0032628742	12263493	950115.264122318	12269312	1422688.94132689	12274304	35667	12280076	920583	12285879	2204386	12274304	0.84573	12280076	1.01667	12285879	1.06503	12274304	42173.0339470044	12280076	905488.50659506	12285879	2069787.70551064
104	12361134	67847	12366921	924130	12372724	963211	12361134	0.84601	12366921	1.01548	12372724	1.06503	12361134	80196.4515785865	12366921	910042.541458227	12372724	904397.998178455	12377701	59221	12383488	966363	12389292	1498984	12377701	0.84644	12383488	1.01543	12389292	1.06466	12377701	69964.7937243042	12383488	951678.599214126	12389292	1407946.19878647	12394268	35996	12400040	920815	12405843	2191883	12394268	0.84605	12400040	1.01618	12405843	1.06326	12394268	42545.9488209917	12400040	906153.437383141	12405843	2061474.14555236
105	12481145	68517	12486948	926185	12492735	956542	12481145	0.84641	12486948	1.01686	12492735	1.06398	12481145	80950.1305513876	12486948	910828.432625927	12492735	899022.538017632	12497712	59566	12503499	967388	12509303	1482612	12497712	0.84698	12503499	1.01566	12509303	1.06389	12497712	70327.5165883492	12503499	952472.284032058	12509303	1393576.40357556	12514295	36467	12520098	921743	12525901	2180654	12514295	0.84649	12520098	1.01648	12525901	1.06392	12514295	43080.2490283406	12520098	906798.953250433	12525901	2049640.9504474
106	12601156	68469	12606943	925210	12612746	954523	12601156	0.84622	12606943	1.01613	12612746	1.06415	12601156	80911.5832762166	12606943	910523.259819118	12612746	896981.628529813	12617738	59471	12623510	964966	12629314	1466420	12617738	0.84625	12623510	1.01608	12629314	1.06457	12617738	70275.9231905465	12623510	949694.90591292	12629314	1377476.35195431	12634290	36823	12640078	920197	12645897	2171301	12634290	0.84546	12640078	1.017	12645897	1.06501	12634290	43553.8050292149	12640078	904815.142576205	12645897	2038761.13839307
107	12721167	68579	12726954	925512	12732757	948770	12721167	0.84655	12726954	1.01655	12732757	1.06477	12721167	81009.9816903904	12726954	910444.149328611	12732757	891056.284455798	12737749	60012	12743521	964130	12749340	1450302	12737749	0.84633	12743521	1.01576	12749340	1.06471	12737749	70908.5108645564	12743521	949171.064030873	12749340	1362156.83143767	12754317	37318	12760104	920613	12765908	2153570	12754317	0.84631	12760104	1.01618	12765908	1.06442	12754317	44094.9533858752	12760104	905954.653703084	12765908	2023233.31015952
108	12841178	68980	12846965	924752	12852768	946126	12841178	0.84688	12846965	1.01675	12852768	1.06495	12841178	81451.9176270546	12846965	909517.580526187	12852768	888422.930654021	12857745	60267	12863532	964872	12869336	1440353	12857745	0.84667	12863532	1.01626	12869336	1.0641	12857745	71181.215821985	12863532	949434.199909472	12869336	1353588.0086458	12874312	37715	12880100	919869	12885919	2144046	12874312	0.84682	12880100	1.01611	12885919	1.06474	12874312	44537.209796651	12880100	905284.860891045	12885919	2013680.33510528
109	12961189	69257	12966976	924863	12972779	941773	12961189	0.84591	12966976	1.01635	12972779	1.0653	12961189	81872.7760636474	12966976	909984.749348158	12972779	884044.869989674	12977756	60815	12983544	967455	12989347	1427126	12977756	0.8464	12983544	1.01676	12989347	1.06507	12977756	71851.370510397	12983544	951507.730437862	12989347	1339936.34221225	12994323	37859	13000126	920429	13005930	2127657	12994323	0.84712	13000126	1.01571	13005930	1.06472	12994323	44691.4250637454	13000126	906192.712486832	13005930	1998325.38132091
110	13081200	69148	13087003	924207	13092806	938568	13081200	0.8465	13087003	1.01627	13092806	1.06488	13081200	81686.9462492617	13087003	909410.884902634	13092806	881383.817894974	13097767	61096	13103555	965127	13109358	1412163	13097767	0.84703	13103555	1.01611	13109358	1.06491	13097767	72129.6766348299	13103555	949825.314188424	13109358	1326086.71155309	13114334	38579	13120122	919243	13125909	2114346	13114334	0.84671	13120122	1.01701	13125909	1.06511	13114334	45563.4160456355	13120122	903868.20188592	13125909	1985096.3750223
111	13201211	68745	13206998	924576	13212802	934615	13201211	0.8461	13206998	1.01706	13212802	1.0642	13201211	81249.2613166292	13206998	909067.311663029	13212802	878232.475098666	13217778	60851	13223581	961889	13229400	1399039	13217778	0.84652	13223581	1.01625	13229400	1.06516	13217778	71883.7121391107	13223581	946508.241082411	13229400	1313454.31672237	13234361	39126	13240148	918764	13245952	2098054	13234361	0.84662	13240148	1.01641	13245952	1.06484	13234361	46214.3582717158	13240148	903930.500487008	13245952	1970299.76334473
112	13321222	69670	13327009	924831	13332813	930805	13321222	0.84604	13327009	1.01654	13332813	1.06489	13321222	82348.3523237672	13327009	909783.186101875	13332813	874085.586304689	13337789	61256	13343577	963143	13349380	1386548	13337789	0.84661	13343577	1.01574	13349380	1.06478	13337789	72354.4489198096	13343577	948218.04792565	13349380	1302192.00210372	13354372	39537	13360159	918140	13365947	2081431	13354372	0.84665	13360159	1.01713	13365947	1.06495	13354372	46698.1633496722	13360159	902677.140581833	13365947	1954487.06512043
113	13441233	69579	13447020	926371	13452824	927752	13441233	0.84669	13447020	1.01632	13452824	1.06522	13441233	82177.656521277	13447020	911495.395151133	13452824	870948.724207206	13457800	62417	13463588	966606	13469391	1372910	13457800	0.84608	13463588	1.01642	13469391	1.06562	13457800	73771.9837367625	13463588	950990.732177643	13469391	1288367.33544791	13474383	40158	13480155	918214	13485974	2065687	13474383	0.84726	13480155	1.01636	13485974	1.06456	13474383	47397.4930953898	13480155	903433.822661262	13485974	1940413.87991283
114	13561244	69989	13567031	926495	13572835	925291	13561244	0.84721	13567031	1.01743	13572835	1.06545	13561244	82611.1589806542	13567031	910622.843832008	13572835	868450.889295603	13577811	61898	13583599	965294	13589402	1359596	13577811	0.84681	13583599	1.01666	13589402	1.06476	13577811	73095.4995807796	13583599	949475.73426711	13589402	1276903.71539126	13594394	40144	13600166	917282	13605969	2052703	13594394	0.84646	13600166	1.01599	13605969	1.06467	13594394	47425.7495924202	13600166	902845.500447839	13605969	1928018.07132727
115	13681255	69916	13687042	924197	13692846	919842	13681255	0.84633	13687042	1.01636	13692846	1.06434	13681255	82610.8019330521	13687042	909320.516352474	13692846	864236.991938666	13697838	62609	13703610	963398	13709413	1344746	13697838	0.84695	13703610	1.01608	13709413	1.06435	13697838	73922.8998169904	13703610	948151.720336981	13709413	1263443.41616949	13714405	40180	13720192	915829	13726011	2038536	13714405	0.84624	13720192	1.01659	13726011	1.06529	13714405	47480.6201550388	13720192	900883.345301449	13726011	1913597.23643327
116	13801266	70066	13807053	923333	13812872	919445	13801266	0.84656	13807053	1.0169	13812872	1.06477	13801266	82765.5452655453	13807053	907988.002753466	13812872	863515.125332231	13817849	62867	13823621	963579	13829424	1331210	13817849	0.84695	13823621	1.01682	13829424	1.06498	13817849	74227.5222858492	13823621	947639.700241931	13829424	1249985.91522846	13834400	40748	13840188	916712	13845975	2014134	13834400	0.84614	13840188	1.01652	13845975	1.06405	13834400	48157.5153047959	13840188	901814.03218825	13845975	1892894.1309149
117	13921277	70296	13927080	921498	13932883	916194	13921277	0.84616	13927080	1.01628	13932883	1.06447	13921277	83076.4867164602	13927080	906736.332506789	13932883	860704.388099242	13937844	63357	13943632	965089	13949435	1320776	13937844	0.8466	13943632	1.01635	13949435	1.06408	13937844	74836.9950389794	13943632	949563.634574704	13949435	1241237.50093978	13954411	41621	13960199	916625	13966002	1998189	13954411	0.84622	13960199	1.0154	13966002	1.06438	13954411	49184.6092032805	13960199	902723.064802049	13966002	1877326.70662733
118	14041288	70528	14047091	924494	14052894	914189	14041288	0.84667	14047091	1.01542	14052894	1.066	14041288	83300.45944701	14047091	910454.787181659	14052894	857588.180112571	14057871	62619	14063643	963611	14069461	1311434	14057871	0.84688	14063643	1.01655	14069461	1.06563	14057871	73940.8180615908	14063643	947922.876395652	14069461	1230665.4279628	14074453	41744	14080225	913531	14086044	1984589	14074453	0.84706	14080225	1.0167	14086044	1.06521	14074453	49281.0426652185	14080225	898525.622110751	14086044	1863096.47862863
119	14161299	70697	14167086	923380	14172905	911878	14161299	0.84615	14167086	1.01544	14172905	1.06502	14161299	83551.379778999	14167086	909339.793587017	14172905	856207.395166288	14177866	63496	14183654	963665	14189441	1300447	14177866	0.84654	14183654	1.01562	14189441	1.06487	14177866	75006.4970349895	14183654	948844.05584766	14189441	1221226.06515349	14194418	41831	14200205	920530	14206008	1970103	14194418	0.84716	14200205	1.01578	14206008	1.06436	14194418	49377.9215260399	14200205	906229.695406486	14206008	1850974.29441167
120	14281310	70338	14287097	924970	14292916	907432	14281310	0.84632	14287097	1.01624	14292916	1.06443	14281310	83110.4074109084	14287097	910188.538140597	14292916	852505.096624485	14297877	63744	14303649	963486	14309452	1285426	14297877	0.84626	14303649	1.01505	14309452	1.06479	14297877	75324.3683974192	14303649	949200.531993498	14309452	1207210.81152152	14314429	42675	14320216	917366	14326019	1953228	14314429	0.84641	14320216	1.01557	14326019	1.06315	14314429	50418.8277548706	14320216	903301.594178639	14326019	1837208.29610121
121	14401321	70695	14407108	926214	14412927	904324	14401321	0.84606	14407108	1.01658	14412927	1.06497	14401321	83557.9036947734	14407108	911107.832143068	14412927	849154.4362752	14417904	63635	14423676	961416	14429479	1275033	14417904	0.84675	14423676	1.01577	14429479	1.06467	14417904	75152.0519633894	14423676	946489.854986857	14429479	1197585.16723492	14434455	43134	14440243	914226	14446046	1934561	14434455	0.84659	14440243	1.01577	14446046	1.06409	14434455	50950.2828996327	14440243	900032.487669453	14446046	1818042.6467686
122	14521332	70996	14527135	920726	14532938	903624	14521332	0.84647	14527135	1.01589	14532938	1.06434	14521332	83873.0256240623	14527135	906324.503637205	14532938	848999.379897401	14537915	64365	14543702	965131	14549521	1265071	14537915	0.84688	14543702	1.01649	14549521	1.06434	14537915	76002.5033062536	14543702	949474.170921505	14549521	1188596.68902794	14554497	43549	14560285	914818	14566088	1916032	14554497	0.84641	14560285	1.01675	14566088	1.06458	14554497	51451.4242506587	14560285	899747.233833293	14566088	1799800.86043322
123	14641343	71289	14647130	920641	14652949	901301	14641343	0.84683	14647130	1.01629	14652949	1.06427	14641343	84183.3662010085	14647130	905884.147241437	14652949	846872.50415778	14657910	64298	14663682	959370	14669501	1256167	14657910	0.84676	14663682	1.01587	14669501	1.06601	14657910	75934.1489914498	14663682	944382.647385985	14669501	1178382.00392116	14674462	43890	14680249	915005	14686052	1902829	14674462	0.8467	14680249	1.01597	14686052	1.06494	14674462	51836.5418684304	14680249	900622.065612174	14686052	1786794.56119594
124	14761354	70976	14767141	920943	14772960	899542	14761354	0.84712	14767141	1.01591	14772960	1.0652	14761354	83785.0599678912	14767141	906520.262621689	14772960	844481.787457754	14777921	64567	14783709	960431	14789543	1243958	14777921	0.84693	14783709	1.01597	14789543	1.06505	14777921	76236.5248603781	14783709	945334.015768182	14789543	1167980.84596967	14794519	44605	14800291	913303	14806095	1885097	14794519	0.84723	14800291	1.01614	14806095	1.06444	14794519	52648.0412638835	14800291	898796.425689374	14806095	1770975.34854008
125	14881365	71348	14887152	922018	14892971	895054	14881365	0.84651	14887152	1.01595	14892971	1.06395	14881365	84284.8873610471	14887152	907542.694030218	14892971	841255.698106114	14897948	65097	14903735	960099	14909538	1231839	14897948	0.84661	14903735	1.01639	14909538	1.06404	14897948	76891.3667450184	14903735	944616.73176635	14909538	1157699.89850006	14914515	45198	14920303	913796	14926106	1869185	14914515	0.84635	14920303	1.01634	14926106	1.06513	14914515	53403.4382938501	14920303	899104.630340241	14926106	1754889.07457306
126	15001376	71897	15007163	922409	15012967	894735	15001376	0.84651	15007163	1.01546	15012967	1.06526	15001376	84933.4325642934	15007163	908365.666791405	15012967	839921.709254079	15017959	65100	15023731	958677	15029534	1221586	15017959	0.84662	15023731	1.01634	15029534	1.0641	15017959	76894.002031608	15023731	943264.06517504	15029534	1147999.24819096	15034510	44833	15040298	914299	15046101	1849716	15034510	0.84644	15040298	1.01645	15046101	1.065	15034510	52966.5422239025	15040298	899502.188991096	15046101	1736822.53521127
127	15121387	71846	15127174	923218	15132993	893897	15121387	0.84688	15127174	1.01652	15132993	1.06576	15121387	84836.1042886832	15127174	908214.299767836	15132993	838741.367662513	15137954	65342	15143742	960835	15149545	1212446	15137954	0.84711	15143742	1.01632	15149545	1.06407	15137954	77135.2008593925	15143742	945405.974496222	15149545	1139441.95400679	15154521	45905	15160309	914767	15166112	1837701	15154521	0.84582	15160309	1.01571	15166112	1.06599	15154521	54272.7767137216	15160309	900618.286715696	15166112	1723938.31086596
128	15241398	71416	15247185	921519	15252989	890035	15241398	0.84654	15247185	1.01633	15252989	1.06522	15241398	84362.2274198502	15247185	906712.386724784	15252989	835541.015001596	15258043	65857	15263846	963438	15269634	1203307	15258043	0.84743	15263846	1.01692	15269634	1.06506	15258043	77713.7934696671	15263846	947407.859025292	15269634	1129802.0768783	15274626	46038	15280414	913784	15286217	1816987	15274626	0.8474	15280414	1.017	15286217	1.0649	15274626	54328.5343403352	15280414	898509.341199607	15286217	1706251.29120105
129	15361409	71844	15367196	923949	15373015	888831	15361409	0.84663	15367196	1.01616	15373015	1.06595	15361409	84858.7930973389	15367196	909255.432215399	15373015	833839.298278531	15377976	65845	15383764	960041	15389567	1196777	15377976	0.84704	15383764	1.01637	15389567	1.06523	15377976	77735.4080090669	15383764	944578.25398231	15389567	1123491.64030303	15394543	46634	15400331	913099	15406134	1801305	15394543	0.84622	15400331	1.01582	15406134	1.06553	15394543	55108.6006003167	15400331	898878.738359158	15406134	1690524.90309987
130	15481420	71746	15487208	920706	15493011	885984	15481420	0.84633	15487208	1.01595	15493011	1.06528	15481420	84773.0790589959	15487208	906251.291894286	15493011	831691.198558126	15497987	66143	15503759	959018	15509562	1188573	15497987	0.84778	15503759	1.01661	15509562	1.06498	15497987	78019.0615489868	15503759	943348.973549345	15509562	1116051.94463746	15514539	46798	15520326	913028	15526130	1788093	15514539	0.84617	15520326	1.01576	15526130	1.06575	15514539	55305.6714371817	15520326	898861.935890368	15526130	1677779.02885292
131	15601431	72012	15607219	919628	15613037	888119	15601431	0.84736	15607219	1.01589	15613037	1.06511	15601431	84983.9501510574	15607219	905243.677957259	15613037	833828.430866295	15617998	66231	15623786	958043	15629605	1178455	15617998	0.84702	15623786	1.01664	15629605	1.06513	15617998	78192.958843947	15623786	942362.094743469	15629605	1106395.46346455	15634581	47334	15640369	913308	15646172	1766849	15634581	0.84695	15640369	1.01739	15646172	1.06475	15634581	55887.5966704056	15640369	897697.048329549	15646172	1659402.67668467
132	15721442	71494	15727230	919870	15733033	884356	15721442	0.84741	15727230	1.01647	15733033	1.06576	15721442	84367.6614625742	15727230	904965.2227808	15733033	829789.070710104	15738009	66610	15743797	961326	15749600	1170260	15738009	0.84713	15743797	1.01734	15749600	1.06576	15738009	78630.1984347149	15743797	944940.72778029	15749600	1098052.09428014	15754592	47848	15760380	912733	15766167	1752158	15754592	0.8465	15760380	1.01643	15766167	1.06538	15754592	56524.5126993503	15760380	897979.20171581	15766167	1644631.96230453
133	15841453	72505	15847241	920842	15853044	881420	15841453	0.84773	15847241	1.01619	15853044	1.0657	15841453	85528.4111686504	15847241	906171.090052057	15853044	827080.791967721	15858020	66650	15863792	959651	15869595	1163912	15858020	0.84724	15863792	1.01611	15869595	1.06566	15858020	78667.2017374062	15863792	944436.133883142	15869595	1092198.26210987	15874541	48077	15880344	912291	15886163	1734893	15874541	0.84648	15880344	1.01618	15886163	1.06511	15874541	56796.3803043191	15880344	897765.159715798	15886163	1628839.27481669
134	15961464	72079	15967252	921726	15973070	882294	15961464	0.84684	15967252	1.0163	15973070	1.06488	15961464	85115.2519956544	15967252	906942.831840992	15973070	828538.426864999	15978047	67260	15983834	960799	15989622	1153676	15978047	0.84672	15983834	1.0167	15989622	1.06565	15978047	79435.9410430839	15983834	945017.212550408	15989622	1082603.10608549	15994614	48493	16000402	914159	16006205	1718469	15994614	0.84688	16000402	1.0166	16006205	1.06531	15994614	57260.7689401096	16000402	899231.75290183	16006205	1613116.36988295
135	16081475	72306	16087263	920546	16093081	879216	16081475	0.8469	16087263	1.01631	16093081	1.06497	16081475	85377.2582359192	16087263	905772.844899686	16093081	825578.185300994	16098058	67238	16103830	957223	16109633	1145905	16098058	0.84671	16103830	1.01694	16109633	1.06514	16098058	79410.8962927094	16103830	941277.754833127	16109633	1075825.71305181	16114609	48354	16120397	910363	16126200	1700164	16114609	0.84672	16120397	1.01636	16126200	1.06543	16114609	57107.4263038549	16120397	895709.197528435	16126200	1595753.82709329
136	16201486	73031	16207274	920722	16213077	876332	16201486	0.84677	16207274	1.01633	16213077	1.0655	16201486	86246.5604591566	16207274	905928.192614604	16213077	822460.816518067	16218053	67175	16223841	957827	16229644	1139757	16218053	0.84711	16223841	1.01594	16229644	1.06538	16218053	79299.0284614749	16223841	942798.787329961	16229644	1069812.64900787	16234620	49617	16240408	910001	16246227	1681935	16234620	0.84579	16240408	1.01663	16246227	1.06494	16234620	58663.4980314262	16240408	895115.233664165	16246227	1579370.66877007
137	16321497	72491	16327285	919801	16333088	874021	16321497	0.84655	16327285	1.01603	16333088	1.06463	16321497	85631.0908983521	16327285	905289.213901165	16333088	820962.212223965	16338049	68009	16343836	958791	16349639	1131756	16338049	0.84646	16343836	1.01576	16349639	1.0651	16338049	80345.2023722326	16343836	943914.901157754	16349639	1062581.91719087	16354631	48997	16360419	910321	16366222	1665916	16354631	0.84629	16360419	1.01575	16366222	1.06488	16354631	57896.2294249016	16360419	896205.759291164	16366222	1564416.64788521
138	16441508	72788	16447296	921022	16453114	875263	16441508	0.8465	16447296	1.01706	16453114	1.06567	16441508	85987.0053160071	16447296	905572.925884412	16453114	821326.489438569	16458091	67750	16463878	958873	16469666	1123942	16458091	0.84696	16463878	1.0166	16469666	1.06455	16458091	79991.9712855389	16463878	943215.620696439	16469666	1055790.70968954	16474658	49978	16480446	910369	16486249	1653094	16474658	0.84651	16480446	1.01593	16486249	1.06459	16474658	59040.0585935193	16480446	896094.219089898	16486249	1552798.73002752
139	16561519	73123	16567307	917458	16573110	873226	16561519	0.84744	16567307	1.01621	16573110	1.06514	16561519	86286.9347682432	16567307	902823.235354897	16573110	819822.74630565	16578149	68064	16583967	957877	16589771	1118090	16578149	0.84654	16583967	1.01609	16589771	1.06516	16578149	80402.5799135304	16583967	942708.815164011	16589771	1049692.06504187	16594747	50112	16600519	912255	16606322	1638103	16594747	0.84739	16600519	1.01614	16606322	1.06487	16594747	59136.879122954	16600519	897765.071742083	16606322	1538312.65788312
140	16681530	72636	16687318	921873	16693121	870809	16681530	0.84661	16687318	1.01627	16693121	1.06509	16681530	85796.2934527114	16687318	907114.251134049	16693121	817591.940587181	16698097	68431	16703885	957988	16709672	1111059	16698097	0.847	16703885	1.01715	16709672	1.06551	16698097	80792.2077922078	16703885	941835.520817972	16709672	1042748.54295126	16714664	50169	16720436	913963	16726255	1618657	16714664	0.84607	16720436	1.01612	16726255	1.06483	16714664	59296.5121089272	16720436	899463.64602606	16726255	1520108.37410666
141	16801541	72974	16807329	920312	16813132	872091	16801541	0.84635	16807329	1.01595	16813132	1.06505	16801541	86222.0121699061	16807329	905863.477533343	16813132	818826.346180931	16818108	68989	16823896	956022	16829683	1105129	16818108	0.84635	16823896	1.01582	16829683	1.06562	16818108	81513.5582205943	16823896	941133.271642614	16829683	1037076.06839211	16834660	50433	16840432	911726	16846235	1603404	16834660	0.84696	16840432	1.01608	16846235	1.06509	16834660	59545.9053556248	16840432	897297.456893158	16846235	1505416.44368082
142	16921552	73273	16927340	919301	16933143	869653	16921552	0.84669	16927340	1.01643	16933143	1.0659	16921552	86540.5284106344	16927340	904441.033814429	16933143	815886.105638428	16938119	68803	16943907	956953	16949710	1098188	16938119	0.84664	16943907	1.01725	16949710	1.06532	16938119	81265.9453841066	16943907	940725.485377243	16949710	1030852.70153569	16954686	51267	16960490	912856	16966293	1589648	16954686	0.84636	16960490	1.0157	16966293	1.06485	16954686	60573.5148163902	16960490	898745.692625775	16966293	1492837.48884819
143	17041563	73035	17047351	921037	17053154	870242	17041563	0.84641	17047351	1.01652	17053154	1.06615	17041563	86287.9691875096	17047351	906068.744343446	17053154	816247.24475918	17058130	69437	17063918	958270	17069721	1092199	17058130	0.84672	17063918	1.0162	17069721	1.06594	17058130	82007.0389266818	17063918	942993.505215509	17069721	1024634.59481772	17074697	51968	17080485	914487	17086288	1576062	17074697	0.84638	17080485	1.01643	17086288	1.06444	17074697	61400.3166426428	17080485	899704.849325581	17086288	1480648.97974522
144	17161574	74263	17167362	921333	17173165	866971	17161574	0.8459	17167362	1.01651	17173165	1.0652	17161574	87791.7011467077	17167362	906368.850281847	17173165	813904.431092752	17178141	69445	17183913	958634	17189716	1084291	17178141	0.84628	17183913	1.01619	17189716	1.06444	17178141	82059.1293661672	17183913	943360.985642449	17189716	1018649.24279433	17194693	51539	17200481	915499	17206284	1565463	17194693	0.84654	17200481	1.01563	17206284	1.06601	17194693	60881.9429678456	17200481	901409.962289417	17206284	1468525.62358702
145	17281585	73577	17287373	919988	17293176	866512	17281585	0.84674	17287373	1.01717	17293176	1.06543	17281585	86894.4422136665	17287373	904458.448440281	17293176	813297.917272838	17298152	69152	17303940	956824	17309743	1078202	17298152	0.84628	17303940	1.0165	17309743	1.06552	17298152	81712.9082573144	17303940	941292.670929661	17309743	1011902.16983257	17314720	52536	17320507	914345	17326310	1549234	17314720	0.84661	17320507	1.01694	17326310	1.0658	17314720	62054.5469578673	17320507	899114.008692745	17326310	1453587.91518108
146	17401596	73721	17407384	918817	17413187	865470	17401596	0.84729	17407384	1.01665	17413187	1.06597	17401596	87007.9901804577	17407384	903769.242118723	17413187	811908.402675498	17418163	69896	17423935	956942	17429739	1072546	17418163	0.84683	17423935	1.01628	17429739	1.06528	17418163	82538.407944924	17423935	941612.547723068	17429739	1006820.74196455	17434731	52645	17440518	909284	17446321	1533067	17434731	0.84693	17440518	1.01586	17446321	1.0657	17434731	62159.8006919108	17440518	895087.905813793	17446321	1438554.00206437
147	17521607	73590	17527395	917795	17533198	862964	17521607	0.84593	17527395	1.01612	17533198	1.06467	17521607	86993.0136063268	17527395	903234.854151084	17533198	810545.990776485	17538174	69998	17543962	957214	17549750	1068128	17538174	0.846	17543962	1.01685	17549750	1.06483	17538174	82739.9527186761	17543962	941352.215174313	17549750	1003097.20800503	17554726	52784	17560514	910476	17566317	1513877	17554726	0.84677	17560514	1.01619	17566317	1.06464	17554726	62335.6991863198	17560514	895970.241785493	17566317	1421961.41418696
148	17641618	73502	17647406	919464	17653209	864959	17641618	0.84702	17647406	1.01575	17653209	1.0647	17641618	86777.1717314821	17647406	905206.989908934	17653209	812396.919319996	17658201	70595	17663973	956730	17669776	1061424	17658201	0.84643	17663973	1.01678	17669776	1.06457	17658201	83403.234762473	17663973	940941.009854639	17669776	997044.816216876	17674753	53288	17680540	911480	17686359	1501363	17674753	0.84613	17680540	1.01698	17686359	1.06415	17674753	62978.5021214234	17680540	896261.480068438	17686359	1410856.55217779
149	17761629	74111	17767417	918378	17773220	864174	17761629	0.84647	17767417	1.01506	17773220	1.06546	17761629	87553.0142828452	17767417	904752.428427876	17773220	811080.659996621	17778196	70248	17783984	955600	17789787	1057155	17778196	0.84671	17783984	1.01637	17789787	1.06516	17778196	82965.8324573939	17783984	940208.782234816	17789787	992484.697134703	17794764	53341	17800551	910988	17806354	1489439	17794764	0.84711	17800551	1.01679	17806354	1.06487	17794764	62968.2095595613	17800551	895945.082072011	17806354	1398705.00624489
150	17881640	73944	17887428	917914	17893231	860928	17881640	0.84603	17887428	1.0154	17893231	1.06529	17881640	87401.1559873763	17887428	903992.51526492	17893231	808163.035417586	17898223	70786	17904011	955597	17909814	1050008	17898223	0.84638	17904011	1.01716	17909814	1.06586	17898223	83633.8287766724	17904011	939475.598725864	17909814	985127.502673897	17914790	53761	17920578	912620	17926381	1474227	17914790	0.84694	17920578	1.01681	17926381	1.06539	17914790	63476.7515998772	17920578	897532.479027547	17926381	1383743.98107735
151	18001651	73771	18007439	918784	18013242	860454	18001651	0.84618	18007439	1.01643	18013242	1.0653	18001651	87181.2143988277	18007439	903932.390818847	18013242	807710.504083357	18018218	70182	18023990	954714	18029794	1045790	18018218	0.84618	18023990	1.01655	18029794	1.06571	18018218	82939.8000425442	18023990	939170.72450937	18029794	981308.235824005	18034786	53696	18040558	911056	18046376	1457305	18034786	0.84665	18040558	1.01678	18046376	1.06432	18034786	63421.7209000177	18040558	896020.771454985	18046376	1369235.75616356
152	18121662	73679	18127434	918217	18133253	859146	18121662	0.84708	18127434	1.01594	18133253	1.06525	18121662	86979.9782783208	18127434	903810.264385692	18133253	806520.535085661	18138229	70685	18144017	956951	18149820	1042889	18138229	0.84674	18144017	1.01673	18149820	1.0647	18138229	83478.9900087394	18144017	941204.646267938	18149820	979514.417206725	18154812	54428	18160600	913015	18166403	1449393	18154812	0.8472	18160600	1.01596	18166403	1.06429	18154812	64244.5703493862	18160600	898672.191818576	18166403	1361840.28789146
153																																																						
154																																																						
155																																																						
156																																																						
157																																																						
158																																																						
159																																																						
160																																																						
161																																																						
162																																																						
163																																																						
164																																																						
165																																																						
166																																																						
167																																																						
168																																																						
169																																																						
170																																																						
171																																																						
172																																																						
173																																																						
174																																																						
175																																																						
176																																																						
177																																																						
178																																																						
179																																																						
180																																																						
181																																																						
182																																																						
183																																																						
184																																																						
185																																																						
186																																																						
187																																																						
188																																																						
189																																																						
190																																																						
191																																																						
192																																																						
193																																																						
194																																																						
195																																																						
196																																																						
197																																																						
198																																																						
199																																																						
200																																																						
201																																																						
202																																																						
203																																																						
204																																																						
205																																																						
206																																																						
207																																																						
208																																																						
209																																																						
210																																																						
211																																																						
212																																																						
213																																																						
214																																																						
215																																																						
216																																																						
217																																																						
218																																																						
219																																																						
220																																																						
221																																																						
222																																																						
223																																																						
224																																																						
225																																																						
226																																																						
227																																																						
228																																																						
229																																																						
230																																																						
231																																																						
232																																																						
233																																																						
234																																																						
235																																																						
236																																																						
237																																																						
238																																																						
239																																																						
240																																																						
241																																																						
242																																																						
243																																																						
244																																																						
245																																																						
246																																																						
247																																																						
248																																																						
249																																																						
250																																																						
251																																																						
252																																																						
253																																																						
254																																																						
255																																																						
256																																																						
257																																																						
258																																																						
259																																																						
260																																																						
261																																																						
262																																																						
263																																																						
264																																																						
265																																																						
266																																																						
267																																																						
268																																																						
269																																																						
270																																																						
271																																																						
272																																																						
273																																																						
274																																																						
275																																																						
276																																																						
277																																																						
278																																																						
279																																																						
280																																																						
281																																																						
282																																																						
283																																																						
284																																																						
285																																																						
286																																																						
287																																																						
288																																																						
289																																																						
290																																																						
291																																																						
292																																																						
293																																																						
294																																																						
295																																																						
296																																																						
297																																																						
298																																																						
299																																																						
300																																																						
301																																																						