HJY Multigroup Import
Application Version:	3.5.1.20
SystemConfiguration::	FL3-11_1602C-0213-FL
Experiment Time Stamp:	9/17/2025 1:04 PM
Export Time Stamp:	9/17/2025 6:10 PM
Experiment Comment:	None

Integration Time:	1
Time Sequence Interval Points:	301
Time Sequence Experiment Duration:	10:00:00	36000000 (ms)
Repetition Time Sequence Enabled:	False
Repetition Time Sequence Count:	2
Repetition Time Sequence Delay:	0 seconds
Time Sequence Interval Total Points:	301
Time Sequence Experiment Duration Total:	10:00:00	36000000 (ms)

Mono Count:	2
Mono Description:	Excitation 1 (Mono1)	Emission 1 (Mono2)
Mono Slit Width:		5	5
Mono Grating Index:		0	0
Mono Grating Value:		1200	1200

Mono Wavelength Group Count:	3
Mono Wavelength Group Description:	Group 1:(Excitation 1:596 Emission 1:615)	Group 2:(Excitation 1:549 Emission 1:565)	Group 3:(Excitation 1:495 Emission 1:520)

Detector Count:	3
Detector Description:	S1 (SCD1)	R (SCD2)	S1/R (SCD1/SCD2)
Detector High Voltage:	950	None	None

Accessory Sequential Type:	Temperature Controller
Accessory Sequential Description:	Temperature Control (TC1)
Accessory Sequential Scan Position Count:	1
Accessory Sequential Scan Positions:		37

Accessory Interleave Type:	Sample Changer
Accessory Interleave Description:	Sample Changer - 4 Position (SCH1)
Accessory Interleave Scan Position Count:	3
Accessory Interleave Scan Positions:	1	2	3

Axis	X	Y	X	Y	X	Y	X	Y	X	Y	X	Y	X	Y	X	Y	X	Y	X	Y	X	Y	X	Y	X	Y	X	Y	X	Y	X	Y	X	Y	X	Y	X	Y	X	Y	X	Y	X	Y	X	Y	X	Y	X	Y	X	Y	X	Y
Sequential: Temperature Controller	Idx:0(Pos:37.00)	Idx:0(Pos:37.00)	Idx:0(Pos:37.00)	Idx:0(Pos:37.00)	Idx:0(Pos:37.00)	Idx:0(Pos:37.00)	Idx:0(Pos:37.00)	Idx:0(Pos:37.00)	Idx:0(Pos:37.00)	Idx:0(Pos:37.00)	Idx:0(Pos:37.00)	Idx:0(Pos:37.00)	Idx:0(Pos:37.00)	Idx:0(Pos:37.00)	Idx:0(Pos:37.00)	Idx:0(Pos:37.00)	Idx:0(Pos:37.00)	Idx:0(Pos:37.00)	Idx:0(Pos:37.00)	Idx:0(Pos:37.00)	Idx:0(Pos:37.00)	Idx:0(Pos:37.00)	Idx:0(Pos:37.00)	Idx:0(Pos:37.00)	Idx:0(Pos:37.00)	Idx:0(Pos:37.00)	Idx:0(Pos:37.00)	Idx:0(Pos:37.00)	Idx:0(Pos:37.00)	Idx:0(Pos:37.00)	Idx:0(Pos:37.00)	Idx:0(Pos:37.00)	Idx:0(Pos:37.00)	Idx:0(Pos:37.00)	Idx:0(Pos:37.00)	Idx:0(Pos:37.00)	Idx:0(Pos:37.00)	Idx:0(Pos:37.00)	Idx:0(Pos:37.00)	Idx:0(Pos:37.00)	Idx:0(Pos:37.00)	Idx:0(Pos:37.00)	Idx:0(Pos:37.00)	Idx:0(Pos:37.00)	Idx:0(Pos:37.00)	Idx:0(Pos:37.00)	Idx:0(Pos:37.00)	Idx:0(Pos:37.00)	Idx:0(Pos:37.00)	Idx:0(Pos:37.00)	Idx:0(Pos:37.00)	Idx:0(Pos:37.00)	Idx:0(Pos:37.00)	Idx:0(Pos:37.00)
Interleave: Sample Changer	Idx:0(Pos:1)	Idx:0(Pos:1)	Idx:0(Pos:1)	Idx:0(Pos:1)	Idx:0(Pos:1)	Idx:0(Pos:1)	Idx:0(Pos:1)	Idx:0(Pos:1)	Idx:0(Pos:1)	Idx:0(Pos:1)	Idx:0(Pos:1)	Idx:0(Pos:1)	Idx:0(Pos:1)	Idx:0(Pos:1)	Idx:0(Pos:1)	Idx:0(Pos:1)	Idx:0(Pos:1)	Idx:0(Pos:1)	Idx:1(Pos:2)	Idx:1(Pos:2)	Idx:1(Pos:2)	Idx:1(Pos:2)	Idx:1(Pos:2)	Idx:1(Pos:2)	Idx:1(Pos:2)	Idx:1(Pos:2)	Idx:1(Pos:2)	Idx:1(Pos:2)	Idx:1(Pos:2)	Idx:1(Pos:2)	Idx:1(Pos:2)	Idx:1(Pos:2)	Idx:1(Pos:2)	Idx:1(Pos:2)	Idx:1(Pos:2)	Idx:1(Pos:2)	Idx:2(Pos:3)	Idx:2(Pos:3)	Idx:2(Pos:3)	Idx:2(Pos:3)	Idx:2(Pos:3)	Idx:2(Pos:3)	Idx:2(Pos:3)	Idx:2(Pos:3)	Idx:2(Pos:3)	Idx:2(Pos:3)	Idx:2(Pos:3)	Idx:2(Pos:3)	Idx:2(Pos:3)	Idx:2(Pos:3)	Idx:2(Pos:3)	Idx:2(Pos:3)	Idx:2(Pos:3)	Idx:2(Pos:3)
Detector	S1 (SCD1)	S1 (SCD1)	S1 (SCD1)	S1 (SCD1)	S1 (SCD1)	S1 (SCD1)	R (SCD2)	R (SCD2)	R (SCD2)	R (SCD2)	R (SCD2)	R (SCD2)	S1/R (SCD1/SCD2)	S1/R (SCD1/SCD2)	S1/R (SCD1/SCD2)	S1/R (SCD1/SCD2)	S1/R (SCD1/SCD2)	S1/R (SCD1/SCD2)	S1 (SCD1)	S1 (SCD1)	S1 (SCD1)	S1 (SCD1)	S1 (SCD1)	S1 (SCD1)	R (SCD2)	R (SCD2)	R (SCD2)	R (SCD2)	R (SCD2)	R (SCD2)	S1/R (SCD1/SCD2)	S1/R (SCD1/SCD2)	S1/R (SCD1/SCD2)	S1/R (SCD1/SCD2)	S1/R (SCD1/SCD2)	S1/R (SCD1/SCD2)	S1 (SCD1)	S1 (SCD1)	S1 (SCD1)	S1 (SCD1)	S1 (SCD1)	S1 (SCD1)	R (SCD2)	R (SCD2)	R (SCD2)	R (SCD2)	R (SCD2)	R (SCD2)	S1/R (SCD1/SCD2)	S1/R (SCD1/SCD2)	S1/R (SCD1/SCD2)	S1/R (SCD1/SCD2)	S1/R (SCD1/SCD2)	S1/R (SCD1/SCD2)
WL Group	1	1	2	2	3	3	1	1	2	2	3	3	1	1	2	2	3	3	1	1	2	2	3	3	1	1	2	2	3	3	1	1	2	2	3	3	1	1	2	2	3	3	1	1	2	2	3	3	1	1	2	2	3	3
Units	(ms)	CPS	(ms)	CPS	(ms)	CPS	(ms)	MicroAmps	(ms)	MicroAmps	(ms)	MicroAmps	(ms)	CPS	(ms)	CPS	(ms)	CPS	(ms)	CPS	(ms)	CPS	(ms)	CPS	(ms)	MicroAmps	(ms)	MicroAmps	(ms)	MicroAmps	(ms)	CPS	(ms)	CPS	(ms)	CPS	(ms)	CPS	(ms)	CPS	(ms)	CPS	(ms)	MicroAmps	(ms)	MicroAmps	(ms)	MicroAmps	(ms)	CPS	(ms)	CPS	(ms)	CPS
1	0	145909	5772	1184563	11590	3605076	0	0.84575	5772	1.01884	11590	1.06428	0	172520.248300325	5772	1162658.51360371	11590	3387337.91859285	16567	145999	22339	1177147	28142	3636211	16567	0.84642	22339	1.01855	28142	1.06304	16567	172490.016776541	22339	1155708.60537038	28142	3420577.7769416	33118	149013	38890	1255373	44694	3917000	33118	0.84621	38890	1.01772	44694	1.06302	33118	176094.586450172	38890	1233515.11221161	44694	3684784.85823409
2	120011	146808	125814	1121963	131617	3557463	120011	0.84619	125814	1.01876	131617	1.06274	120011	173492.95075574	125814	1101302.56390121	131617	3347444.34198393	136578	147359	142365	1120156	148169	3593015	136578	0.84665	142365	1.01837	148169	1.06312	136578	174049.489163172	142365	1099949.91997015	148169	3379689.02851983	153145	149379	158917	1186858	164720	3872573	153145	0.84646	158917	1.01753	164720	1.06358	153145	176474.966330364	158917	1166410.81835425	164720	3641073.54406815
3	240022	146051	245809	1104760	251628	3543213	240022	0.84672	245809	1.01795	251628	1.06305	240022	172490.315570673	245809	1085279.23768358	251628	3333063.35543954	256604	146729	262376	1107164	268195	3583046	256604	0.84617	262376	1.01784	268195	1.06353	256604	173403.689565926	262376	1087758.39031675	268195	3369012.6277585	273156	149336	278944	1168193	284762	3840416	273156	0.84648	278944	1.01743	284762	1.0623	273156	176419.99810982	278944	1148180.21878655	284762	3615189.68276381
4	360033	146331	365836	1100416	371639	3530590	360033	0.84589	365836	1.01743	371639	1.06218	360033	172990.577971131	365836	1081564.33366423	371639	3323909.31857124	376600	147941	382403	1103124	388206	3572671	376600	0.84537	382403	1.01723	388206	1.06225	376600	175001.478642488	382403	1084439.11406467	388206	3363305.24829372	393183	149560	398970	1163810	404758	3836024	393183	0.84561	398970	1.01761	404758	1.06264	393183	176866.404134294	398970	1143669.97179666	404758	3609899.87201686
5	480044	146110	485831	1100552	491634	3538933	480044	0.84611	485831	1.01851	491634	1.06359	480044	172684.402737233	485831	1080551.00097201	491634	3327347.0040147	496611	147490	502398	1100799	508202	3571131	496611	0.84594	502398	1.0178	508202	1.06296	496611	174350.426744214	502398	1081547.45529574	508202	3359609.95710093	513178	149750	518966	1165000	524769	3831304	513178	0.84649	518966	1.01803	524769	1.06314	513178	176906.992403927	518966	1144367.0618744	524769	3603762.43956581
6	600055	146274	605858	1101705	611661	3530005	600055	0.84564	605858	1.01814	611661	1.06306	600055	172974.31531148	605858	1082076.13884142	611661	3320607.49158091	616637	147523	622425	1100084	628228	3559193	616637	0.84559	622425	1.01815	628228	1.06284	616637	174461.618514883	622425	1080473.40765113	628228	3348757.1036092	633205	149036	638992	1161384	644795	3819264	633205	0.84568	638992	1.01764	644795	1.06215	633205	176232.144546401	638992	1141252.30926457	644795	3595785.90594549
7	720066	145987	725869	1100489	731672	3522702	720066	0.84589	725869	1.01761	731672	1.06288	720066	172583.90570878	725869	1081444.75781488	731672	3314298.88604546	736633	148719	742420	1101051	748224	3557763	736633	0.84605	742420	1.01768	748224	1.06265	736633	175780.391229833	742420	1081922.60828551	748224	3348010.16327107	753200	149520	758988	1156646	764775	3808331	753200	0.84593	758988	1.01752	764775	1.06254	753200	176752.213540127	758988	1136730.48195613	764775	3584176.59570463
8	840077	145729	845880	1096875	851683	3511252	840077	0.8455	845880	1.01696	851683	1.06178	840077	172358.367829687	845880	1078582.24512272	851683	3306948.70877206	856659	147715	862447	1101029	868250	3553909	856659	0.84499	862447	1.0176	868250	1.06158	856659	174812.719677156	862447	1081986.04559748	868250	3347754.29077413	873227	149074	879014	1158357	884817	3799720	873227	0.84524	879014	1.01775	884817	1.06155	873227	176368.841985708	879014	1138154.75313191	884817	3579407.47020866
9	960088	145613	965875	1099587	971694	3513117	960088	0.84645	965875	1.0183	971694	1.06256	960088	172027.881150688	965875	1079826.18088972	971694	3306276.35145309	976670	148879	982458	1101507	988277	3559831	976670	0.84639	982458	1.01884	988277	1.06438	976670	175898.817330072	982458	1081138.35342154	988277	3344511.35872527	993253	149650	999041	1154934	1004844	3795088	993253	0.84675	999041	1.01806	1004844	1.06305	993253	176734.573368763	999041	1134445.90692101	1004844	3569999.52965524
10	1080099	145969	1085886	1096339	1091689	3513244	1080099	0.84607	1085886	1.01927	1091689	1.06323	1080099	172525.913931471	1085886	1075611.95757748	1091689	3304312.33129238	1096666	148826	1102453	1100315	1108241	3548505	1096666	0.84685	1102453	1.01863	1108241	1.06365	1096666	175740.686071914	1102453	1080191.04090789	1108241	3336158.51078832	1113217	148486	1119005	1156705	1124808	3789853	1113217	0.84697	1119005	1.01914	1124808	1.06366	1113217	175314.355880374	1119005	1134981.45495221	1124808	3563030.47966455
11	1200110	126886	1205897	615025	1211700	3177431	1200110	0.84674	1205897	1.01953	1211700	1.06286	1200110	149852.374991143	1205897	603243.651486469	1211700	2989510.37766028	1216661	138490	1222449	652332	1228236	3347890	1216661	0.84652	1222449	1.01798	1228236	1.06323	1216661	163599.206161697	1222449	640810.232028134	1228236	3148791.88886694	1233213	126851	1239000	640381	1244804	3373302	1233213	0.84583	1239000	1.01852	1244804	1.06315	1233213	149972.216639277	1239000	628736.794564663	1244804	3172931.38315384
12	1320121	125819	1325924	324872	1331727	3165834	1320121	0.84601	1325924	1.01884	1331727	1.06357	1320121	148720.464297112	1325924	318864.591103608	1331727	2976610.84836917	1336703	137642	1342475	326518	1348294	3345452	1336703	0.84582	1342475	1.01858	1348294	1.06349	1336703	162732.023361945	1342475	320561.958805396	1348294	3145729.62604256	1353271	126233	1359058	316196	1364861	3368691	1353271	0.84616	1359058	1.01783	1364861	1.06345	1353271	149183.369575494	1359058	310656.985940678	1364861	3167700.40904603
13	1440132	126287	1445935	182957	1451738	3164539	1440132	0.84639	1445935	1.01801	1451738	1.06293	1440132	149206.63051312	1445935	179720.238504533	1451738	2977184.76287244	1456714	137124	1462486	179170	1468305	3343039	1456714	0.84655	1462486	1.0189	1468305	1.06352	1456714	161979.800366192	1462486	175846.501128668	1468305	3143372.00992929	1473266	126816	1479054	170740	1484857	3363595	1473266	0.84695	1479054	1.01916	1484857	1.06344	1473266	149732.569809316	1479054	167530.122846266	1484857	3162938.20055668
14	1560143	125574	1565930	110373	1571749	3159314	1560143	0.84614	1565930	1.01831	1571749	1.06309	1560143	148408.064859243	1565930	108388.408245033	1571749	2971821.76485528	1576710	136384	1582497	105895	1588285	3335197	1576710	0.84611	1582497	1.01868	1588285	1.06338	1576710	161189.443452979	1582497	103953.155063415	1588285	3136411.25467848	1593277	125470	1599065	100164	1604852	3361185	1593277	0.84651	1599065	1.01863	1604852	1.06253	1593277	148220.33998417	1599065	98332.073471231	1604852	3163378.91636001
15	1680154	125016	1685941	71262	1691744	3152194	1680154	0.84602	1685941	1.01881	1691744	1.06229	1680154	147769.556275265	1685941	69946.309910582	1691744	2967357.3129748	1696705	136538	1702493	68243	1708296	3330110	1696705	0.84615	1702493	1.01788	1708296	1.06302	1696705	161363.82438102	1702493	67044.2488309035	1708296	3132688.0021072	1713273	126172	1719060	64255	1724863	3354409	1713273	0.84581	1719060	1.01783	1724863	1.06277	1713273	149172.982111822	1719060	63129.4027489856	1724863	3156288.75485759
16	1800165	125692	1805937	49366	1811740	3158500	1800165	0.84592	1805937	1.02025	1811740	1.06433	1800165	148586.154719122	1805937	48386.179857878	1811740	2967594.63700168	1816716	137634	1822504	48954	1828292	3331766	1816716	0.84699	1822504	1.01905	1828292	1.06372	1816716	162497.786278468	1822504	48038.8597222904	1828292	3132183.28131463	1833284	126523	1839071	45525	1844874	3357724	1833284	0.84726	1839071	1.01917	1844874	1.06441	1833284	149331.964214055	1839071	44668.7010017956	1844874	3154540.07384373
17	1920176	125720	1925963	37981	1931782	3156907	1920176	0.84644	1925963	1.01911	1931782	1.06392	1920176	148527.9523652	1925963	37268.7933589112	1931782	2967240.95796676	1936743	136330	1942531	38032	1948318	3328962	1936743	0.84706	1942531	1.01894	1948318	1.06458	1936743	160944.915354284	1942531	37325.0633010776	1948318	3127019.10612636	1953310	125884	1959098	35859	1964885	3351183	1953310	0.84689	1959098	1.01925	1964885	1.06394	1953310	148642.680867645	1959098	35181.7512877116	1964885	3149785.70220125
18	2040187	125635	2045974	31278	2051793	3149405	2040187	0.84674	2045974	1.01861	2051793	1.06406	2040187	148374.943902497	2045974	30706.5510843208	2051793	2959800.19923689	2056754	137056	2062542	31954	2068345	3319433	2056754	0.84721	2062542	1.01953	2068345	1.06364	2056754	161773.350172921	2062542	31341.8928329721	2068345	3120823.77496145	2073321	126386	2079109	29877	2084912	3352109	2073321	0.84677	2079109	1.01958	2084912	1.06374	2073321	149256.586794525	2079109	29303.2425116224	2084912	3151248.4253671
19	2160198	126177	2166001	27114	2171804	3148029	2160198	0.84747	2166001	1.01879	2171804	1.06327	2160198	148886.686254381	2166001	26613.9243612521	2171804	2960705.18306733	2176765	137322	2182568	28072	2188356	3319857	2176765	0.84671	2182568	1.01868	2188356	1.06362	2176765	162183.037876014	2182568	27557.2309262968	2188356	3121281.09663226	2193332	125374	2199120	26463	2204923	3347752	2193332	0.84677	2199120	1.01918	2204923	1.06399	2193332	148061.457066264	2199120	25964.9914637257	2204923	3146413.03019765
20	2280209	126233	2285996	24826	2291800	3144791	2280209	0.84664	2285996	1.01898	2291800	1.064	2280209	149098.790513087	2285996	24363.5792655401	2291800	2955630.63909774	2296776	137702	2302564	25935	2308367	3316284	2296776	0.84669	2302564	1.01902	2308367	1.06286	2296776	162635.675394773	2302564	25450.9234362427	2308367	3120151.28991589	2313343	126515	2319115	24073	2324918	3343751	2313343	0.84659	2319115	1.01807	2324918	1.06349	2313343	149440.697385984	2319115	23645.7218069484	2324918	3144130.17517795
21	2400220	126388	2406007	23124	2411811	3144858	2400220	0.84653	2406007	1.01864	2411811	1.06316	2400220	149301.265164849	2406007	22700.8560433519	2411811	2958028.89499229	2416787	137141	2422575	24086	2428378	3320206	2416787	0.8466	2422575	1.01883	2428378	1.06375	2416787	161990.314197968	2422575	23640.8429276719	2428378	3121227.73207991	2433354	125849	2439142	22899	2444961	3346122	2433354	0.8466	2439142	1.01892	2444961	1.06392	2433354	148652.256083156	2439142	22473.795783771	2444961	3145087.97653959
22	2520231	126496	2526034	21865	2531837	3144325	2520231	0.84645	2526034	1.01917	2531837	1.0634	2520231	149442.967688582	2526034	21453.7319583583	2531837	2956860.07146887	2536814	136563	2542617	23004	2548420	3315472	2536814	0.84597	2542617	1.01775	2548420	1.06361	2536814	161427.710202489	2542617	22602.8002947679	2548420	3117187.69097696	2553396	126568	2559184	21703	2564987	3343111	2553396	0.84603	2559184	1.01825	2564987	1.06353	2553396	149602.259967141	2559184	21314.0191505033	2564987	3143410.15298111
23	2640242	126802	2646029	20931	2651833	3144691	2640242	0.84679	2646029	1.01915	2651833	1.06464	2640242	149744.328582057	2646029	20537.7029877839	2651833	2953759.95641719	2656809	137932	2662597	21950	2668400	3313843	2656809	0.8471	2662597	1.01969	2668400	1.06422	2656809	162828.473615866	2662597	21526.1501044435	2668400	3113870.25239142	2673361	125441	2679148	20869	2684936	3340441	2673361	0.84702	2679148	1.0189	2684936	1.06445	2673361	148096.857217067	2679148	20481.8922367259	2684936	3138184.97815773
24	2760253	126375	2766040	20219	2771844	3138260	2760253	0.84638	2766040	1.01857	2771844	1.06364	2760253	149312.365604102	2766040	19850.3784717791	2771844	2950490.76755293	2776820	136308	2782608	20989	2788411	3310761	2776820	0.84629	2782608	1.01787	2788411	1.06301	2776820	161065.355847286	2782608	20620.5114602061	2788411	3114515.38555611	2793387	127195	2799159	20165	2804947	3338410	2793387	0.84669	2799159	1.01826	2804947	1.06346	2793387	150226.174869197	2799159	19803.3900968319	2804947	3139196.58473285
25	2880264	126464	2886051	19421	2891855	3141231	2880264	0.84651	2886051	1.01989	2891855	1.06458	2880264	149394.573011542	2886051	19042.2496543745	2891855	2950676.32305698	2896831	137969	2902619	20617	2908422	3311028	2896831	0.84734	2902619	1.01888	2908422	1.06369	2896831	162826.020251611	2902619	20234.9638819095	2908422	3112775.3386795	2913398	127200	2919170	19336	2924958	3335114	2913398	0.84726	2919170	1.01894	2924958	1.06392	2913398	150131.010551661	2919170	18976.5835083518	2924958	3134741.33393488
26	3000275	121307	3006062	18874	3011866	3026950	3000275	0.84735	3006062	1.0189	3011866	1.06351	3000275	143160.441376055	3006062	18523.8983217195	3011866	2846188.56428242	3016858	130199	3022630	20207	3028433	3189601	3016858	0.84624	3022630	1.01836	3028433	1.06363	3016858	153855.880128569	3022630	19842.688243843	3028433	2998788.11240751	3033409	121073	3039181	19762	3044984	3232299	3033409	0.84634	3039181	1.01796	3044984	1.06353	3033409	143054.800671125	3039181	19413.3364768753	3044984	3039217.51149474
27	3120286	121175	3126073	18242	3131877	3025146	3120286	0.84693	3126073	1.0182	3131877	1.06439	3120286	143075.578855395	3126073	17915.9300726773	3131877	2842140.56877648	3136853	131090	3142641	19481	3148444	3181272	3136853	0.84651	3142641	1.01919	3148444	1.06322	3136853	154859.363740535	3142641	19114.1985302054	3148444	2992110.75788642	3153420	121849	3159192	18826	3164995	3216128	3153420	0.84664	3159192	1.01898	3164995	1.06341	3153420	143920.674666919	3159192	18475.3380831812	3164995	3024353.72998185
28	3240297	120572	3246084	17528	3251888	3018091	3240297	0.84733	3246084	1.01786	3251888	1.06371	3240297	142296.389836309	3246084	17220.4428899849	3251888	2837325.02279757	3256864	129858	3262652	18953	3268455	3178245	3256864	0.84615	3262652	1.0178	3268455	1.06306	3256864	153469.243042014	3262652	18621.5366476714	3268455	2989713.65680206	3273431	119964	3279219	17951	3285022	3211265	3273431	0.84577	3279219	1.01812	3285022	1.06287	3273431	141839.980136444	3279219	17631.5169135269	3285022	3021314.93033014
29	3360308	120100	3366095	17407	3371899	3010723	3360308	0.84593	3366095	1.01821	3371899	1.06258	3360308	141973.922192144	3366095	17095.6875300773	3371899	2833408.30808033	3376891	129959	3382678	18687	3388466	3172845	3376891	0.8458	3382678	1.0182	3388466	1.06348	3376891	153652.163632064	3382678	18352.9758397171	3388466	2983455.26008952	3393458	120491	3399245	17344	3405033	3207241	3393458	0.84585	3399245	1.0186	3405033	1.0631	3393458	142449.606904297	3399245	17027.2923620656	3405033	3016876.11701627
30	3480319	120385	3486153	16960	3491941	3011842	3480319	0.84642	3486153	1.01797	3491941	1.06254	3480319	142228.444507455	3486153	16660.6088588072	3491941	2834568.11037702	3496933	130319	3502720	18236	3508524	3168798	3496933	0.84525	3502720	1.01751	3508524	1.0624	3496933	154178.053830228	3502720	17922.1825829722	3508524	2982678.84036145	3513500	120331	3519303	17158	3525106	3206995	3513500	0.84558	3519303	1.01803	3525106	1.063	3513500	142305.872891979	3519303	16854.1202125674	3525106	3016928.5042333
31	3600330	113453	3606117	18607	3611921	2899658	3600330	0.84643	3606117	1.01875	3611921	1.0638	3600330	134037.07335515	3606117	18264.5398773006	3611921	2725754.84113555	3616897	121907	3622685	19698	3628472	3048634	3616897	0.84632	3622685	1.0187	3628472	1.06369	3616897	144043.624161074	3622685	19336.4091489153	3628472	2866092.56456298	3633449	113005	3639236	17927	3645024	3083902	3633449	0.84647	3639236	1.01919	3645024	1.06285	3633449	133501.482627855	3639236	17589.4582953129	3645024	2901540.19852284
32	3720341	113041	3726128	20501	3731932	2873704	3720341	0.84639	3726128	1.01813	3731932	1.06313	3720341	133556.63464833	3726128	20135.935489574	3731932	2703059.83275799	3736924	121589	3742711	22728	3748530	3022994	3736924	0.84598	3742711	1.01804	3748530	1.06215	3736924	143725.619991016	3742711	22325.2524458764	3748530	2846108.36510851	3753506	111577	3759294	20362	3765097	3058799	3753506	0.8461	3759294	1.01868	3765097	1.06323	3753506	131872.119134854	3759294	19988.6127144933	3765097	2876893.05230289
33	3840352	111252	3846139	23581	3851943	2806525	3840352	0.84685	3846139	1.01863	3851943	1.06318	3840352	131371.553403791	3846139	23149.7207032976	3851943	2639745.85676931	3856919	119107	3862691	25227	3868510	2953973	3856919	0.84624	3862691	1.0183	3868510	1.06323	3856919	140748.487426735	3862691	24773.642345085	3868510	2778301.02611853	3873486	110989	3879274	23223	3885077	2992300	3873486	0.84603	3879274	1.01862	3885077	1.06339	3873486	131188.019337376	3879274	22798.4920775166	3885077	2813925.27670939
34	3960363	108886	3966150	25990	3971954	2691454	3960363	0.84573	3966150	1.01803	3971954	1.06206	3960363	128747.945561822	3966150	25529.6995176959	3971954	2534182.62621698	3976914	116759	3982718	28790	3988521	2822556	3976914	0.84595	3982718	1.01833	3988521	1.06271	3976914	138021.159643005	3982718	28271.7783036933	3988521	2655998.34385674	3993513	108504	3999285	26377	4005073	2859412	3993513	0.8458	3999285	1.01771	4005073	1.06242	3993513	128285.646724994	3999285	25917.9923553861	4005073	2691413.94175561
35	4080374	104340	4086161	29859	4091965	2531265	4080374	0.84558	4086161	1.01863	4091965	1.06382	4080374	123394.593060385	4086161	29312.9006606913	4091965	2379410.99058111	4096941	111051	4102729	33367	4108532	2643238	4096941	0.84623	4102729	1.01871	4108532	1.06304	4096941	131230.280183874	4102729	32754.1694888634	4108532	2486489.68994582	4113508	104163	4119296	30185	4125084	2682876	4113508	0.84628	4119296	1.01867	4125084	1.06278	4113508	123083.376660207	4119296	29631.7747651349	4125084	2524394.51250494
36	4200385	99281	4206172	34165	4211976	2335421	4200385	0.84528	4206172	1.01785	4211976	1.0628	4200385	117453.388226387	4206172	33565.8495849094	4211976	2197422.84531426	4216952	103605	4222740	39491	4228543	2433275	4216952	0.84552	4222740	1.01702	4228543	1.0632	4216952	122534.06187908	4222740	38830.111502232	4228543	2288633.37095561	4233519	98900	4239323	34932	4245126	2465447	4233519	0.84579	4239323	1.0177	4245126	1.06198	4233519	116932.098984381	4239323	34324.4571091677	4245126	2321556.90314319
37	4320396	93586	4326183	39454	4331987	2129469	4320396	0.84642	4326183	1.01752	4331987	1.06307	4320396	110566.85806101	4326183	38774.6678197972	4331987	2003131.49651481	4336979	96058	4342751	46956	4348570	2213987	4336979	0.84508	4342751	1.01791	4348570	1.06223	4336979	113667.345103422	4342751	46129.8150131151	4348570	2084282.12345726	4353546	93174	4359334	41235	4365121	2247114	4353546	0.84629	4359334	1.01775	4365121	1.06279	4353546	110097.011662669	4359334	40515.8437730287	4365121	2114353.72933505
38	4440407	88100	4446195	45560	4451998	1934192	4440407	0.84646	4446195	1.01728	4451998	1.06347	4440407	104080.523592373	4446195	44786.0962566845	4451998	1818755.58313822	4456974	89415	4462777	55482	4468565	2017895	4456974	0.8465	4462777	1.01776	4468565	1.06323	4456974	105629.060838748	4462777	54513.8343027826	4468565	1897891.33113249	4473557	88132	4479345	47889	4485132	2037100	4473557	0.84631	4479345	1.01773	4485132	1.06314	4473557	104136.782030225	4479345	47054.7198176334	4485132	1916116.40988017
39	4560418	82649	4566206	52641	4572009	1761510	4560418	0.84647	4566206	1.01853	4572009	1.06329	4560418	97639.6092005623	4566206	51683.3082972519	4572009	1656659.98927856	4576985	82906	4582788	65817	4588592	1837244	4576985	0.84656	4582788	1.018	4588592	1.06262	4576985	97932.8104328105	4582788	64653.2416502947	4588592	1728975.55099659	4593568	81985	4599356	55598	4605143	1850768	4593568	0.84586	4599356	1.01763	4605143	1.06267	4593568	96925.0230534604	4599356	54634.7886756483	4605143	1741620.63481608
40	4680429	77343	4686217	59802	4692020	1615265	4680429	0.8464	4686217	1.01887	4692020	1.06248	4680429	91378.7807183365	4686217	58694.4359928156	4692020	1520278.02876289	4696996	77265	4702784	76726	4708587	1696819	4696996	0.84551	4702784	1.01827	4708587	1.06364	4696996	91382.7157573536	4702784	75349.3670637454	4708587	1595294.46053176	4713563	76890	4719335	63014	4725139	1696362	4713563	0.84589	4719335	1.01728	4725139	1.06295	4713563	90898.3437562804	4719335	61943.6143441334	4725139	1595900.08937391
41	4800440	72109	4806228	67206	4812031	1500394	4800440	0.84577	4806228	1.01744	4812031	1.06257	4800440	85258.403584899	4806228	66054.0179273471	4812031	1412042.50072936	4817007	72385	4822795	88482	4828598	1586464	4817007	0.84505	4822795	1.01708	4828598	1.06201	4817007	85657.6533932903	4822795	86996.1065009636	4828598	1493831.50817789	4833574	72310	4839346	71473	4845150	1577077	4833574	0.84575	4839346	1.01804	4845150	1.06303	4833574	85498.0786284363	4839346	70206.4751876154	4845150	1483567.72621657
42	4920451	67721	4926239	74878	4932042	1414636	4920451	0.84507	4926239	1.01797	4932042	1.06326	4920451	80136.556734945	4926239	73556.1951727458	4932042	1330470.43996765	4937018	68740	4942806	100201	4948609	1510269	4937018	0.84648	4942806	1.01764	4948609	1.06245	4937018	81206.8802570646	4942806	98464.0933925553	4948609	1421496.54101369	4953585	68576	4959373	80537	4965161	1487516	4953585	0.84658	4959373	1.01809	4965161	1.06387	4953585	81003.56729429	4959373	79105.9729493463	4965161	1398212.18757931
43	5040462	63974	5046250	82233	5052053	1351478	5040462	0.84551	5046250	1.01766	5052053	1.0624	5040462	75663.2091873544	5046250	80805.9666293261	5052053	1272099.02108434	5057045	64508	5062817	111503	5068636	1457788	5057045	0.84595	5062817	1.01837	5068636	1.06251	5057045	76255.09781902	5062817	109491.638598938	5068636	1372022.85154963	5073596	64838	5079384	87500	5085172	1422506	5073596	0.84567	5079384	1.01769	5085172	1.06312	5073596	76670.5688980335	5079384	85979.030942625	5085172	1338048.38588306
44	5160473	61408	5166261	88936	5172064	1308169	5160473	0.84586	5166261	1.01738	5172064	1.06316	5160473	72598.3023195328	5166261	87416.6977923687	5172064	1230453.55355732	5177040	62007	5182828	121945	5188631	1425283	5177040	0.84578	5182828	1.01712	5188631	1.06242	5177040	73313.3911891981	5182828	119892.441403178	5188631	1341543.83388867	5193623	62109	5199395	95071	5205198	1378726	5193623	0.8464	5199395	1.01779	5205198	1.06259	5193623	73380.1984877127	5199395	93409.2494522446	5205198	1297514.56347227
45	5280484	58069	5286272	94769	5292075	1280830	5280484	0.84634	5286272	1.0185	5292075	1.06301	5280484	68611.9053808162	5286272	93047.6190476191	5292075	1204908.70264626	5297051	59061	5302839	131884	5308626	1413675	5297051	0.84634	5302839	1.01826	5308626	1.06358	5297051	69784.0111539098	5302839	129518.983363777	5308626	1329166.58831494	5313603	59114	5319390	101370	5325194	1351654	5313603	0.84661	5319390	1.01781	5325194	1.0625	5313603	69824.3583231949	5319390	99596.1918236213	5325194	1272144.94117647
46	5400495	56786	5406298	100444	5412101	1265685	5400495	0.84647	5406298	1.01799	5412101	1.06244	5400495	67085.6616300637	5406298	98668.9456674427	5412101	1191300.21460035	5417078	57199	5422865	141427	5428669	1416987	5417078	0.84625	5422865	1.0183	5428669	1.06272	5417078	67591.1373707533	5422865	138885.397230679	5428669	1333358.7398374	5433645	56532	5439433	107637	5445236	1342559	5433645	0.84596	5439433	1.01814	5445236	1.06278	5433645	66825.8546503381	5439433	105719.252755024	5445236	1263252.03711022
47	5520506	54011	5526294	105298	5532097	1266516	5520506	0.84702	5526294	1.01867	5532097	1.06339	5520506	63765.9087152606	5526294	103368.117250925	5532097	1191017.40659589	5537073	55080	5542861	149455	5548664	1432102	5537073	0.84669	5542861	1.01825	5548664	1.06295	5537073	65053.3253020586	5542861	146776.331942057	5548664	1347290.08890352	5553656	54195	5559428	112790	5565231	1344584	5553656	0.84625	5559428	1.01826	5565231	1.06328	5553656	64041.3589364845	5559428	110767.387504174	5565231	1264562.48589271
48	5640517	52249	5646305	107802	5652108	1271484	5640517	0.84601	5646305	1.01809	5652108	1.06393	5640517	61759.3172657534	5646305	105886.512980188	5652108	1195082.3832395	5657084	53629	5662856	156524	5668659	1458511	5657084	0.84611	5662856	1.01837	5668659	1.06384	5657084	63383.0116651499	5662856	153700.521421487	5668659	1370987.17852309	5673636	52551	5679423	116721	5685227	1353138	5673636	0.84644	5679423	1.0187	5685227	1.06389	5673636	62084.7313453996	5679423	114578.384215176	5685227	1271877.73172038
49	5760528	50742	5766316	111334	5772119	1282601	5760528	0.8471	5766316	1.01896	5772119	1.06377	5760528	59900.8381537009	5766316	109262.385177043	5772119	1205712.7010538	5777095	51525	5782883	161655	5788686	1489357	5777095	0.84682	5782883	1.01874	5788686	1.06481	5777095	60845.2799886635	5782883	158681.3122092	5788686	1398706.81154384	5793662	51106	5799450	119897	5805253	1366204	5793662	0.84682	5799450	1.0191	5805253	1.06381	5793662	60350.4877069507	5799450	117649.887155333	5805253	1284255.64715504
50	5880539	49158	5886327	113290	5892130	1301393	5880539	0.84772	5886327	1.0189	5892130	1.06395	5880539	57988.4867644977	5886327	111188.536657179	5892130	1223171.20165421	5897106	50232	5902878	166692	5908681	1529183	5897106	0.84635	5902878	1.01934	5908681	1.06351	5897106	59351.3321911739	5902878	163529.342515745	5908681	1437864.24199114	5913658	49520	5919445	122419	5925249	1386820	5913658	0.84752	5919445	1.01898	5925249	1.06402	5913658	58429.2996035492	5919445	120138.766217198	5925249	1303377.75605722
51	6000550	47791	6006338	115692	6012141	1325437	6000550	0.84662	6006338	1.01962	6012141	1.0629	6000550	56449.1743639413	6006338	113465.800984681	6012141	1247000.65857559	6017117	48995	6022905	170601	6028708	1578675	6017117	0.84638	6022905	1.01933	6028708	1.0641	6017117	57887.7100120513	6022905	167365.818724064	6028708	1483577.6712715	6033700	48136	6039472	124658	6045291	1414144	6033700	0.84635	6039472	1.01856	6045291	1.06278	6033700	56874.8153837065	6039472	122386.506440465	6045291	1330608.40437344
52	6120561	46180	6126349	116872	6132152	1353222	6120561	0.84627	6126349	1.0183	6132152	1.06316	6120561	54568.8728183677	6126349	114771.678287342	6132152	1272830.05380187	6137128	48301	6142916	174245	6148719	1631610	6137128	0.84661	6142916	1.0181	6148719	1.06397	6137128	57052.2436541028	6142916	171147.235045673	6148719	1533511.28321287	6153696	47150	6159483	125885	6165286	1449369	6153696	0.84681	6159483	1.01854	6165286	1.06326	6153696	55679.5503123487	6159483	123593.575117325	6165286	1363136.95615372
53	6240572	45670	6246360	116674	6252163	1386667	6240572	0.84709	6246360	1.01751	6252163	1.06299	6240572	53913.9878879458	6246360	114666.194926831	6252163	1304496.74973424	6257124	47048	6262911	176119	6268715	1684606	6257124	0.84636	6262911	1.01769	6268715	1.06185	6257124	55588.6384044615	6262911	173057.610863819	6268715	1586482.08315676	6273707	46042	6279494	127107	6285297	1482064	6273707	0.846	6279494	1.01774	6285297	1.06327	6273707	54423.1678486998	6279494	124891.426100969	6285297	1393873.6162969
54	6360583	44416	6366386	117921	6372189	1419150	6360583	0.84685	6366386	1.01765	6372189	1.06273	6360583	52448.4855641495	6366386	115875.792266496	6372189	1335381.5174127	6377166	46740	6382954	177463	6388757	1754049	6377166	0.84618	6382954	1.01767	6388757	1.06394	6377166	55236.4745089697	6382954	174381.675788812	6388757	1648635.26138692	6393749	45068	6399521	126848	6405324	1521665	6393749	0.84662	6399521	1.01829	6405324	1.06348	6393749	53232.8553542321	6399521	124569.62162056	6405324	1430835.55873171
55	6480594	43403	6486382	117489	6492185	1457553	6480594	0.84656	6486382	1.0185	6492185	1.06348	6480594	51269.845019845	6486382	115354.933726068	6492185	1370550.45699026	6497161	45698	6502949	178636	6508752	1815309	6497161	0.84615	6502949	1.01768	6508752	1.0636	6497161	54006.9727589671	6502949	175532.583916359	6508752	1706759.11996991	6513729	43827	6519516	127074	6525319	1563139	6513729	0.84698	6519516	1.01868	6525319	1.06315	6513729	51745.0234952419	6519516	124743.786076099	6525319	1470290.1754221
56	6600605	42715	6606393	116757	6612196	1500632	6600605	0.84637	6606393	1.01789	6612196	1.06256	6600605	50468.4712359843	6606393	114704.92882335	6612196	1412279.777142	6617172	44944	6622960	178495	6628748	1878635	6617172	0.84629	6622960	1.01755	6628748	1.06283	6617172	53107.0909499108	6622960	175416.441452508	6628748	1767578.06987006	6633724	43239	6639512	127165	6645315	1607273	6633724	0.84541	6639512	1.01727	6645315	1.06227	6633724	51145.5979938728	6639512	125006.143894934	6645315	1513055.06133092
57	6720616	42081	6726404	116059	6732207	1541415	6720616	0.84644	6726404	1.01735	6732207	1.06178	6720616	49715.2781059496	6726404	114079.716911584	6732207	1451727.28813879	6737183	44538	6742955	178894	6748759	1942209	6737183	0.84517	6742955	1.01783	6748759	1.06213	6737183	52697.0905261663	6742955	175760.195710482	6748759	1828598.19419468	6753735	42867	6759507	126313	6765310	1651362	6753735	0.84574	6759507	1.01822	6765310	1.06243	6753735	50685.7899590891	6759507	124052.758735833	6765310	1554325.46144217
58	6840627	41448	6846415	114993	6852218	1583762	6840627	0.84644	6846415	1.01725	6852218	1.06306	6840627	48967.4401020746	6846415	113043.008110101	6852218	1489814.30963445	6857194	43818	6862982	178064	6868785	2002699	6857194	0.84619	6862982	1.01763	6868785	1.06171	6857194	51782.6965575107	6862982	174979.118147067	6868785	1886295.69279747	6873746	41732	6879534	125703	6885337	1697223	6873746	0.84576	6879534	1.01804	6885337	1.06321	6873746	49342.603102535	6879534	123475.501944914	6885337	1596319.63581983
59	6960638	40397	6966426	113578	6972229	1630697	6960638	0.84583	6966426	1.01681	6972229	1.06287	6960638	47760.1882174905	6966426	111700.317660133	6972229	1534239.3707603	6977205	43337	6982993	177650	6988781	2063143	6977205	0.84557	6982993	1.01738	6988781	1.06158	6977205	51251.8183000816	6982993	174615.188032004	6988781	1943464.45863713	6993757	41383	6999545	124755	7005348	1745336	6993757	0.84596	6999545	1.01753	7005348	1.06202	6993757	48918.388576292	6999545	122605.721698623	7005348	1643411.61183405
60	7080649	40039	7086437	113472	7092240	1676909	7080649	0.84549	7086437	1.018	7092240	1.06248	7080649	47355.9710936853	7086437	111465.618860511	7092240	1578297.00323771	7097216	43161	7102988	177797	7108792	2125429	7097216	0.84631	7102988	1.0183	7108792	1.06399	7097216	50999.0429039005	7102988	174601.787292546	7108792	1997602.42107539	7113784	40564	7119556	123481	7125359	1790140	7113784	0.84681	7119556	1.01818	7125359	1.06344	7113784	47902.1268053046	7119556	121276.198707498	7125359	1683348.37884601
61	7200660	41218	7206448	773268	7212251	1705512	7200660	0.84689	7206448	1.01827	7212251	1.06397	7200660	48669.8390582012	7206448	759393.873923419	7212251	1602970.00855287	7217227	45492	7223015	808192	7228818	1992508	7217227	0.84658	7223015	1.01841	7228818	1.06311	7217227	53736.2092182664	7223015	793582.152571165	7228818	1874225.62105521	7233810	42754	7239582	796428	7245385	1751134	7233810	0.84655	7239582	1.01715	7245385	1.06194	7233810	50503.8095800603	7239582	782999.557587377	7245385	1648995.2351357
62	7320671	41136	7326474	782743	7332278	1746657	7320671	0.84619	7326474	1.01727	7332278	1.06198	7320671	48613.1956180054	7326474	769454.520432137	7332278	1644717.41464058	7337254	45423	7343042	820813	7348829	2040828	7337254	0.84612	7343042	1.01697	7348829	1.06211	7337254	53683.8746277124	7343042	807116.237450465	7348829	1921484.59199141	7353806	42375	7359593	811512	7365396	1776668	7353806	0.84526	7359593	1.01768	7365396	1.0618	7353806	50132.5036083572	7359593	797413.725336059	7365396	1673260.50103598
63	7440682	41131	7446470	786770	7452289	1798517	7440682	0.8455	7446470	1.01693	7452289	1.06246	7440682	48646.9544648137	7446470	773671.737484389	7452289	1692785.6107524	7457265	44322	7463053	827338	7468871	2087913	7457265	0.84559	7463053	1.01732	7468871	1.06202	7457265	52415.473219882	7463053	813252.467266937	7468871	1965982.74985405	7473848	41968	7479635	815745	7485423	1815826	7473848	0.84593	7479635	1.01845	7485423	1.06306	7473848	49611.6699963354	7479635	800967.155972311	7485423	1708112.43015446
64	7560693	40301	7566481	787813	7572300	1849372	7560693	0.84578	7566481	1.01772	7572300	1.06289	7560693	47649.5069639859	7566481	774096.018551272	7572300	1739946.74895803	7577260	44695	7583048	831445	7588851	2137030	7577260	0.84628	7583048	1.01778	7588851	1.06276	7577260	52813.4896251832	7583048	816920.159562971	7588851	2010830.29094057	7593828	42020	7599615	816571	7605403	1858036	7593828	0.84627	7599615	1.01765	7605403	1.06354	7593828	49653.1839720184	7599615	802408.490148872	7605403	1747029.7308987
65	7680704	40632	7686492	790407	7692311	1892467	7680704	0.84515	7686492	1.01739	7692311	1.06264	7680704	48076.6727799799	7686492	776896.765252263	7692311	1780910.75058345	7697271	44541	7703075	832329	7708893	2177794	7697271	0.846	7703075	1.01691	7708893	1.06151	7697271	52648.9361702128	7703075	818488.361801929	7708893	2051600.07913256	7713854	42002	7719642	819853	7725445	1895569	7713854	0.84466	7719642	1.01703	7725445	1.06111	7713854	49726.5171785097	7719642	806124.696419968	7725445	1786401.97529003
66	7800715	40151	7806503	790596	7812306	1933718	7800715	0.84544	7806503	1.01669	7812306	1.06137	7800715	47491.2471612415	7806503	777617.562875606	7812306	1821907.53460151	7817282	44325	7823054	835353	7828858	2224662	7817282	0.84564	7823054	1.0169	7828858	1.06201	7817282	52415.9216687952	7823054	821470.154390795	7828858	2094765.58601143	7833834	42601	7839622	818418	7845409	1931816	7833834	0.84628	7839622	1.0165	7845409	1.06247	7833834	50339.1312567944	7839622	805133.300541073	7845409	1818231.10299585
67	7920726	40144	7926514	793041	7932317	1979065	7920726	0.84614	7926514	1.01766	7932317	1.0622	7920726	47443.6854421254	7926514	779278.934025117	7932317	1863175.48484278	7937293	44695	7943065	836689	7948900	2264492	7937293	0.84536	7943065	1.01846	7948900	1.06219	7937293	52870.9662155768	7943065	821523.672996485	7948900	2131908.60392209	7953876	42508	7959664	819684	7965467	1959331	7953876	0.84553	7959664	1.01764	7965467	1.0618	7953876	50273.7927690325	7959664	805475.413702292	7965467	1845291.95705406
68	8040737	40671	8046525	794278	8052344	2009917	8040737	0.84603	8046525	1.01645	8052344	1.06115	8040737	48072.7633771852	8046525	781423.582074868	8052344	1894093.20077275	8057320	44440	8063108	835140	8068926	2305755	8057320	0.84508	8063108	1.01722	8068926	1.06148	8057320	52586.73735031	8063108	821002.339710191	8068926	2172207.67230659	8073903	42875	8079675	821704	8085478	1991608	8073903	0.84516	8079675	1.01666	8085478	1.06165	8073903	50730.0392825027	8079675	808238.742549132	8085478	1875955.35251731
69	8160748	40445	8166536	794403	8172355	2046475	8160748	0.84558	8166536	1.01656	8172355	1.06098	8160748	47831.0745287258	8166536	781461.989454631	8172355	1928853.51279006	8177315	44853	8183103	838169	8188906	2344101	8177315	0.84538	8183103	1.01743	8188906	1.06129	8177315	53056.6135938868	8183103	823809.991842191	8188906	2208728.05736415	8193898	42954	8199686	824134	8205489	2018413	8193898	0.84629	8199686	1.01762	8205489	1.0623	8193898	50755.6511361354	8199686	809864.192920737	8205489	1900040.47820766
70	8280759	41354	8286562	795262	8292366	2076961	8280759	0.84489	8286562	1.01656	8292366	1.06229	8280759	48946.0166412196	8286562	782306.996143858	8292366	1955173.2577733	8297342	45263	8303130	839174	8308933	2379615	8297342	0.84595	8303130	1.01621	8308933	1.06289	8297342	53505.5263313435	8303130	825787.976894539	8308933	2238815.8699395	8313909	43785	8319697	828591	8325500	2041698	8313909	0.84559	8319697	1.0169	8325500	1.06128	8313909	51780.4136756584	8319697	814820.532992428	8325500	1923807.10085934
71	8400770	41052	8406558	798076	8412361	2098436	8400770	0.84526	8406558	1.01723	8412361	1.0616	8400770	48567.3047346379	8406558	784558.064547841	8412361	1976672.94649586	8417337	45799	8423109	840272	8428913	2405617	8417337	0.84507	8423109	1.01672	8428913	1.06186	8417337	54195.5104310886	8423109	826453.694232434	8428913	2265474.73301565	8433905	43598	8439677	826028	8445480	2061301	8433905	0.84582	8439677	1.01701	8445480	1.06275	8433905	51545.246033435	8439677	812212.26929922	8445480	1939591.62549988
72	8520781	41535	8526569	798521	8532388	2120525	8520781	0.84537	8526569	1.01779	8532388	1.06225	8520781	49132.3325880975	8526569	784563.613319054	8532388	1996257.94304542	8537348	45659	8543136	840410	8548939	2432077	8537348	0.84607	8543136	1.01659	8548939	1.06221	8537348	53965.9839020412	8543136	826695.127829312	8548939	2289638.58370755	8553916	44210	8559703	824246	8565491	2067543	8553916	0.84499	8559703	1.01647	8565491	1.06228	8553916	52320.145800542	8559703	810890.631302449	8565491	1946325.82746545
73	8640792	41632	8646580	798442	8652399	2139594	8640792	0.84553	8646580	1.01691	8652399	1.06238	8640792	49237.7562002531	8646580	785164.862180527	8652399	2013962.98876108	8657406	46197	8663194	840605	8668997	2448852	8657406	0.84585	8663194	1.01726	8668997	1.06188	8657406	54616.0666784891	8663194	826342.331360714	8668997	2306147.587298	8673974	44874	8679777	824464	8685580	2071943	8673974	0.84527	8679777	1.01691	8685580	1.06218	8673974	53088.3622984372	8679777	810754.147368007	8685580	1950651.49033121
74	8760803	42259	8766591	798530	8772394	2155425	8760803	0.84698	8766591	1.01658	8772394	1.0623	8760803	49893.7401119271	8766591	785506.305455547	8772394	2029017.2267721	8777371	46529	8783143	844037	8788946	2462455	8777371	0.84637	8783143	1.01824	8788946	1.06148	8777371	54974.7746257547	8783143	828917.543997486	8788946	2319831.74435694	8793922	45412	8799710	827261	8805513	2067043	8793922	0.84607	8799710	1.018	8805513	1.06218	8793922	53674.0458827284	8799710	812633.595284872	8805513	1946038.33625186
75	8880814	43153	8886618	800418	8892421	2164515	8880814	0.84556	8886618	1.01789	8892421	1.06214	8880814	51034.8171625905	8886618	786350.195011249	8892421	2037881.07029205	8897397	46851	8903169	844334	8908972	2476112	8897397	0.84564	8903169	1.01818	8908972	1.06271	8897397	55403.008372357	8903169	829258.087960872	8908972	2329997.83572188	8913949	46130	8919721	829320	8925524	2060190	8913949	0.84574	8919721	1.01772	8925524	1.06272	8913949	54543.9496772058	8919721	814880.320716897	8925524	1938600.94850949
76	9000825	42953	9006613	799087	9012432	2172766	9000825	0.84565	9006613	1.01784	9012432	1.06256	9000825	50792.881215633	9006613	785081.152243968	9012432	2044840.76193344	9017393	47158	9023180	842672	9028983	2481884	9017393	0.8462	9023180	1.01711	9028983	1.06204	9017393	55729.1420467975	9023180	828496.426148597	9028983	2336902.56487515	9033975	46688	9039763	829086	9045551	2051252	9033975	0.84571	9039763	1.01779	9045551	1.06209	9033975	55205.6851639451	9039763	814594.36622486	9045551	1931335.38589008
77	9120836	43811	9126640	798996	9132443	2174144	9120836	0.84522	9126640	1.01663	9132443	1.06139	9120836	51833.8420766191	9126640	785926.04979196	9132443	2048393.14483837	9137419	47894	9143191	842875	9148994	2488730	9137419	0.84522	9143191	1.01674	9148994	1.06139	9137419	56664.5370436099	9143191	828997.58050239	9148994	2344783.7269995	9153971	47679	9159758	829248	9165562	2046740	9153971	0.84479	9159758	1.01643	9165562	1.06172	9153971	56438.8783011163	9159758	815843.688202828	9165562	1927758.73111555
78	9240847	44136	9246635	800631	9252438	2182782	9240847	0.84434	9246635	1.01648	9252438	1.06248	9240847	52272.7811071369	9246635	787650.519439635	9252438	2054421.73029139	9257415	48610	9263202	845037	9269005	2489577	9257415	0.84581	9263202	1.01759	9269005	1.06148	9257415	57471.5361606034	9263202	830429.740858303	9269005	2345382.86166485	9273966	47910	9279738	831384	9285541	2037769	9273966	0.84475	9279738	1.01694	9285541	1.06156	9273966	56715.0044391832	9279738	817534.95781462	9285541	1919598.51539244
79	9360858	44698	9366646	801108	9372449	2180338	9360858	0.84535	9366646	1.01668	9372449	1.06189	9360858	52875.1404743597	9366646	787964.748003305	9372449	2053261.6372694	9377426	49018	9383213	844746	9389001	2492076	9377426	0.84546	9383213	1.01682	9389001	1.06147	9377426	57977.9055188891	9383213	830772.408095828	9389001	2347759.23954516	9393993	49160	9399765	832632	9405568	2040711	9393993	0.84502	9399765	1.0167	9405568	1.0619	9393993	58176.1378428913	9399765	818955.444083801	9405568	1921754.40248611
80	9480869	45820	9486657	799806	9492476	2178258	9480869	0.8453	9486657	1.01604	9492476	1.06227	9480869	54205.6074766355	9486657	787179.638596906	9492476	2050569.06436217	9497452	49001	9503224	845191	9509027	2484323	9497452	0.84387	9503224	1.01617	9509027	1.06049	9497452	58067.0008413618	9503224	831741.736126829	9509027	2342618.03505926	9514019	48719	9519807	831512	9525610	2036121	9514019	0.84495	9519807	1.01758	9525610	1.06109	9514019	57659.0330788804	9519807	817146.563415162	9525610	1918895.66389279
81	9600880	45654	9606668	801091	9612471	2172204	9600880	0.84556	9606668	1.01774	9612471	1.06237	9600880	53992.6202753205	9606668	787127.360622556	9612471	2044677.46641942	9617448	50087	9623235	845187	9629023	2489975	9617448	0.84576	9623235	1.01749	9629023	1.06247	9617448	59221.2920923193	9623235	830658.777973248	9629023	2343572.05379917	9633999	49314	9639787	831263	9645590	2031477	9633999	0.84563	9639787	1.01773	9645590	1.06127	9633999	58316.2849000154	9639787	816781.464632074	9645590	1914194.31435921
82	9720891	46370	9726679	800936	9732482	2170334	9720891	0.84493	9726679	1.01589	9732482	1.06197	9720891	54880.2859408472	9726679	788408.19380051	9732482	2043686.73314689	9737459	50633	9743246	846887	9749065	2489890	9737459	0.84502	9743246	1.01675	9749065	1.06141	9737459	59919.2918510805	9743246	832935.333169412	9749065	2345832.43044629	9754041	50513	9759829	830493	9765648	2026955	9754041	0.84532	9759829	1.0162	9765648	1.06193	9754041	59756.0687077083	9759829	817253.49340681	9765648	1908746.33921257
83	9840902	46876	9846690	801107	9852493	2160318	9840902	0.8456	9846690	1.017	9852493	1.06125	9840902	55435.1939451277	9846690	787715.830875123	9852493	2035635.33568905	9857470	50985	9863257	848400	9869076	2484946	9857470	0.84484	9863257	1.01807	9869076	1.06135	9857470	60348.7050802519	9863257	833341.518756078	9869076	2341306.8262119	9874052	50645	9879824	832796	9885643	2023027	9874052	0.84553	9879824	1.01684	9885643	1.06211	9874052	59897.3424952397	9879824	819003.973093112	9885643	1904724.55772001
84	9960913	47321	9966701	803924	9972504	2150406	9960913	0.84659	9966701	1.01753	9972504	1.06176	9960913	55896.006331282	9966701	790074.002732106	9972504	2025322.10669078	9977496	51673	9983284	848528	9989087	2486643	9977496	0.84551	9983284	1.0169	9989087	1.06186	9977496	61114.5935589171	9983284	834426.197266201	9989087	2341780.46070103	9994063	51461	9999851	833349	10005654	2006262	9994063	0.84493	9999851	1.01702	10005654	1.06233	9994063	60905.6371533737	9999851	819402.764940709	10005654	1888548.75603626
85	10080924	47878	10086712	801084	10092515	2144126	10080924	0.84592	10086712	1.01681	10092515	1.06167	10080924	56598.7327406847	10086712	787840.402828454	10092515	2019578.58845027	10097507	52290	10103279	847452	10109082	2483798	10097507	0.84522	10103279	1.01749	10109082	1.06304	10097507	61865.5497976858	10103279	832884.844077092	10109082	2336504.74111981	10114059	52036	10119846	832632	10125650	1994748	10114059	0.84562	10119846	1.01724	10125650	1.0614	10114059	61535.9144769518	10119846	818520.703078919	10125650	1879355.56811758
86	10200935	48407	10206739	802460	10212542	2133180	10200935	0.84573	10206739	1.01744	10212542	1.06261	10200935	57236.9432324737	10206739	788704.985060544	10212542	2007490.98916818	10217518	52816	10223306	848375	10229109	2474468	10217518	0.8462	10223306	1.01758	10229109	1.06212	10217518	62415.5046088395	10223306	833718.233455846	10229109	2329744.28501488	10234085	51999	10239873	832966	10245676	1984046	10234085	0.8451	10239873	1.01803	10245676	1.06354	10234085	61529.9964501243	10239873	818213.608636288	10245676	1865511.40530681
87	10320946	49167	10326734	805347	10332537	2128752	10320946	0.84662	10326734	1.01734	10332537	1.06312	10320946	58074.4607970518	10326734	791620.303929856	10332537	2002362.85649786	10337514	53088	10343286	850569	10349073	2468082	10337514	0.84683	10343286	1.01732	10349073	1.06211	10337514	62690.2684127865	10343286	836087.95659183	10349073	2323753.66016703	10354050	53043	10359837	833772	10365641	1969655	10354050	0.84616	10359837	1.01799	10365641	1.06229	10354050	62686.7259147206	10359837	819037.515103292	10365641	1854159.41033051
88	10440957	49711	10446745	805690	10452564	2111234	10440957	0.84595	10446745	1.01765	10452564	1.06199	10440957	58763.5203026184	10446745	791716.208912691	10452564	1987998.00374768	10457525	53166	10463312	846260	10469100	2460621	10457525	0.84568	10463312	1.01725	10469100	1.06205	10457525	62867.7513953268	10463312	831909.560088474	10469100	2316859.84652323	10474076	53258	10479864	832368	10485667	1950659	10474076	0.8467	10479864	1.0178	10485667	1.06277	10474076	62900.6732018425	10479864	817810.964826096	10485667	1835447.93323108
89	10560968	50103	10566756	804317	10572575	2096879	10560968	0.84564	10566756	1.01825	10572575	1.06214	10560968	59248.6164325245	10566756	789901.301252148	10572575	1974202.08258798	10577567	54625	10583354	847660	10589173	2447775	10577567	0.84628	10583354	1.01703	10589173	1.06301	10577567	64547.1947818689	10583354	833466.072780547	10589173	2302682.94747933	10594150	54333	10599937	833324	10605741	1936074	10594150	0.84602	10599937	1.01836	10605741	1.06308	10594150	64221.886007423	10599937	818300.011783652	10605741	1821193.1369229
90	10680979	50860	10686767	803776	10692586	2083128	10680979	0.84576	10686767	1.01808	10692586	1.06367	10680979	60135.262958759	10686767	789501.80732359	10692586	1958434.47685842	10697547	55020	10703319	851244	10709138	2444148	10697547	0.84581	10703319	1.01813	10709138	1.0631	10697547	65050.0703467682	10703319	836085.765079116	10709138	2299076.28633242	10714114	54821	10719902	834611	10725705	1917405	10714114	0.84621	10719902	1.0177	10725705	1.06246	10714114	64784.1552333345	10719902	820095.312960597	10725705	1804684.41164844
91	10800990	51278	10806794	805577	10812597	2073424	10800990	0.84651	10806794	1.01787	10812597	1.06279	10800990	60575.7758325359	10806794	791434.073113463	10812597	1950925.39448057	10817589	55182	10823392	849431	10829195	2426444	10817589	0.84646	10823392	1.01774	10829195	1.06232	10817589	65191.503437847	10823392	834624.756814118	10829195	2284098.95323443	10834172	55178	10839959	833615	10845778	1897096	10834172	0.84626	10839959	1.01719	10845778	1.06336	10834172	65202.1837260417	10839959	819527.325278463	10845778	1784058.08004815
92	10921001	51724	10926789	804151	10932592	2054589	10921001	0.84637	10926789	1.01808	10932592	1.06355	10921001	61112.7521060529	10926789	789870.147729059	10932592	1931821.72911476	10937569	56006	10943372	848962	10949160	2420070	10937569	0.84673	10943372	1.0181	10949160	1.06459	10937569	66143.8711277503	10943372	833868.97161379	10949160	2273241.3417372	10954136	55603	10959939	836328	10965742	1879175	10954136	0.84676	10959939	1.0184	10965742	1.06336	10954136	65665.5959185602	10959939	821217.59622938	10965742	1767204.89768282
93	11041012	52535	11046800	803698	11052603	2037761	11041012	0.84606	11046800	1.01776	11052603	1.06281	11041012	62093.704938184	11046800	789673.400408741	11052603	1917333.29569726	11057580	56530	11063352	850130	11069171	2406570	11057580	0.84607	11063352	1.01802	11069171	1.06309	11057580	66814.802557708	11063352	835081.825504411	11069171	2263750.01175818	11074163	56002	11079950	833032	11085753	1856736	11074163	0.84624	11079950	1.01754	11085753	1.06248	11074163	66177.4437511817	11079950	818672.484619769	11085753	1747549.13033657
94	11161024	52343	11166827	805330	11172630	2021719	11161024	0.84652	11166827	1.01824	11172630	1.06347	11161024	61833.1521995936	11166827	790903.912633564	11172630	1901058.79808551	11177606	56716	11183394	850014	11189213	2396321	11177606	0.8462	11183394	1.0183	11189213	1.06268	11177606	67024.344126684	11183394	834738.289305706	11189213	2254978.92121805	11194189	56365	11199977	834718	11205764	1840009	11194189	0.84649	11199977	1.01808	11205764	1.06369	11194189	66586.7287268603	11199977	819894.310859657	11205764	1729835.76041892
95	11281035	52963	11286822	803691	11292641	2005687	11281035	0.84538	11286822	1.01758	11292641	1.06256	11281035	62649.9325747001	11286822	789806.206882997	11292641	1887598.8179491	11297602	57377	11303389	851012	11309193	2376905	11297602	0.84533	11303389	1.01722	11309193	1.06131	11297602	67875.2676469545	11303389	836605.650695032	11309193	2239595.40567789	11314185	56837	11319957	832501	11325760	1818638	11314185	0.84538	11319957	1.01678	11325760	1.06175	11314185	67232.487165535	11319957	818762.170774405	11325760	1712868.37767836
96	11401046	53541	11406833	805752	11412652	1986555	11401046	0.84637	11406833	1.01757	11412652	1.06216	11401046	63259.5673287097	11406833	791839.382057254	11412652	1870297.31867139	11417613	57697	11423400	848220	11429219	2365537	11417613	0.84566	11423400	1.01657	11429219	1.06223	11417613	68227.1835016437	11423400	834394.089929862	11429219	2226953.67293336	11434196	57516	11439983	835105	11445771	1798239	11434196	0.845	11439983	1.01728	11445771	1.0626	11434196	68066.2721893491	11439983	820919.51085247	11445771	1692300.95990966
97	11521057	54013	11526844	804934	11532663	1966571	11521057	0.84486	11526844	1.01688	11532663	1.0607	11521057	63931.302227588	11526844	791572.26024703	11532663	1854031.30008485	11537639	58538	11543427	848260	11549261	2351136	11537639	0.84447	11543427	1.01694	11549261	1.06165	11537639	69319.2179710351	11543427	834129.840501898	11549261	2214605.56680639	11554222	57766	11560010	832199	11565829	1774543	11554222	0.84542	11560010	1.01711	11565829	1.06234	11554222	68328.1682477349	11560010	818199.604762513	11565829	1670409.66169023
98	11641068	54168	11646855	802232	11652674	1952879	11641068	0.84546	11646855	1.01601	11652674	1.06201	11641068	64069.2640692641	11646855	789590.653635299	11652674	1838851.79988889	11657650	59047	11663438	849957	11669257	2336301	11657650	0.84465	11663438	1.01688	11669257	1.06124	11657650	69907.0620967265	11663438	835847.887656361	11669257	2201482.22833666	11674233	58222	11680021	831614	11685808	1750268	11674233	0.84563	11680021	1.01693	11685808	1.06219	11674233	68850.4428650828	11680021	817769.167985997	11685808	1647791.82632109
99	11761079	55258	11766882	802863	11772685	1933708	11761079	0.84574	11766882	1.01639	11772685	1.06167	11761079	65336.8647574905	11766882	789916.272297051	11772685	1821383.29236015	11777646	59036	11783449	848978	11789268	2324660	11777646	0.84484	11783449	1.01679	11789268	1.06173	11777646	69878.3201552957	11783449	834959.037756076	11789268	2189502.03912483	11794244	58945	11800032	833602	11805835	1732071	11794244	0.84547	11800032	1.01686	11805835	1.06223	11794244	69718.6180467669	11800032	819780.500757233	11805835	1630598.83452736
100	11881090	55149	11886893	805383	11892696	1913961	11881090	0.84598	11886893	1.01726	11892696	1.06197	11881090	65189.4843849737	11886893	791717.948213829	11892696	1802274.07553886	11897672	59813	11903460	849735	11909263	2309879	11897672	0.84578	11903460	1.01642	11909263	1.06257	11897672	70719.3359975407	11903460	836007.752700655	11909263	2173860.54565817	11914240	60125	11920027	832955	11925830	1711081	11914240	0.8447	11920027	1.01711	11925830	1.06237	11914240	71179.1168462176	11920027	818942.887200008	11925830	1610626.24132835
101	12001101	55356	12006888	805695	12012707	1899232	12001101	0.84528	12006888	1.01819	12012707	1.06302	12001101	65488.358886996	12006888	791301.230615111	12012707	1786638.06889804	12017668	60693	12023455	848282	12029243	2292089	12017668	0.84493	12023455	1.01734	12029243	1.06185	12017668	71831.9860816872	12023455	833823.500501307	12029243	2158580.7788294	12034235	60063	12040007	832474	12045810	1689739	12034235	0.84482	12040007	1.01653	12045810	1.06192	12034235	71095.6180014678	12040007	818936.971855233	12045810	1591211.20235046
102	12121112	56164	12126899	802648	12132702	1877627	12121112	0.8455	12126899	1.01673	12132702	1.06198	12121112	66426.9662921348	12126899	789440.657795088	12132702	1768043.65430611	12137679	61190	12143466	848540	12149270	2275752	12137679	0.84647	12143466	1.01638	12149270	1.0613	12137679	72288.4449537491	12143466	834864.912729491	12149270	2144306.03976256	12154246	60351	12160034	833138	12165837	1667619	12154246	0.84565	12160034	1.01722	12165837	1.06191	12154246	71366.4045408857	12160034	819034.23054993	12165837	1570395.79625392
103	12241123	56192	12246910	804855	12252713	1863183	12241123	0.84558	12246910	1.01659	12252713	1.06305	12241123	66453.7950282646	12246910	791720.359240205	12252713	1752676.73204459	12257690	60984	12263462	848923	12269265	2262716	12257690	0.84489	12263462	1.01756	12269265	1.06222	12257690	72179.8103895182	12263462	834273.163253273	12269265	2130176.42296323	12274241	60670	12280029	832934	12285832	1648951	12274241	0.84542	12280029	1.01672	12285832	1.06263	12274241	71763.1473113955	12280029	819236.36792824	12285832	1551764.01946115
104	12361134	56976	12366921	804513	12372740	1842364	12361134	0.84581	12366921	1.01724	12372740	1.0623	12361134	67362.6464572422	12366921	790878.258817978	12372740	1734316.10656123	12377701	61644	12383488	849977	12389292	2246574	12377701	0.84496	12383488	1.01722	12389292	1.06132	12377701	72954.932777883	12383488	835588.171683608	12389292	2116773.45192779	12394268	61489	12400071	834467	12405874	1625855	12394268	0.84541	12400071	1.01692	12405874	1.06256	12394268	72732.7568871908	12400071	820582.740038548	12405874	1530130.06324349
105	12481145	56772	12486932	805472	12492751	1825378	12481145	0.84472	12486932	1.01642	12492751	1.0627	12481145	67208.0689459229	12486932	792459.809921096	12492751	1717679.49562435	12497727	62324	12503515	849093	12509334	2232749	12497727	0.84503	12503515	1.01698	12509334	1.0625	12497727	73753.5945469392	12503515	834916.124210899	12509334	2101410.82352941	12514310	61586	12520098	833798	12525901	1605637	12514310	0.84571	12520098	1.01744	12525901	1.06232	12514310	72821.6528124298	12520098	819505.818524925	12525901	1511443.82107086
106	12601156	57343	12606943	803584	12612762	1806183	12601156	0.84465	12606943	1.01621	12612762	1.06297	12601156	67889.6584384064	12606943	790765.688194369	12612762	1699185.30156072	12617738	62697	12623510	848375	12629345	2216288	12617738	0.84645	12623510	1.01775	12629345	1.0627	12617738	74070.5298600035	12623510	833578.973225252	12629345	2085525.54813212	12634321	62097	12640109	833593	12645912	1580997	12634321	0.8456	12640109	1.01696	12645912	1.06108	12634321	73435.4304635762	12640109	819691.03996224	12645912	1489988.5022807
107	12721167	57596	12726954	802401	12732757	1784911	12721167	0.84519	12726954	1.01695	12732757	1.0621	12721167	68145.6240608621	12726954	789026.992477506	12732757	1680548.91253178	12737734	63294	12743521	846226	12749325	2197846	12737734	0.8456	12743521	1.01758	12749325	1.06281	12737734	74850.9933774835	12743521	831606.360187897	12749325	2067957.58414016	12754301	62450	12760089	833599	12765892	1562805	12754301	0.84624	12760089	1.01739	12765892	1.06211	12754301	73797.0315749669	12760089	819350.494893797	12765892	1471415.39011967
108	12841178	58380	12846965	803211	12852768	1767271	12841178	0.84591	12846965	1.01742	12852768	1.06235	12841178	69014.4341596624	12846965	789458.630654007	12852768	1663548.73629218	12857745	63471	12863532	849481	12869336	2179689	12857745	0.84583	12863532	1.01654	12869336	1.06142	12857745	75039.9016350803	12863532	835659.196883546	12869336	2053559.38271372	12874312	62308	12880100	835104	12885903	1542862	12874312	0.84523	12880100	1.01722	12885903	1.06181	12874312	73717.213066266	12880100	820966.94913588	12885903	1453049.03890527
109	12961189	58226	12966992	803317	12972795	1748102	12961189	0.84453	12966992	1.01617	12972795	1.06059	12961189	68944.8569026559	12966992	790534.064182174	12972795	1648235.4161363	12977756	64060	12983544	845651	12989347	2161119	12977756	0.84402	12983544	1.0163	12989347	1.06064	12977756	75898.6753868392	12983544	832087.966151727	12989347	2037561.28375321	12994323	63104	13000111	832646	13005898	1522910	12994323	0.84494	13000111	1.01619	13005898	1.06084	12994323	74684.5929888513	13000111	819380.234011356	13005898	1435569.92571924
110	13081200	58660	13086987	801774	13092806	1730402	13081200	0.84462	13086987	1.01638	13092806	1.06141	13081200	69451.3509033648	13086987	788852.594502056	13092806	1630286.12882863	13097767	63659	13103555	847324	13109358	2142403	13097767	0.84414	13103555	1.01597	13109358	1.06047	13097767	75412.8462103443	13103555	834004.94109078	13109358	2020239.13924958	13114350	63323	13120122	829930	13125925	1500889	13114350	0.84431	13120122	1.0153	13125925	1.06209	13114350	74999.7039002262	13120122	817423.421648774	13125925	1413146.72014613
111	13201211	59317	13206998	800776	13212802	1707927	13201211	0.8444	13206998	1.01579	13212802	1.06129	13201211	70247.5130270014	13206998	788328.296202955	13212802	1609293.40708006	13217778	64962	13223566	847352	13229369	2131258	13217778	0.84426	13223566	1.01644	13229369	1.06154	13217778	76945.4907256059	13223566	833646.845854158	13229369	2007703.9018784	13234345	64404	13240133	831123	13245936	1481989	13234345	0.84512	13240133	1.01581	13245936	1.06143	13234345	76206.9291934873	13240133	818187.456315649	13245936	1396219.25138728
112	13321222	59404	13327009	802540	13332813	1694850	13321222	0.84463	13327009	1.01675	13332813	1.06237	13321222	70331.3877082273	13327009	789318.908286206	13332813	1595348.1367132	13337789	64816	13343577	848145	13349380	2116672	13337789	0.84558	13343577	1.01675	13349380	1.06147	13337789	76652.7117481492	13343577	834172.608802557	13349380	1994094.98148794	13354356	63854	13360144	832342	13365947	1466363	13354356	0.84544	13360144	1.01708	13365947	1.06252	13354356	75527.5359576079	13360144	818364.337121957	13365947	1380080.37495765
113	13441233	59797	13447036	801844	13452824	1676472	13441233	0.84543	13447036	1.01629	13452824	1.06236	13441233	70729.6878511527	13447036	788991.331214516	13452824	1578063.93313001	13457800	64834	13463603	846397	13469406	2093400	13457800	0.84497	13463603	1.01672	13469406	1.06152	13457800	76729.3513379173	13463603	832477.968368873	13469406	1972077.77526566	13474383	64439	13480170	831776	13485974	1449036	13474383	0.84516	13480170	1.0174	13485974	1.0614	13474383	76244.7347247858	13480170	817550.619225477	13485974	1365211.98417185
114	13561244	59949	13567031	803361	13572835	1658528	13561244	0.84526	13567031	1.01722	13572835	1.06234	13561244	70923.7394411187	13567031	789761.310237707	13572835	1561202.62816048	13577827	65407	13583614	848381	13589417	2074909	13577827	0.84482	13583614	1.01717	13589417	1.06248	13577827	77421.2258232523	13583614	834060.186596144	13589417	1952892.28973722	13594409	64990	13600197	833181	13606016	1426541	13594409	0.84523	13600197	1.01739	13606016	1.06211	13594409	76890.3138790625	13600197	818939.639666205	13606016	1343119.82751316
115	13681255	60015	13687027	800092	13692830	1638567	13681255	0.84534	13687027	1.01727	13692830	1.06212	13681255	70995.1025622826	13687027	786508.989747068	13692830	1542732.45960908	13697806	66656	13703594	845980	13709397	2059129	13697806	0.84529	13703594	1.01697	13709397	1.0631	13697806	78855.7773071963	13703594	831863.28013609	13709397	1936909.98024645	13714389	65345	13720177	831528	13725980	1413055	13714389	0.8449	13720177	1.01677	13725980	1.06289	13714389	77340.5136702568	13720177	817813.271437985	13725980	1329446.13271364
116	13801266	61097	13807053	802436	13812857	1623087	13801266	0.84506	13807053	1.01719	13812857	1.06334	13801266	72299.0083544364	13807053	788875.234715245	13812857	1526404.53664867	13817849	66869	13823636	847023	13829424	2041964	13817849	0.84541	13823636	1.01733	13829424	1.0624	13817849	79096.5330431388	13823636	832594.143493262	13829424	1922029.36746988	13834416	65551	13840188	832166	13846007	1394890	13834416	0.84542	13840188	1.01725	13846007	1.06265	13834416	77536.6090227343	13840188	818054.558859671	13846007	1312652.33143556
117	13921277	60987	13927064	799903	13932868	1604987	13921277	0.84519	13927064	1.01712	13932868	1.06212	13921277	72157.7396798353	13927064	786439.161554192	13932868	1511116.44635258	13937844	66903	13943616	847475	13949419	2022966	13937844	0.84462	13943616	1.01712	13949419	1.06245	13937844	79210.7693400583	13943616	833210.437313198	13949419	1904057.60271072	13954411	65852	13960183	832140	13965986	1378089	13954411	0.84525	13960183	1.0167	13965986	1.06143	13954411	77908.3111505472	13960183	818471.525523753	13965986	1298332.43831435
118	14041288	62093	14047075	802233	14052894	1586944	14041288	0.84572	14047075	1.01713	14052894	1.06196	14041288	73420.2809440477	14047075	788722.188904073	14052894	1494353.83630269	14057871	66888	14063658	845450	14069446	2001145	14057871	0.84531	14063658	1.01643	14069446	1.06188	14057871	79128.3671079249	14063658	831783.792292632	14069446	1884530.26707349	14074438	65717	14080225	830519	14086029	1362309	14074438	0.84555	14080225	1.01765	14086029	1.06257	14074438	77721.0099934954	14080225	816114.577703533	14086029	1282088.70944973
119	14161299	61871	14167086	800898	14172905	1568065	14161299	0.84597	14167086	1.01815	14172905	1.06193	14161299	73136.163220918	14167086	786620.831900997	14172905	1476618.04450388	14177882	67200	14183669	846744	14189457	1988662	14177882	0.84564	14183669	1.01697	14189457	1.06284	14177882	79466.4396196963	14183669	832614.531402106	14189457	1871083.1357495	14194449	66565	14200236	833173	14206040	1343273	14194449	0.8456	14200236	1.01705	14206040	1.06288	14194449	78719.2526017029	14200236	819205.545450076	14206040	1263804.94505495
120	14281310	62239	14287097	799972	14292901	1553323	14281310	0.84549	14287097	1.01718	14292901	1.06245	14281310	73612.9345113484	14287097	786460.606775595	14292901	1462019.85975811	14297877	67383	14303665	844464	14309468	1970634	14297877	0.84647	14303665	1.01797	14309468	1.0631	14297877	79604.7113305847	14303665	829556.863168856	14309468	1853667.57595711	14314460	66889	14320247	831074	14326051	1327599	14314460	0.84603	14320247	1.01722	14326051	1.06194	14314460	79062.2081959269	14320247	817005.170956135	14326051	1250163.85106503
121	14401321	62432	14407124	801069	14412927	1533664	14401321	0.84553	14407124	1.017	14412927	1.06214	14401321	73837.7112580275	14407124	787678.466076696	14412927	1443937.71065961	14417904	67517	14423691	845921	14429494	1952178	14417904	0.84513	14423691	1.01721	14429494	1.06227	14417904	79889.4844580124	14423691	831609.008955869	14429494	1837741.81705216	14434471	67490	14440258	831782	14446062	1314088	14434471	0.84526	14440258	1.01668	14446062	1.06294	14434471	79845.2547145257	14440258	818135.499862297	14446062	1236276.7418669
122	14521332	62515	14527135	802251	14532923	1522643	14521332	0.84542	14527135	1.01765	14532923	1.06271	14521332	73945.494547089	14527135	788336.854517762	14532923	1432792.57746704	14537915	68577	14543702	846114	14549537	1932593	14537915	0.8467	14543702	1.0179	14549537	1.06217	14537915	80993.2679815755	14543702	831234.895372826	14549537	1819476.16671531	14554513	67881	14560316	832372	14566119	1297945	14554513	0.84578	14560316	1.01883	14566119	1.0626	14554513	80258.4596467166	14560316	816988.113816829	14566119	1221480.33126294
123	14641343	62750	14647130	800635	14652949	1501966	14641343	0.84567	14647130	1.01816	14652949	1.06184	14641343	74201.5206877387	14647130	786354.796888505	14652949	1414493.70903338	14657926	68749	14663744	846018	14669563	1918707	14657926	0.84642	14663744	1.01767	14669563	1.06338	14657926	81223.2697715082	14663744	831328.426700207	14669563	1804347.45810529	14674524	68098	14680312	829942	14686130	1280504	14674524	0.84566	14680312	1.01797	14686130	1.06278	14674524	80526.4527114916	14680312	815291.216833502	14686130	1204862.71853065
124	14761354	62798	14767141	799270	14772945	1488466	14761354	0.84648	14767141	1.01759	14772945	1.06354	14761354	74187.2223797373	14767141	785453.866488468	14772945	1399539.27449837	14777921	68669	14783709	846312	14789512	1902224	14777921	0.84589	14783709	1.0181	14789512	1.06346	14777921	81179.5859981794	14783709	831266.08388174	14789512	1788712.31640118	14794535	67691	14800307	830957	14806126	1266470	14794535	0.84645	14800307	1.01847	14806126	1.06272	14794535	79970.4648827456	14800307	815887.556825434	14806126	1191725.00752785
125	14881365	63038	14887152	801201	14892956	1474360	14881365	0.84585	14887152	1.01798	14892956	1.06325	14881365	74526.2162321925	14887152	787049.843808326	14892956	1386654.12649894	14897932	69165	14903720	843204	14909523	1884385	14897932	0.84592	14903720	1.0169	14909523	1.06365	14897932	81763.0508795158	14903720	829190.677549415	14909523	1771621.30400038	14914515	68458	14920303	829462	14926106	1255154	14914515	0.84667	14920303	1.01727	14926106	1.06341	14914515	80855.5871827276	14920303	815380.380823184	14926106	1180310.51052745
126	15001376	63509	15007163	799604	15012967	1456581	15001376	0.846	15007163	1.01821	15012967	1.06199	15001376	75069.7399527187	15007163	785303.621060489	15012967	1371558.11259993	15017943	69264	15023731	846016	15029534	1864182	15017943	0.84619	15023731	1.01756	15029534	1.06247	15017943	81853.9571491036	15023731	831416.329258226	15029534	1754573.77620074	15034510	68953	15040298	829714	15046101	1238923	15034510	0.84619	15040298	1.01723	15046101	1.06212	15034510	81486.4273981021	15040298	815660.175181621	15046101	1166462.35830226
127	15121387	64120	15127174	797134	15132993	1441543	15121387	0.84564	15127174	1.01753	15132993	1.06184	15121387	75824.2278037936	15127174	783400.980806463	15132993	1357589.65569201	15137970	69999	15143757	844244	15149545	1847133	15137970	0.84573	15143757	1.01737	15149545	1.06242	15137970	82767.5499272818	15143757	829829.855411502	15149545	1738609.02467951	15154537	69171	15160325	829463	15166128	1225601	15154537	0.84557	15160325	1.01779	15166128	1.06263	15154537	81803.9902077888	15160325	814964.776623862	15166128	1153365.70584305
128	15241398	64140	15247185	797542	15253004	1426159	15241398	0.84678	15247185	1.01836	15253004	1.06337	15241398	75745.7663147453	15247185	783163.125024549	15253004	1341169.11329076	15257981	69655	15263753	846208	15269556	1829164	15257981	0.84614	15263753	1.01952	15269556	1.06245	15257981	82320.8925236958	15263753	830006.277463905	15269556	1721647.13633583	15274532	69622	15280320	833169	15286123	1212566	15274532	0.84689	15280320	1.01847	15286123	1.06297	15274532	82209.02360401	15280320	818059.442104333	15286123	1140733.98120361
129	15361409	64260	15367196	797182	15373015	1412546	15361409	0.84744	15367196	1.01862	15373015	1.06337	15361409	75828.3772302464	15367196	782609.805423023	15373015	1328367.36037315	15377992	70466	15383779	846509	15389567	1816681	15377992	0.84674	15383779	1.01954	15389567	1.06402	15377992	83220.3509932211	15383779	830285.226670852	15389567	1707374.86137479	15394559	69622	15400347	830750	15406134	1201397	15394559	0.84686	15400347	1.01885	15406134	1.06394	15394559	82211.9358571665	15400347	815380.085390391	15406134	1129196.19527417
130	15481420	64612	15487208	798878	15493026	1393671	15481420	0.84674	15487208	1.01824	15493026	1.06314	15481420	76306.7765784066	15487208	784567.489000629	15493026	1310900.72803206	15498003	70697	15503775	843748	15509578	1797936	15498003	0.84644	15503775	1.01842	15509578	1.06381	15498003	83522.7541231511	15503775	828487.26458632	15509578	1690091.27569773	15514570	69739	15520358	829618	15526145	1190300	15514570	0.84619	15520358	1.01816	15526145	1.06403	15514570	82415.2968009549	15520358	814820.853303999	15526145	1118671.46603009
131	15601431	64995	15607219	797158	15613022	1380140	15601431	0.84597	15607219	1.01793	15613022	1.06273	15601431	76828.9655661548	15607219	783116.717259537	15613022	1298674.16935628	15617998	70826	15623801	843883	15629605	1777858	15617998	0.84674	15623801	1.01837	15629605	1.06325	15617998	83645.5110187307	15623801	828660.506495675	15629605	1672097.81330825	15634581	69893	15640369	828536	15646172	1175410	15634581	0.84624	15640369	1.0177	15646172	1.06308	15634581	82592.4087729249	15640369	814125.970325243	15646172	1105664.67246115
132	15721442	64831	15727230	797129	15733033	1366644	15721442	0.84558	15727230	1.01733	15733033	1.06254	15721442	76670.4510513494	15727230	783550.077162769	15733033	1286204.75464453	15738103	71433	15743890	844590	15749694	1761430	15738103	0.84584	15743890	1.018	15749694	1.06221	15738103	84452.1422491251	15743890	829656.188605108	15749694	1658269.08050197	15754686	69914	15760473	828642	15766276	1164000	15754686	0.84574	15760473	1.0168	15766276	1.06142	15754686	82666.0675857829	15760473	814950.826121164	15766276	1096644.11825668
133	15841453	65700	15847256	796736	15853059	1353574	15841453	0.84554	15847256	1.01564	15853059	1.06124	15841453	77701.8236866381	15847256	784466.937103698	15853059	1275464.55090272	15858036	71284	15863823	842793	15869611	1742823	15858036	0.84505	15863823	1.01683	15869611	1.06145	15858036	84354.7719069877	15863823	828843.562837446	15869611	1641926.60982618	15874603	70829	15880391	830566	15886178	1153853	15874603	0.84522	15880391	1.01737	15886178	1.06185	15874603	83799.4841579707	15880391	816385.385847823	15886178	1086644.06460423
134	15961464	65349	15967252	796143	15973055	1341557	15961464	0.84554	15967252	1.01755	15973055	1.0625	15961464	77286.7043546136	15967252	782411.675101961	15973055	1262641.88235294	15978047	71336	15983834	841481	15989638	1725051	15978047	0.84477	15983834	1.0166	15989638	1.06295	15978047	84444.2866105567	15983834	827740.507574267	15989638	1622890.07008796	15994630	71533	16000402	829134	16006205	1142341	15994630	0.84495	16000402	1.0167	16006205	1.06087	15994630	84659.4473045742	16000402	815514.901150782	16006205	1076796.40295229
135	16081475	66223	16087263	798287	16093081	1326615	16081475	0.84539	16087263	1.017	16093081	1.06162	16081475	78334.2599273708	16087263	784942.969518191	16093081	1249613.79778075	16098058	71804	16103830	843753	16109633	1710335	16098058	0.84495	16103830	1.01728	16109633	1.06205	16098058	84980.1763417954	16103830	829420.611827619	16109633	1610409.11444847	16114625	71150	16120413	828094	16126216	1130367	16114625	0.84519	16120413	1.01716	16126216	1.06256	16114625	84182.2548776015	16120413	814123.638365645	16126216	1063814.74928475
136	16201486	65768	16207274	795724	16213077	1312682	16201486	0.84531	16207274	1.01689	16213077	1.0619	16201486	77803.4094001018	16207274	782507.449183294	16213077	1236163.48055372	16218053	71387	16223841	840097	16229644	1691147	16218053	0.84526	16223841	1.01588	16229644	1.06197	16218053	84455.6704445969	16223841	826964.798992007	16229644	1592462.12228217	16234620	71421	16240408	829519	16246211	1121257	16234620	0.8455	16240408	1.01703	16246211	1.06173	16234620	84471.9101123595	16240408	815628.840840487	16246211	1056066.04315598
137	16321497	66047	16327285	794084	16333088	1299522	16321497	0.8454	16327285	1.01621	16333088	1.06171	16321497	78125.1478590017	16327285	781417.226754313	16333088	1223989.60168031	16338064	72938	16343852	840768	16349655	1677685	16338064	0.84585	16343852	1.01616	16349655	1.06163	16338064	86230.4191050423	16343852	827397.260273973	16349655	1580291.62702637	16354631	71710	16360419	826053	16366207	1109632	16354631	0.84495	16360419	1.01552	16366207	1.06075	16354631	84868.927155453	16360419	813428.588309438	16366207	1046082.48880509
138	16441508	66164	16447296	794495	16453099	1288798	16441508	0.84507	16447296	1.01653	16453099	1.06146	16441508	78294.1058137196	16447296	781575.556058355	16453099	1214174.81581972	16458075	72515	16463863	842759	16469666	1658868	16458075	0.84512	16463863	1.01621	16469666	1.06163	16458075	85804.3828095418	16463863	829315.791027445	16469666	1562566.9960344	16474627	72238	16480414	827877	16486218	1101996	16474627	0.84541	16480414	1.01647	16486218	1.06256	16474627	85447.2977608498	16480414	814462.797721526	16486218	1037114.13943683
139	16561519	66478	16567307	795956	16573110	1275844	16561519	0.84573	16567307	1.01758	16573110	1.0629	16561519	78604.2826906932	16567307	782204.838931583	16573110	1200342.45930944	16578086	72473	16583874	839353	16589677	1644438	16578086	0.84565	16583874	1.01721	16589677	1.06199	16578086	85700.9401052445	16583874	825152.131811524	16589677	1548449.60875338	16594669	71977	16600441	827306	16606260	1092197	16594669	0.84478	16600441	1.01763	16606260	1.06284	16594669	85202.0644428135	16600441	812973.281055	16606260	1027621.27883783
140	16681530	67178	16687318	795995	16693136	1262089	16681530	0.84548	16687318	1.01723	16693136	1.06256	16681530	79455.4572550504	16687318	782512.312849601	16693136	1187781.39587412	16698113	73362	16703900	839702	16709704	1628935	16698113	0.84558	16703900	1.01703	16709704	1.06271	16698113	86759.3840913929	16703900	825641.328181076	16709704	1532812.33826726	16714696	72361	16720483	828009	16726286	1084010	16714696	0.84533	16720483	1.01742	16726286	1.06303	16714696	85600.8895934132	16720483	813832.045762812	16726286	1019736.03755303
141	16801541	67063	16807329	793274	16813132	1249651	16801541	0.84504	16807329	1.01625	16813132	1.06183	16801541	79360.7403199849	16807329	780589.421894219	16813132	1176884.24700752	16818108	73841	16823896	839419	16829683	1615169	16818108	0.84535	16823896	1.01671	16829683	1.06218	16818108	87349.6185012125	16823896	825622.842305082	16829683	1520617.03289461	16834660	72669	16840447	828001	16846251	1076436	16834660	0.84533	16840447	1.01721	16846251	1.06231	16834660	85965.2443424462	16840447	813992.194335486	16846251	1013297.4367181
142	16921552	67193	16927340	795666	16933143	1238449	16921552	0.84588	16927340	1.01686	16933143	1.06147	16921552	79435.6173452499	16927340	782473.496843223	16933143	1166730.10070939	16938119	73425	16943891	843009	16949694	1604206	16938119	0.84521	16943891	1.01819	16949694	1.06228	16938119	86871.9016575762	16943891	827948.614698632	16949694	1510153.63181082	16954671	73211	16960458	828091	16966262	1066551	16954671	0.84497	16960458	1.0177	16966262	1.06292	16954671	86643.3127803354	16960458	813688.709835904	16966262	1003416.06141572
143	17041563	67067	17047351	794673	17053169	1229106	17041563	0.84543	17047351	1.01631	17053169	1.06226	17041563	79328.8622357853	17047351	781919.886648759	17053169	1157067.00807712	17058146	74303	17063918	839930	17069721	1582906	17058146	0.8448	17063918	1.01726	17069721	1.06196	17058146	87953.3617424243	17063918	825678.784184968	17069721	1490551.43319899	17074697	72693	17080485	828276	17086288	1058117	17074697	0.84488	17080485	1.01764	17086288	1.06188	17074697	86039.437553262	17080485	813918.478047247	17086288	996456.285079293
144	17161574	67324	17167362	794756	17173165	1215281	17161574	0.84473	17167362	1.01715	17173165	1.06176	17161574	79698.8386821825	17167362	781355.748906258	17173165	1144591.05635925	17178157	74225	17183929	839479	17189732	1570364	17178157	0.84576	17183929	1.01651	17189732	1.06246	17178157	87761.3034430571	17183929	825844.310434723	17189732	1478045.29111684	17194709	73136	17200481	823342	17206299	1049016	17194709	0.84511	17200481	1.01587	17206299	1.06255	17194709	86540.2136999917	17200481	810479.687361572	17206299	987262.717048609
145	17281585	67919	17287373	793198	17293176	1202889	17281585	0.84527	17287373	1.01653	17293176	1.06078	17281585	80351.8402403966	17287373	780299.646837772	17293176	1133966.51520579	17298152	74642	17303924	839853	17309728	1555629	17298152	0.84622	17303924	1.01705	17309728	1.06152	17298152	88206.3765923755	17303924	825773.560788555	17309728	1465473.09518426	17314704	74159	17320492	828820	17326295	1040576	17314704	0.84591	17320492	1.01653	17326295	1.0617	17314704	87667.7187880507	17320492	815342.390288531	17326295	980103.607422059
146	17401596	67695	17407384	793537	17413187	1197654	17401596	0.84502	17407384	1.01621	17413187	1.06257	17401596	80110.5299282857	17407384	780878.95218508	17413187	1127129.50676191	17418179	74213	17423951	837777	17429754	1539697	17418179	0.8463	17423951	1.01665	17429754	1.06214	17418179	87691.1260782229	17423951	824056.459941966	17429754	1449617.75283861	17434731	74526	17440518	825573	17446321	1034609	17434731	0.84607	17440518	1.01596	17446321	1.06173	17434731	88084.9102320139	17440518	812603.842670972	17446321	974455.840938845
147	17521607	68097	17527395	795840	17533213	1184880	17521607	0.84447	17527395	1.01687	17533213	1.06126	17521607	80638.7438274894	17527395	782636.915239903	17533213	1116484.17918324	17538190	74404	17543978	838244	17549765	1523485	17538190	0.84479	17543978	1.01736	17549765	1.06117	17538190	88073.9592087974	17543978	823940.394747189	17549765	1435665.35050934	17554742	73590	17560529	826372	17566332	1026907	17554742	0.84548	17560529	1.01663	17566332	1.06224	17554742	87039.3149453565	17560529	812854.234087131	17566332	966737.272179545
148	17641618	68492	17647406	795399	17653209	1174294	17641618	0.84489	17647406	1.01643	17653209	1.06192	17641618	81066.1742948786	17647406	782541.837608099	17653209	1105821.53081211	17658185	74904	17663973	837335	17669776	1511642	17658185	0.84534	17663973	1.01674	17669776	1.06234	17658185	88608.1340052523	17663973	823548.793201802	17669776	1422936.15979818	17674753	74240	17680525	824560	17686328	1018408	17674753	0.84385	17680525	1.01621	17686328	1.06103	17674753	87977.7211589738	17680525	811407.091054014	17686328	959829.59954007
149	17761629	68818	17767417	791258	17773220	1160694	17761629	0.84398	17767417	1.01558	17773220	1.06031	17761629	81539.8469158037	17767417	779119.320979145	17773220	1094674.19905499	17778212	75356	17783984	837378	17789787	1495925	17778212	0.84346	17783984	1.01537	17789787	1.0606	17778212	89341.5218267612	17783984	824702.325260742	17789787	1410451.63115218	17794779	74801	17800567	824204	17806370	1011770	17794779	0.843	17800567	1.01492	17806370	1.06003	17794779	88731.9098457889	17800567	812087.652228747	17806370	954472.986613586
150	17881640	69061	17887428	791431	17893231	1157326	17881640	0.84312	17887428	1.0149	17893231	1.06129	17881640	81911.2344624727	17887428	779811.804118632	17893231	1090489.87552884	17898207	75532	17903995	836025	17909798	1482303	17898207	0.84382	17903995	1.01613	17909798	1.06112	17898207	89511.981228224	17903995	822753.978329545	17909798	1396923.06242461	17914775	74817	17920562	826447	17926350	1006141	17914775	0.84304	17920562	1.01688	17926350	1.06133	17914775	88746.6786866578	17920562	812728.148847455	17926350	948000.150754242
151	18001651	69199	18007439	791616	18013242	1144812	18001651	0.84407	18007439	1.01592	18013242	1.06128	18001651	81982.5369933773	18007439	779210.961493031	18013242	1078708.72908186	18018234	75832	18024006	837536	18029809	1467248	18018234	0.84562	18024006	1.017	18029809	1.06121	18018234	89676.2139022256	18024006	823535.889872173	18029809	1382617.95497592	18034786	74844	18040558	824114	18046361	997396	18034786	0.84476	18040558	1.01566	18046361	1.06092	18034786	88597.9449784554	18040558	811407.360730953	18046361	940123.666251932
152	18121662	69117	18127450	790866	18133253	1134949	18121662	0.84529	18127450	1.01617	18133253	1.06229	18121662	81767.2041547871	18127450	778281.193107453	18133253	1068398.4599309	18138245	75950	18144017	837051	18149820	1455545	18138245	0.84507	18144017	1.01667	18149820	1.06149	18138245	89874.2116037725	18144017	823326.153029006	18149820	1371228.17925746	18154797	75137	18160584	825044	18166387	992082	18154797	0.8445	18160584	1.01635	18166387	1.06205	18154797	88972.1728833629	18160584	811771.535396271	18166387	934119.862530013
153	18241673	69180	18247476	791742	18253295	1124137	18241673	0.84471	18247476	1.01654	18253295	1.06255	18241673	81897.9294669176	18247476	778859.661203691	18253295	1057961.50769376	18258272	75710	18264075	835824	18269878	1442343	18258272	0.84522	18264075	1.01568	18269878	1.06175	18258272	89574.3120134403	18264075	822920.604914934	18269878	1358458.20579232	18274839	75870	18280626	824064	18286445	985306	18274839	0.84487	18280626	1.01617	18286445	1.06076	18274839	89800.7977558678	18280626	810950.923565939	18286445	928867.981447264
154																																																						
155																																																						
156																																																						
157																																																						
158																																																						
159																																																						
160																																																						
161																																																						
162																																																						
163																																																						
164																																																						
165																																																						
166																																																						
167																																																						
168																																																						
169																																																						
170																																																						
171																																																						
172																																																						
173																																																						
174																																																						
175																																																						
176																																																						
177																																																						
178																																																						
179																																																						
180																																																						
181																																																						
182																																																						
183																																																						
184																																																						
185																																																						
186																																																						
187																																																						
188																																																						
189																																																						
190																																																						
191																																																						
192																																																						
193																																																						
194																																																						
195																																																						
196																																																						
197																																																						
198																																																						
199																																																						
200																																																						
201																																																						
202																																																						
203																																																						
204																																																						
205																																																						
206																																																						
207																																																						
208																																																						
209																																																						
210																																																						
211																																																						
212																																																						
213																																																						
214																																																						
215																																																						
216																																																						
217																																																						
218																																																						
219																																																						
220																																																						
221																																																						
222																																																						
223																																																						
224																																																						
225																																																						
226																																																						
227																																																						
228																																																						
229																																																						
230																																																						
231																																																						
232																																																						
233																																																						
234																																																						
235																																																						
236																																																						
237																																																						
238																																																						
239																																																						
240																																																						
241																																																						
242																																																						
243																																																						
244																																																						
245																																																						
246																																																						
247																																																						
248																																																						
249																																																						
250																																																						
251																																																						
252																																																						
253																																																						
254																																																						
255																																																						
256																																																						
257																																																						
258																																																						
259																																																						
260																																																						
261																																																						
262																																																						
263																																																						
264																																																						
265																																																						
266																																																						
267																																																						
268																																																						
269																																																						
270																																																						
271																																																						
272																																																						
273																																																						
274																																																						
275																																																						
276																																																						
277																																																						
278																																																						
279																																																						
280																																																						
281																																																						
282																																																						
283																																																						
284																																																						
285																																																						
286																																																						
287																																																						
288																																																						
289																																																						
290																																																						
291																																																						
292																																																						
293																																																						
294																																																						
295																																																						
296																																																						
297																																																						
298																																																						
299																																																						
300																																																						
301																																																						