HJY Multigroup Import
Application Version:	3.5.1.20
SystemConfiguration::	FL3-11_1602C-0213-FL
Experiment Time Stamp:	9/16/2025 9:35 AM
Export Time Stamp:	9/16/2025 2:38 PM
Experiment Comment:	None

Integration Time:	1
Time Sequence Interval Points:	301
Time Sequence Experiment Duration:	10:00:00	36000000 (ms)
Repetition Time Sequence Enabled:	False
Repetition Time Sequence Count:	2
Repetition Time Sequence Delay:	0 seconds
Time Sequence Interval Total Points:	301
Time Sequence Experiment Duration Total:	10:00:00	36000000 (ms)

Mono Count:	2
Mono Description:	Excitation 1 (Mono1)	Emission 1 (Mono2)
Mono Slit Width:		5	5
Mono Grating Index:		0	0
Mono Grating Value:		1200	1200

Mono Wavelength Group Count:	3
Mono Wavelength Group Description:	Group 1:(Excitation 1:596 Emission 1:615)	Group 2:(Excitation 1:549 Emission 1:565)	Group 3:(Excitation 1:495 Emission 1:520)

Detector Count:	3
Detector Description:	S1 (SCD1)	R (SCD2)	S1/R (SCD1/SCD2)
Detector High Voltage:	950	None	None

Accessory Sequential Type:	Temperature Controller
Accessory Sequential Description:	Temperature Control (TC1)
Accessory Sequential Scan Position Count:	1
Accessory Sequential Scan Positions:		37

Accessory Interleave Type:	Sample Changer
Accessory Interleave Description:	Sample Changer - 4 Position (SCH1)
Accessory Interleave Scan Position Count:	3
Accessory Interleave Scan Positions:	1	2	3

Axis	X	Y	X	Y	X	Y	X	Y	X	Y	X	Y	X	Y	X	Y	X	Y	X	Y	X	Y	X	Y	X	Y	X	Y	X	Y	X	Y	X	Y	X	Y	X	Y	X	Y	X	Y	X	Y	X	Y	X	Y	X	Y	X	Y	X	Y
Sequential: Temperature Controller	Idx:0(Pos:37.00)	Idx:0(Pos:37.00)	Idx:0(Pos:37.00)	Idx:0(Pos:37.00)	Idx:0(Pos:37.00)	Idx:0(Pos:37.00)	Idx:0(Pos:37.00)	Idx:0(Pos:37.00)	Idx:0(Pos:37.00)	Idx:0(Pos:37.00)	Idx:0(Pos:37.00)	Idx:0(Pos:37.00)	Idx:0(Pos:37.00)	Idx:0(Pos:37.00)	Idx:0(Pos:37.00)	Idx:0(Pos:37.00)	Idx:0(Pos:37.00)	Idx:0(Pos:37.00)	Idx:0(Pos:37.00)	Idx:0(Pos:37.00)	Idx:0(Pos:37.00)	Idx:0(Pos:37.00)	Idx:0(Pos:37.00)	Idx:0(Pos:37.00)	Idx:0(Pos:37.00)	Idx:0(Pos:37.00)	Idx:0(Pos:37.00)	Idx:0(Pos:37.00)	Idx:0(Pos:37.00)	Idx:0(Pos:37.00)	Idx:0(Pos:37.00)	Idx:0(Pos:37.00)	Idx:0(Pos:37.00)	Idx:0(Pos:37.00)	Idx:0(Pos:37.00)	Idx:0(Pos:37.00)	Idx:0(Pos:37.00)	Idx:0(Pos:37.00)	Idx:0(Pos:37.00)	Idx:0(Pos:37.00)	Idx:0(Pos:37.00)	Idx:0(Pos:37.00)	Idx:0(Pos:37.00)	Idx:0(Pos:37.00)	Idx:0(Pos:37.00)	Idx:0(Pos:37.00)	Idx:0(Pos:37.00)	Idx:0(Pos:37.00)	Idx:0(Pos:37.00)	Idx:0(Pos:37.00)	Idx:0(Pos:37.00)	Idx:0(Pos:37.00)	Idx:0(Pos:37.00)	Idx:0(Pos:37.00)
Interleave: Sample Changer	Idx:0(Pos:1)	Idx:0(Pos:1)	Idx:0(Pos:1)	Idx:0(Pos:1)	Idx:0(Pos:1)	Idx:0(Pos:1)	Idx:0(Pos:1)	Idx:0(Pos:1)	Idx:0(Pos:1)	Idx:0(Pos:1)	Idx:0(Pos:1)	Idx:0(Pos:1)	Idx:0(Pos:1)	Idx:0(Pos:1)	Idx:0(Pos:1)	Idx:0(Pos:1)	Idx:0(Pos:1)	Idx:0(Pos:1)	Idx:1(Pos:2)	Idx:1(Pos:2)	Idx:1(Pos:2)	Idx:1(Pos:2)	Idx:1(Pos:2)	Idx:1(Pos:2)	Idx:1(Pos:2)	Idx:1(Pos:2)	Idx:1(Pos:2)	Idx:1(Pos:2)	Idx:1(Pos:2)	Idx:1(Pos:2)	Idx:1(Pos:2)	Idx:1(Pos:2)	Idx:1(Pos:2)	Idx:1(Pos:2)	Idx:1(Pos:2)	Idx:1(Pos:2)	Idx:2(Pos:3)	Idx:2(Pos:3)	Idx:2(Pos:3)	Idx:2(Pos:3)	Idx:2(Pos:3)	Idx:2(Pos:3)	Idx:2(Pos:3)	Idx:2(Pos:3)	Idx:2(Pos:3)	Idx:2(Pos:3)	Idx:2(Pos:3)	Idx:2(Pos:3)	Idx:2(Pos:3)	Idx:2(Pos:3)	Idx:2(Pos:3)	Idx:2(Pos:3)	Idx:2(Pos:3)	Idx:2(Pos:3)
Detector	S1 (SCD1)	S1 (SCD1)	S1 (SCD1)	S1 (SCD1)	S1 (SCD1)	S1 (SCD1)	R (SCD2)	R (SCD2)	R (SCD2)	R (SCD2)	R (SCD2)	R (SCD2)	S1/R (SCD1/SCD2)	S1/R (SCD1/SCD2)	S1/R (SCD1/SCD2)	S1/R (SCD1/SCD2)	S1/R (SCD1/SCD2)	S1/R (SCD1/SCD2)	S1 (SCD1)	S1 (SCD1)	S1 (SCD1)	S1 (SCD1)	S1 (SCD1)	S1 (SCD1)	R (SCD2)	R (SCD2)	R (SCD2)	R (SCD2)	R (SCD2)	R (SCD2)	S1/R (SCD1/SCD2)	S1/R (SCD1/SCD2)	S1/R (SCD1/SCD2)	S1/R (SCD1/SCD2)	S1/R (SCD1/SCD2)	S1/R (SCD1/SCD2)	S1 (SCD1)	S1 (SCD1)	S1 (SCD1)	S1 (SCD1)	S1 (SCD1)	S1 (SCD1)	R (SCD2)	R (SCD2)	R (SCD2)	R (SCD2)	R (SCD2)	R (SCD2)	S1/R (SCD1/SCD2)	S1/R (SCD1/SCD2)	S1/R (SCD1/SCD2)	S1/R (SCD1/SCD2)	S1/R (SCD1/SCD2)	S1/R (SCD1/SCD2)
WL Group	1	1	2	2	3	3	1	1	2	2	3	3	1	1	2	2	3	3	1	1	2	2	3	3	1	1	2	2	3	3	1	1	2	2	3	3	1	1	2	2	3	3	1	1	2	2	3	3	1	1	2	2	3	3
Units	(ms)	CPS	(ms)	CPS	(ms)	CPS	(ms)	MicroAmps	(ms)	MicroAmps	(ms)	MicroAmps	(ms)	CPS	(ms)	CPS	(ms)	CPS	(ms)	CPS	(ms)	CPS	(ms)	CPS	(ms)	MicroAmps	(ms)	MicroAmps	(ms)	MicroAmps	(ms)	CPS	(ms)	CPS	(ms)	CPS	(ms)	CPS	(ms)	CPS	(ms)	CPS	(ms)	MicroAmps	(ms)	MicroAmps	(ms)	MicroAmps	(ms)	CPS	(ms)	CPS	(ms)	CPS
1	0	188412	5803	1318407	11606	3869652	0	0.84014	5803	1.01346	11606	1.0566	0	224262.622896184	5803	1300896.92735776	11606	3662362.29415105	16582	185447	22354	1272531	28189	3757111	16582	0.83936	22354	1.01246	28189	1.05683	16582	220938.57224552	22354	1256870.3948798	28189	3555076.02925731	33150	163609	38937	1237542	44740	3648900	33150	0.83967	38937	1.01217	44740	1.05635	33150	194849.166934629	38937	1222662.20101366	44740	3454252.85180101
2	120011	189120	125798	1316969	131601	3870624	120011	0.8404	125798	1.01309	131601	1.05718	120011	225035.697287006	125798	1299952.62020156	131601	3661272.44177907	136578	185782	142350	1271025	148153	3753302	136578	0.83998	142350	1.01377	148153	1.05735	136578	221174.313674135	142350	1253760.71495507	148153	3549725.25653757	153145	163988	158917	1233927	164720	3644688	153145	0.83979	158917	1.0126	164720	1.05723	153145	195272.62768073	158917	1218572.98044638	164720	3447393.66079283
3	240022	187618	245825	1313281	251612	3856399	240022	0.84043	245825	1.01401	251612	1.05803	240022	223240.484037933	245825	1295136.14264159	251612	3644886.25086245	256589	186432	262392	1266805	268195	3748027	256589	0.84041	262392	1.01357	268195	1.05716	256589	221834.580740353	262392	1249844.60866048	268195	3545373.45340346	273172	164027	278959	1231843	284747	3643867	273172	0.8399	278959	1.01303	284747	1.05865	273172	195293.487319919	278959	1215998.53903636	284747	3441994.0490247
4	360033	188142	365820	1309418	371639	3841761	360033	0.8406	365820	1.01386	371639	1.05733	360033	223818.700927909	365820	1291517.56652792	371639	3633455.0235026	376600	185819	382403	1263557	388222	3741581	376600	0.84058	382403	1.01362	388222	1.05783	376600	221060.458255014	382403	1246578.59947515	388222	3537034.30607943	393183	164931	398970	1231098	404773	3632537	393183	0.84047	398970	1.01387	404773	1.05743	393183	196236.62950492	398970	1214256.26559618	404773	3435250.56032078
5	480044	187515	485831	1306232	491634	3831438	480044	0.84102	485831	1.01463	491634	1.05856	480044	222961.404009417	485831	1287397.37638351	491634	3619481.18198307	496611	185152	502398	1264249	508186	3735495	496611	0.84124	502398	1.01436	508186	1.05779	496611	220094.146735771	502398	1246351.39398241	508186	3531414.55298311	513178	163730	518950	1230594	524753	3632222	513178	0.84135	518950	1.01492	524753	1.05852	513178	194603.910382124	518950	1212503.44854767	524753	3431415.56134981
6	600055	187274	605858	1303532	611661	3828001	600055	0.84128	605858	1.0146	611661	1.05892	600055	222606.02890833	605858	1284774.29528878	611661	3615004.9106637	616637	185600	622441	1264576	628244	3727632	616637	0.84135	622441	1.01467	628244	1.05771	616637	220597.848695549	622441	1246292.88340051	628244	3524247.66712993	633220	164046	638992	1230204	644795	3622325	633220	0.84165	638992	1.01363	644795	1.05878	633220	194909.998217787	638992	1213661.78980496	644795	3421225.37259865
7	720066	187230	725869	1300539	731672	3819627	720066	0.84147	725869	1.01562	731672	1.05956	720066	222503.476059753	725869	1280537.01187452	731672	3604918.07920269	736648	184811	742452	1263111	748255	3725276	736648	0.84144	742452	1.01425	748255	1.05917	736648	219636.575394562	742452	1245364.55508997	748255	3517165.32756781	753231	163729	759019	1228430	764822	3619850	753231	0.84198	759019	1.01458	764822	1.05828	753231	194457.112995558	759019	1210776.87318891	764822	3420503.0804702
8	840077	186760	845880	1296747	851683	3810047	840077	0.84214	845880	1.01494	851683	1.05961	840077	221768.352055478	845880	1277658.77785879	851683	3595706.9110333	856644	184582	862431	1259758	868235	3723285	856644	0.8416	862431	1.0155	868235	1.06065	856644	219322.718631179	862431	1240529.78828163	868235	3510380.42709659	873227	163080	879014	1225586	884817	3609363	873227	0.84189	879014	1.01511	884817	1.05925	873227	193707.016356056	879014	1207343.04656638	884817	3407470.37998584
9	960088	186254	965875	1291078	971678	3794837	960088	0.84167	965875	1.0146	971678	1.05899	960088	221291.0047881	965875	1272499.50719495	971678	3583449.32435623	976655	184787	982442	1255563	988230	3710712	976655	0.84203	982442	1.01475	988230	1.05906	976655	219454.176216999	982442	1237312.63858093	988230	3503778.82272959	993222	163225	999010	1228080	1004797	3599179	993222	0.84236	999010	1.01468	1004797	1.05805	993222	193771.071750795	999010	1210312.61087239	1004797	3401709.74906668
10	1080099	185539	1085902	1289357	1091705	3793576	1080099	0.84184	1085902	1.01479	1091705	1.05966	1080099	220396.987551079	1085902	1270565.33864149	1091705	3579993.58284733	1096666	184197	1102453	1257945	1108257	3710850	1096666	0.84179	1102453	1.01615	1108257	1.05996	1096666	218815.856686347	1102453	1237952.07400482	1108257	3500933.99750934	1113249	163757	1119036	1225837	1124839	3608415	1113249	0.84203	1119036	1.0151	1124839	1.06007	1113249	194478.819044452	1119036	1207602.20667914	1124839	3403940.30582886
11	1200110	160063	1205897	769599	1211700	3373480	1200110	0.8426	1205897	1.01484	1211700	1.05984	1200110	189963.209114645	1205897	758345.157857396	1211700	3183008.75603865	1216677	169228	1222480	810988	1228299	3509758	1216677	0.84253	1222480	1.016	1228299	1.05986	1216677	200856.942779486	1222480	798216.535433071	1228299	3311529.82469383	1233260	151919	1239047	807419	1244835	3447621	1233260	0.8427	1239047	1.01586	1244835	1.05979	1233260	180276.492227364	1239047	794813.261669915	1244835	3253117.12697799
12	1320121	158402	1325924	384765	1331711	3358661	1320121	0.84303	1325924	1.01564	1331711	1.05987	1320121	187896.041659253	1325924	378839.943286992	1331711	3168936.75639465	1336688	168658	1342475	388043	1348279	3504186	1336688	0.84244	1342475	1.01526	1348279	1.06	1336688	200201.794786572	1342475	382210.468254437	1348279	3305835.8490566	1353255	150584	1359043	383616	1364846	3421457	1353255	0.84176	1359043	1.01485	1364846	1.05906	1353255	178891.845656719	1359043	378002.660491698	1364846	3230654.54270768
13	1440132	157364	1445935	207686	1451738	3357543	1440132	0.8428	1445935	1.01643	1451738	1.06049	1440132	186715.70953963	1445935	204328.87655815	1451738	3166029.85412404	1456714	167678	1462502	204807	1468336	3495469	1456714	0.84253	1462502	1.01535	1468336	1.06033	1456714	199017.245676712	1462502	201710.740138868	1468336	3296585.96851923	1473297	150512	1479085	205823	1484888	3419044	1473297	0.84254	1479085	1.01589	1484888	1.06003	1473297	178640.776699029	1479085	202603.628345589	1484888	3225421.92202107
14	1560143	157481	1565946	119749	1571749	3351544	1560143	0.84254	1565946	1.01618	1571749	1.06051	1560143	186912.194079806	1565946	117842.311401523	1571749	3160313.43410246	1576725	167578	1582513	116644	1588332	3490270	1576725	0.84226	1582513	1.01614	1588332	1.05984	1576725	198962.315674495	1582513	114791.268919637	1588332	3293204.63466184	1593293	150788	1599080	121114	1604884	3422492	1593293	0.84247	1599080	1.01688	1604884	1.06081	1593293	178983.22788942	1599080	119103.532373535	1604884	3226300.65704509
15	1680154	157817	1685957	76687	1691760	3346313	1680154	0.84347	1685957	1.01602	1691760	1.06057	1680154	187104.461332353	1685957	75477.8449243125	1691760	3155202.39116701	1696736	167227	1702540	73614	1708343	3486583	1696736	0.8427	1702540	1.01654	1708343	1.06182	1696736	198441.912899015	1702540	72416.2354654022	1708343	3283591.38083668	1713319	150482	1719107	76763	1724910	3414230	1713319	0.84343	1719107	1.01663	1724910	1.06054	1713319	178416.703223741	1719107	75507.3133785153	1724910	3219331.66122919
16	1800165	156815	1805952	52937	1811755	3335671	1800165	0.84329	1805952	1.0174	1811755	1.06043	1800165	185956.195377628	1805952	52031.6493021427	1811755	3145583.39541507	1816732	166666	1822504	51289	1828307	3483248	1816732	0.84312	1822504	1.01664	1828307	1.0614	1816732	197677.673403549	1822504	50449.5199874095	1828307	3281748.63387978	1833284	149971	1839071	54062	1844859	3405563	1833284	0.84362	1839071	1.01731	1844859	1.06153	1833284	177770.797278395	1839071	53142.1100746085	1844859	3208164.63029778
17	1920176	156975	1925979	39882	1931782	3339380	1920176	0.84277	1925979	1.01645	1931782	1.06184	1920176	186260.782894503	1925979	39236.5586108515	1931782	3144899.41987493	1936759	166886	1942546	39412	1948365	3484348	1936759	0.84302	1942546	1.01686	1948365	1.06192	1936759	197962.08868117	1942546	38758.5311645654	1948365	3281177.48982974	1953341	150244	1959113	41924	1964917	3402937	1953341	0.84373	1959113	1.01741	1964917	1.06063	1953341	178071.183909545	1959113	41206.593212176	1964917	3208411.03872227
18	2040187	157321	2045974	32842	2051793	3336557	2040187	0.84351	2045974	1.01788	2051793	1.06198	2040187	186507.569560527	2045974	32265.1000117892	2051793	3141826.58807134	2056754	166947	2062542	32070	2068345	3470712	2056754	0.84424	2062542	1.01701	2068345	1.06078	2056754	197748.270633943	2062542	31533.6132388079	2068345	3271849.01676125	2073321	150411	2079109	34105	2084912	3399639	2073321	0.84396	2079109	1.01738	2084912	1.06082	2073321	178220.531778757	2079109	33522.3810179088	2084912	3204727.47497219
19	2160198	157007	2166001	28536	2171804	3330094	2160198	0.84398	2166001	1.01668	2171804	1.06087	2160198	186031.659517998	2166001	28067.8286186411	2171804	3139021.74630256	2176781	166585	2182553	28673	2188356	3466828	2176781	0.84383	2182553	1.01736	2188356	1.06119	2176781	197415.356173637	2182553	28183.7304395691	2188356	3266924.86736588	2193332	149959	2199120	30051	2204907	3397463	2193332	0.84404	2199120	1.01777	2204907	1.06179	2193332	177668.119994313	2199120	29526.317340853	2204907	3199750.4214581
20	2280209	157399	2286012	25568	2291815	3324755	2280209	0.84388	2286012	1.01745	2291815	1.06149	2280209	186518.225340096	2286012	25129.4903926483	2291815	3132158.56955789	2296792	167664	2302579	25874	2308398	3465646	2296792	0.8437	2302579	1.0165	2308398	1.06083	2296792	198724.665165343	2302579	25454.0088539105	2308398	3266919.29903943	2313374	149831	2319146	26685	2324965	3387751	2313374	0.84401	2319146	1.01669	2324965	1.06147	2313374	177522.778166135	2319146	26246.9385948519	2324965	3191565.47052672
21	2400220	156911	2406007	23806	2411826	3318778	2400220	0.84415	2406007	1.01822	2411826	1.06132	2400220	185880.471480187	2406007	23380.0161065389	2411826	3127028.60588701	2416787	166906	2422575	24065	2428378	3462733	2416787	0.8447	2422575	1.01781	2428378	1.06184	2416787	197592.044512845	2422575	23643.902103536	2428378	3261068.5225646	2433354	150031	2439126	25093	2444929	3389992	2433354	0.8438	2439126	1.01737	2444929	1.06218	2433354	177803.981986253	2439126	24664.5763095039	2444929	3191541.92321452
22	2520231	156690	2526018	22485	2531837	3318200	2520231	0.84469	2526018	1.01828	2531837	1.06213	2520231	185500.005919331	2526018	22081.3528695447	2531837	3124099.68647906	2536798	167031	2542601	22851	2548420	3459141	2536798	0.84406	2542601	1.01786	2548420	1.06185	2536798	197889.960429353	2542601	22450.0422454955	2548420	3257655.03602204	2553396	150159	2559184	23591	2564987	3382726	2553396	0.8444	2559184	1.01785	2564987	1.06192	2553396	177829.227854098	2559184	23177.2854546348	2564987	3185481.01551906
23	2640242	156419	2646029	21480	2651833	3316749	2640242	0.84414	2646029	1.01791	2651833	1.06234	2640242	185299.831781458	2646029	21102.0620683558	2651833	3122116.27162679	2656809	166965	2662581	21839	2668384	3451815	2656809	0.84475	2662581	1.0177	2668384	1.06241	2656809	197650.192364605	2662581	21459.1726441977	2668384	3249042.27181597	2673361	150289	2679148	22673	2684951	3382544	2673361	0.84441	2679148	1.01794	2684951	1.06306	2673361	177981.075543871	2679148	22273.4149360473	2684951	3181893.77833801
24	2760253	156097	2766056	20724	2771859	3305028	2760253	0.84495	2766056	1.01829	2771859	1.06236	2760253	184741.108941357	2766056	20351.7661962702	2771859	3111024.51146504	2776836	167102	2782608	21225	2788411	3447021	2776836	0.8449	2782608	1.01822	2788411	1.06298	2776836	197777.251745769	2782608	20845.2004478403	2788411	3242790.08071648	2793403	149758	2799190	21303	2804994	3378090	2793403	0.84451	2799190	1.01744	2804994	1.06335	2793403	177331.233496347	2799190	20937.844000629	2804994	3176837.35364649
25	2880264	155926	2886051	19723	2891855	3305644	2880264	0.84503	2886051	1.01805	2891855	1.06307	2880264	184521.259600251	2886051	19373.3117233928	2891855	3109526.18360033	2896831	167435	2902619	20258	2908406	3442433	2896831	0.84507	2902619	1.01811	2908406	1.06271	2896831	198131.515732425	2902619	19897.6534952019	2908406	3239296.70371033	2913383	149487	2919170	20953	2924973	3372642	2913383	0.84465	2919170	1.0185	2924973	1.06256	2913383	176980.998046528	2919170	20572.410407462	2924973	3174072.05240175
26	3000275	149561	3006062	19126	3011866	3186899	3000275	0.84504	3006062	1.01806	3011866	1.06294	3000275	176986.888194642	3006062	18786.7119816121	3011866	2998192.74841477	3016842	158498	3022630	19990	3028433	3316639	3016842	0.84401	3022630	1.01883	3028433	1.06224	3016842	187791.613843438	3022630	19620.545135106	3028433	3122306.6350354	3033409	142357	3039197	20062	3045000	3261474	3033409	0.84469	3039197	1.0181	3045000	1.06241	3033409	168531.650664741	3039197	19705.3334642962	3045000	3069882.6253518
27	3120286	149322	3126089	18585	3131892	3186854	3120286	0.84486	3126089	1.01943	3131892	1.06425	3120286	176741.708685463	3126089	18230.7760218946	3131892	2994459.94832041	3136869	158483	3142641	19315	3148444	3312842	3136869	0.84531	3142641	1.01949	3148444	1.0632	3136869	187485.064650838	3142641	18945.7473834957	3148444	3115916.10233258	3153436	141357	3159208	19226	3165011	3247402	3153436	0.84603	3159208	1.01908	3165011	1.06365	3153436	167082.727562852	3159208	18866.0360324999	3165011	3053073.84948056
28	3240296	149454	3246099	18165	3251902	3172416	3240296	0.84542	3246099	1.01903	3251902	1.06359	3240296	176780.771687445	3246099	17825.77549238	3251902	2982743.35035117	3256878	157680	3262682	18473	3268500	3306064	3256878	0.84536	3262682	1.01838	3268500	1.06272	3256878	186524.084413741	3262682	18139.5942575463	3268500	3110945.49834387	3273477	141532	3279280	18367	3285099	3236729	3273477	0.84475	3279280	1.01811	3285099	1.06267	3273477	167543.060076946	3279280	18040.290341908	3285099	3045845.84113601
29	3360307	148540	3366110	17751	3371929	3164402	3360307	0.84492	3366110	1.01868	3371929	1.06293	3360307	175803.626378829	3366110	17425.4918129344	3371929	2977055.87385811	3376905	158121	3382708	18101	3388527	3300977	3376905	0.84439	3382708	1.01913	3388527	1.06307	3376905	187260.626014046	3382708	17761.2277138344	3388527	3105136.06817989	3393503	142852	3399307	18073	3405125	3238498	3393503	0.84545	3399307	1.01982	3405125	1.06372	3393503	168965.639600213	3399307	17721.7548194779	3405125	3044502.31263866
30	3480318	148212	3486121	17388	3491940	3163755	3480318	0.84422	3486121	1.01864	3491940	1.06323	3480318	175560.872758286	3486121	17069.8185816383	3491940	2975607.34742248	3496916	158226	3502719	17679	3508538	3298197	3496916	0.84547	3502719	1.01929	3508538	1.06331	3496916	187145.611316782	3502719	17344.4260220349	3508538	3101820.72960849	3513514	142475	3519318	17617	3525136	3232309	3513514	0.84485	3519318	1.01912	3525136	1.06334	3513514	168639.403444398	3519318	17286.4824554518	3525136	3039769.97009423
31	3600329	140087	3606132	18592	3611951	3047963	3600329	0.84509	3606132	1.01866	3611951	1.06407	3600329	165765.776426179	3606132	18251.4283470442	3611951	2864438.42980255	3616911	147692	3622715	19162	3628518	3164584	3616911	0.84472	3622715	1.01938	3628518	1.06281	3616911	174841.367553746	3622715	18797.7005630874	3628518	2977563.2521335	3633494	133795	3639282	18113	3645085	3113873	3633494	0.845	3639282	1.01938	3645085	1.06294	3633494	158337.278106509	3639282	17768.6436853774	3645085	2929490.84614372
32	3720340	138560	3726158	20945	3731962	3014091	3720340	0.84576	3726158	1.01954	3731962	1.06351	3720340	163828.982217177	3726158	20543.5784765679	3731962	2834097.46969939	3736938	146010	3742757	20951	3748560	3142785	3736938	0.84525	3742757	1.01866	3748560	1.06335	3736938	172741.792369122	3742757	20567.2157540298	3748560	2955550.8534349	3753552	130170	3759355	20414	3765159	3076456	3753552	0.84584	3759355	1.01924	3765159	1.06289	3753552	153894.353542041	3759355	20028.648797143	3765159	2894425.57555344
33	3840351	137632	3846154	23334	3851973	2934361	3840351	0.84577	3846154	1.01852	3851973	1.06277	3840351	162729.820163874	3846154	22909.7121313278	3851973	2761049.8979083	3856949	142176	3862768	23798	3868571	3058535	3856949	0.84524	3862768	1.01947	3868571	1.06327	3856949	168207.846292177	3862768	23343.5020157533	3868571	2876536.53352394	3873548	118326	3879351	23143	3885154	3006121	3873548	0.84545	3879351	1.01965	3885154	1.06391	3873548	139956.236323851	3879351	22697.0038738783	3885154	2825540.69423166
34	3960362	133456	3966165	26556	3971968	2807299	3960362	0.84606	3966165	1.01963	3971968	1.06304	3960362	157738.221875517	3966165	26044.7417200357	3971968	2640821.60596026	3976944	134979	3982732	27373	3988551	2917430	3976944	0.84608	3982732	1.01937	3988551	1.06354	3976944	159534.559379728	3982732	26852.8600998656	3988551	2743131.42900126	3993527	90913	3999331	26880	4005134	2879869	3993527	0.84569	3999331	1.01981	4005134	1.06351	3993527	107501.566767965	3999331	26357.8509722399	4005134	2707890.85199011
35	4080373	128960	4086176	30494	4091995	2628025	4080373	0.84604	4086176	1.01972	4091995	1.06391	4080373	152427.781192379	4086176	29904.2874514573	4091995	2470157.25014334	4096955	118727	4102759	31657	4108578	2732480	4096955	0.84502	4102759	1.01971	4108578	1.06395	4096955	140501.999952664	4102759	31045.101058144	4108578	2568240.98876827	4113570	67944	4119373	31224	4125176	2704858	4113570	0.84564	4119373	1.01969	4125176	1.06432	4113570	80346.2466297715	4119373	30621.0711098471	4125176	2541395.44497895
36	4200384	122122	4206187	34578	4212006	2406406	4200384	0.84534	4206187	1.01956	4212006	1.06284	4200384	144464.949014598	4206187	33914.6298403233	4212006	2264128.1848632	4216982	102800	4222785	37729	4228604	2509495	4216982	0.8465	4222785	1.01974	4228604	1.06337	4216982	121441.228588305	4222785	36998.6467138682	4228604	2359945.26834498	4233581	53782	4239384	36821	4245187	2503606	4233581	0.84536	4239384	1.02018	4245187	1.06402	4233581	63620.2328002271	4239384	36092.6503166108	4245187	2352968.92915547
37	4320395	115303	4326198	39896	4332017	2189176	4320395	0.84578	4326198	1.01965	4332017	1.06467	4320395	136327.413748256	4326198	39127.1514735449	4332017	2056201.45209314	4337009	87698	4342812	44935	4348615	2284300	4337009	0.84597	4342812	1.02032	4348615	1.0641	4337009	103665.614619904	4342812	44040.1050650776	4348615	2146696.73902829	4353607	45234	4359410	43342	4365214	2300926	4353607	0.84589	4359410	1.01982	4365214	1.06435	4353607	53475.0381255246	4359410	42499.6568021808	4365214	2161813.3132898
38	4440406	106757	4446209	45919	4452012	1975262	4440406	0.84598	4446209	1.01988	4452012	1.06354	4440406	126193.290621528	4446209	45023.9243832608	4452012	1857252.19549805	4456989	76159	4462776	53511	4468595	2084585	4456989	0.84638	4462776	1.02035	4468595	1.06419	4456989	89982.0411635436	4462776	52443.7692948498	4468595	1958846.63452955	4473571	40215	4479359	51887	4485178	2107617	4473571	0.84563	4479359	1.01934	4485178	1.06355	4473571	47556.2598299493	4479359	50902.5447838798	4485178	1981681.16214564
39	4560417	98362	4566220	52759	4572039	1795950	4560417	0.84606	4566220	1.01998	4572039	1.06412	4560417	116258.894168262	4566220	51725.524029883	4572039	1687732.58655039	4577015	67312	4582834	63117	4588637	1911698	4577015	0.84638	4582834	1.02085	4588637	1.06465	4577015	79529.2894444576	4582834	61827.888524269	4588637	1795611.7033767	4593614	36274	4599417	60634	4605236	1945890	4593614	0.84648	4599417	1.02012	4605236	1.06442	4593614	42852.7549380966	4599417	59438.1053209427	4605236	1828122.35771594
40	4680428	92267	4686231	59948	4692034	1646264	4680428	0.84622	4686231	1.02069	4692034	1.0649	4680428	109034.293682494	4686231	58732.8179956696	4692034	1545932.95145084	4697011	60791	4702798	74061	4708617	1782269	4697011	0.84611	4702798	1.01923	4708617	1.06464	4697011	71847.6321045727	4702798	72663.6774820208	4708617	1674057.89750526	4713593	33453	4719397	70580	4725200	1815875	4713593	0.84621	4719397	1.02064	4725200	1.06434	4713593	39532.7400999752	4719397	69152.6885091707	4725200	1706104.25240055
41	4800439	87317	4806242	872109	4812061	1528052	4800439	0.84655	4806242	1.02089	4812061	1.06457	4800439	103144.527789262	4806242	854263.436805141	4812061	1435370.14945001	4817053	60524	4822856	895518	4828659	1693096	4817053	0.84606	4822856	1.02052	4828659	1.06562	4817053	71536.2976621043	4822856	877511.464743464	4828659	1588836.54586063	4833620	33999	4839439	917587	4845242	1726980	4833620	0.84715	4839439	1.02012	4845242	1.06504	4833620	40133.3884199965	4839439	899489.275771478	4845242	1621516.56275821
42	4920450	82557	4926269	897051	4932072	1444895	4920450	0.84616	4926269	1.02025	4932072	1.06457	4920450	97566.6540606977	4926269	879246.263170792	4932072	1357256.92063462	4937048	56942	4942851	932529	4948670	1620490	4937048	0.84603	4942851	1.02082	4948670	1.06494	4937048	67304.9419051334	4942851	913509.727473991	4948670	1521672.58249291	4953631	32593	4959450	931328	4965253	1679267	4953631	0.84713	4959450	1.02143	4965253	1.06547	4953631	38474.6142858829	4959450	911788.375121154	4965253	1576080.97834758
43	5040461	78808	5046248	905355	5052067	1391173	5040461	0.84693	5046248	1.02155	5052067	1.06478	5040461	93051.3737853187	5046248	886256.179335324	5052067	1306535.62238209	5057028	53706	5062816	940651	5068634	1580247	5057028	0.84651	5062816	1.02151	5068634	1.06506	5057028	63444.0231066378	5062816	920843.653023465	5068634	1483716.41034308	5073595	32072	5079383	933458	5085170	1654265	5073595	0.84658	5079383	1.02087	5085170	1.06468	5073595	37884.1928701363	5079383	914374.993877771	5085170	1553767.32915054
44	5160472	76630	5166244	905208	5172031	1359187	5160472	0.84747	5166244	1.02146	5172031	1.06575	5160472	90422.0798376344	5166244	886190.354982084	5172031	1275333.80248651	5177023	51388	5182811	940814	5188614	1569507	5177023	0.84704	5182811	1.02082	5188614	1.06524	5177023	60667.7370608236	5182811	921625.751846555	5188614	1473383.4628816	5193591	31795	5199378	935827	5205166	1665932	5193591	0.84713	5199378	1.02185	5205166	1.06497	5193591	37532.6101070674	5199378	915816.411410677	5205166	1564299.46383466
45	5280483	74682	5286270	907597	5292089	1342108	5280483	0.84659	5286270	1.02149	5292089	1.06457	5280483	88215.0745933687	5286270	888503.069046197	5292089	1260704.3219328	5297066	49966	5302853	944362	5308641	1581065	5297066	0.84722	5302853	1.02126	5308641	1.06518	5297066	58976.4169873232	5302853	924702.818087461	5308641	1484317.20460392	5313633	31334	5319420	934862	5325224	1698730	5313633	0.8471	5319420	1.02097	5325224	1.06444	5313633	36989.729665919	5319420	915660.59727514	5325224	1595890.79703882
46	5400494	73692	5406281	910496	5412085	1341894	5400494	0.84745	5406281	1.02173	5412085	1.06596	5400494	86957.3426160836	5406281	891131.707985476	5412085	1258859.61949792	5417077	48028	5422864	944195	5428667	1607770	5417077	0.84763	5422864	1.02084	5428667	1.0654	5417077	56661.5150478393	5422864	924919.673993966	5428667	1509076.40322883	5433644	30833	5439431	938731	5445250	1757412	5433644	0.84774	5439431	1.02132	5445250	1.06603	5433644	36370.821242362	5439431	919135.040927427	5445250	1648557.73289682
47	5520505	72204	5526277	911881	5532096	1342856	5520505	0.8469	5526277	1.02126	5532096	1.06441	5520505	85256.8189868934	5526277	892897.988758984	5532096	1261596.56523332	5537072	46785	5542860	944909	5548663	1651455	5537072	0.84574	5542860	1.01971	5548663	1.06419	5537072	55318.4193723839	5542860	926644.830392955	5548663	1551842.24621543	5553639	31130	5559427	935635	5565230	1821354	5553639	0.84629	5559427	1.01888	5565230	1.06399	5553639	36784.0811069492	5559427	918297.542399497	5565230	1711814.96066692
48	5640516	71979	5646319	910337	5652107	1354815	5640516	0.84687	5646319	1.01973	5652107	1.06377	5640516	84994.1549470403	5646319	892723.564080688	5652107	1273597.6761894	5657067	46233	5662871	945750	5668674	1708457	5657067	0.84641	5662871	1.02055	5668674	1.06438	5657067	54622.4642903557	5662871	926706.18783989	5668674	1605119.41223999	5673666	30923	5679438	939927	5685241	1912557	5673666	0.84709	5679438	1.0209	5685241	1.06478	5673666	36504.9758585274	5679438	920684.68997943	5685241	1796199.21486129
49	5760527	71963	5766314	909957	5772118	1376515	5760527	0.84739	5766314	1.02078	5772118	1.06515	5760527	84923.1168647258	5766314	891433.021806854	5772118	1292320.33046989	5777094	45979	5782882	945885	5788685	1780485	5777094	0.84767	5782882	1.02169	5788685	1.06509	5777094	54241.6270482617	5782882	925804.304632521	5788685	1671675.6330451	5793661	30935	5799449	940404	5805236	2015951	5793661	0.84644	5799449	1.02088	5805236	1.06529	5793661	36547.1858607816	5799449	921169.971005407	5805236	1892396.43665105
50	5880538	72322	5886325	909345	5892129	1399790	5880538	0.84666	5886325	1.02123	5892129	1.06507	5880538	85420.3576406113	5886325	890440.938867836	5892129	1314270.42354024	5897089	44892	5902893	945484	5908696	1866152	5897089	0.84776	5902893	1.02134	5908696	1.06555	5897089	52953.6661319241	5902893	925728.94432804	5908696	1751350.94552109	5913672	31006	5919460	941408	5925263	2124682	5913672	0.84758	5919460	1.02207	5925263	1.06534	5913672	36581.7975884282	5919460	921079.769487413	5925263	1994369.87252896
51	6000549	71849	6006336	911935	6012140	1424630	6000549	0.84816	6006336	1.02156	6012140	1.06683	6000549	84711.6110167893	6006336	892688.633070989	6012140	1335386.1439967	6017100	45189	6022888	947092	6028691	1953352	6017100	0.84807	6022888	1.02237	6028691	1.0667	6017100	53284.5166082988	6022888	926369.12272465	6028691	1831210.27467892	6033668	31699	6039440	940294	6045243	2229794	6033668	0.84781	6039440	1.02224	6045243	1.06576	6033668	37389.273540062	6039440	919836.828924714	6045243	2092210.25371566
52	6120560	72059	6126347	911450	6132151	1448829	6120560	0.84843	6126347	1.022	6132151	1.06618	6120560	84932.1688294851	6126347	891829.745596869	6132151	1358897.18434036	6137143	45663	6142930	945713	6148734	2044243	6137143	0.84772	6142930	1.02121	6148734	1.06632	6137143	53865.6631906762	6142930	926071.033381969	6148734	1917100.87028284	6153710	31332	6159482	941565	6165285	2334443	6153710	0.84764	6159482	1.02256	6165285	1.06589	6153710	36963.8053890803	6159482	920791.933969645	6165285	2190135.00455019
53	6240571	72186	6246358	912667	6252162	1473346	6240571	0.84769	6246358	1.022	6252162	1.06587	6240571	85156.1301891021	6246358	893020.547945206	6252162	1382294.27603742	6257138	44971	6262926	948873	6268745	2134518	6257138	0.84835	6262926	1.02243	6268745	1.0658	6257138	53009.9605115813	6262926	928056.688477451	6268745	2002737.84950272	6273721	31389	6279509	941021	6285296	2434931	6273721	0.84773	6279509	1.02145	6285296	1.0659	6273721	37027.1194837979	6279509	921259.973566988	6285296	2284389.71760953
54	6360582	72225	6366369	911951	6372173	1501186	6360582	0.84745	6366369	1.02063	6372173	1.0651	6360582	85226.2670364033	6366369	893517.729245662	6372173	1409431.97821801	6377149	44934	6382937	949090	6388756	2221861	6377149	0.84766	6382937	1.02091	6388756	1.0649	6377149	53009.4613406319	6382937	929650.997639361	6388756	2086450.37092685	6393732	32038	6399504	941371	6405307	2513903	6393732	0.84729	6399504	1.02072	6405307	1.06495	6393732	37812.3192767529	6399504	922261.73681323	6405307	2360583.12596836
55	6480593	72358	6486380	912394	6492184	1530307	6480593	0.84781	6486380	1.02167	6492184	1.06627	6480593	85346.9527370519	6486380	893041.784529251	6492184	1435196.52620818	6497160	45591	6502948	949315	6508767	2306755	6497160	0.84779	6502948	1.02192	6508767	1.06566	6497160	53776.2889394779	6502948	928952.364177235	6508767	2164625.6779836	6513743	31977	6519531	940563	6525334	2584966	6513743	0.8482	6519531	1.02196	6525334	1.06647	6513743	37699.8349445885	6519531	920352.068574112	6525334	2423852.52280889
56	6600604	73264	6606392	911510	6612195	1555607	6600604	0.84764	6606392	1.02145	6612195	1.0653	6600604	86432.9196356944	6606392	892368.691565911	6612195	1460252.51102976	6617171	46052	6622959	950429	6628778	2385536	6617171	0.84746	6622959	1.02206	6628778	1.06621	6617171	54341.207844618	6622959	929915.073479052	6628778	2237397.88596993	6633754	32539	6639526	939949	6645329	2634962	6633754	0.84768	6639526	1.02187	6645329	1.06522	6633754	38385.9475273688	6639526	919832.268292444	6645329	2473631.73804472
57	6720615	72486	6726403	913415	6732206	1577751	6720615	0.84714	6726403	1.02165	6732206	1.06523	6720615	85565.5499681281	6726403	894058.630646503	6732206	1481136.46818058	6737182	46394	6742970	949379	6748773	2455124	6737182	0.84811	6742970	1.02266	6748773	1.0666	6737182	54702.8097770336	6742970	928342.753212211	6748773	2301822.61391337	6753749	32612	6759521	942116	6765325	2679719	6753749	0.84795	6759521	1.02227	6765325	1.06608	6753749	38459.8148475736	6759521	921592.142975926	6765325	2513619.05297914
58	6840626	73703	6846414	913717	6852217	1600592	6840626	0.8482	6846414	1.02222	6852217	1.06581	6840626	86893.4213628861	6846414	893855.530120718	6852217	1501761.10188495	6857193	46377	6862981	948347	6868784	2509296	6857193	0.84768	6862981	1.02203	6868784	1.065	6857193	54710.5039637599	6862981	927905.247399783	6868784	2356146.47887324	6873760	32832	6879548	940957	6885336	2706088	6873760	0.84742	6879548	1.02118	6885336	1.06475	6873760	38743.4802105214	6879548	921440.882116767	6885336	2541524.30147922
59	6960637	74021	6966425	913480	6972228	1619562	6960637	0.84799	6966425	1.02194	6972228	1.066	6960637	87289.9444568922	6966425	893868.524570914	6972228	1519288.93058161	6977189	47134	6982976	948436	6988764	2561280	6977189	0.8479	6982976	1.02241	6988764	1.06556	6977189	55589.102488501	6982976	927647.421288915	6988764	2403693.83235106	6993756	33289	6999543	939358	7005347	2724647	6993756	0.84755	6999543	1.02182	7005347	1.06615	6993756	39276.7388354669	6999543	919298.898044665	7005347	2555594.42855133
60	7080648	74342	7086436	910647	7092254	1642636	7080648	0.84834	7086436	1.02272	7092254	1.06724	7080648	87632.3172312988	7086436	890416.731852315	7092254	1539143.96012143	7097215	47852	7102987	950382	7108790	2608386	7097215	0.84764	7102987	1.02184	7108790	1.06664	7097215	56453.2112689349	7102987	930069.286776795	7108790	2445423.01057526	7113767	33516	7119554	942807	7125358	2736504	7113767	0.84779	7119554	1.02208	7125358	1.06662	7113767	39533.375010321	7119554	922439.535065748	7125358	2565584.74433256
61	7200659	74861	7206462	914195	7212265	1659285	7200659	0.84839	7206462	1.0228	7212265	1.06594	7200659	88238.8995627011	7206462	893815.995307	7212265	1556640.14860123	7217257	48199	7223061	952574	7228864	2641005	7217257	0.84847	7223061	1.02237	7228864	1.0664	7217257	56806.9584074864	7223061	931731.173645549	7228864	2476561.32783196	7233840	34061	7239612	940789	7245415	2749148	7233840	0.84808	7239612	1.02254	7245415	1.06712	7233840	40162.4846712574	7239612	920051.049347703	7245415	2576231.35167554
62	7320670	75131	7326458	912894	7332261	1682782	7320670	0.84854	7326458	1.02246	7332261	1.06704	7320670	88541.4948028378	7326458	892840.79572795	7332261	1577056.15534563	7337237	48415	7343025	951225	7348828	2669430	7337237	0.84814	7343025	1.02253	7348828	1.06768	7337237	57083.7361756314	7343025	930266.104661966	7348828	2500215.42035067	7353820	33969	7359608	941864	7365395	2752542	7353820	0.84845	7359608	1.02215	7365395	1.06741	7353820	40036.5372149213	7359608	921453.798366189	7365395	2578711.08571214
63	7440681	75313	7446469	912675	7452287	1699759	7440681	0.84831	7446469	1.02252	7452287	1.06627	7440681	88780.0450307081	7446469	892574.228376951	7452287	1594116.87471278	7457264	49488	7463036	952796	7468839	2690160	7457264	0.84828	7463036	1.02281	7468839	1.0668	7457264	58339.2276135238	7463036	931547.403721121	7468839	2521709.78627672	7473815	34343	7479603	940480	7485406	2752744	7473815	0.84901	7479603	1.02264	7485406	1.06704	7473815	40450.6425130446	7479603	919658.922005789	7485406	2579794.57189984
64	7560692	75328	7566480	911971	7572283	1705155	7560692	0.84833	7566480	1.02216	7572283	1.06578	7560692	88795.6337745924	7566480	892199.851295296	7572283	1599912.7399651	7577275	49865	7583047	951431	7588850	2698899	7577275	0.84854	7583047	1.02195	7588850	1.06648	7577275	58765.6445188206	7583047	930995.645579529	7588850	2530660.67811867	7593826	34311	7599598	939472	7605402	2747715	7593826	0.84827	7599598	1.02258	7605402	1.06616	7593826	40448.2063493935	7599598	918727.14115277	7605402	2577206.98581826
65	7680703	76305	7686506	909864	7692309	1708224	7680703	0.84803	7686506	1.0219	7692309	1.06586	7680703	89979.1280968834	7686506	890365.006360701	7692309	1602672.02071567	7697270	50344	7703058	954924	7708861	2707437	7697270	0.84813	7703058	1.02234	7708861	1.06645	7697270	59358.8247084763	7703058	934057.162979048	7708861	2538737.86862957	7713853	34844	7719625	941050	7725428	2743319	7713853	0.8481	7719625	1.02207	7725428	1.06649	7713853	41084.7777384742	7719625	920729.499936404	7725428	2572287.59763336
66	7800714	76677	7806502	912481	7812305	1710920	7800714	0.8482	7806502	1.02201	7812305	1.06608	7800714	90399.6698891771	7806502	892829.815755227	7812305	1604870.17859823	7817281	51388	7823069	951342	7828872	2708239	7817281	0.84791	7823069	1.02311	7828872	1.06671	7817281	60605.4887900839	7823069	929853.094975125	7828872	2538870.92086884	7833848	35239	7839636	940739	7845439	2744375	7833848	0.84792	7839636	1.0225	7845439	1.06591	7833848	41559.3452212473	7839636	920038.141809291	7845439	2574677.97468829
67	7920725	76802	7926513	910798	7932316	1710310	7920725	0.84864	7926513	1.02243	7932316	1.06594	7920725	90500.0942684766	7926513	890816.975245249	7932316	1604508.69654952	7937292	51441	7943080	950914	7948883	2708018	7937292	0.84821	7943080	1.02236	7948883	1.06654	7937292	60646.5380035604	7943080	930116.592980946	7948883	2539068.38937124	7953875	35208	7959663	935545	7965450	2733475	7953875	0.84818	7959663	1.02219	7965450	1.0656	7953875	41510.0568275602	7959663	915235.915045148	7965450	2565198.01051051
68	8040736	77579	8046524	911220	8052327	1703642	8040736	0.84839	8046524	1.02222	8052327	1.06639	8040736	91442.6148351584	8046524	891412.807419147	8052327	1597578.7469875	8057303	52508	8063091	952172	8068910	2708776	8057303	0.84834	8063091	1.02347	8068910	1.06637	8057303	61894.9949312776	8063091	930336.99082533	8068910	2540183.98867185	8073886	35217	8079674	939150	8085477	2735012	8073886	0.84871	8079674	1.02321	8085477	1.06712	8073886	41494.7390745956	8079674	917846.776321576	8085477	2562984.48159532
69	8160747	77674	8166535	912481	8172338	1704162	8160747	0.84862	8166535	1.02292	8172338	1.06622	8160747	91529.7777568287	8166535	892035.545301686	8172338	1598321.17199077	8177314	53062	8183102	953134	8188889	2706014	8177314	0.84839	8183102	1.0232	8188889	1.06684	8177314	62544.348707552	8183102	931522.673964035	8188889	2536475.94765851	8193881	35665	8199669	940959	8205472	2734035	8193881	0.84876	8199669	1.02336	8205472	1.06679	8193881	42020.1234742448	8199669	919479.948405253	8205472	2562861.48164119
70	8280758	78725	8286561	911564	8292364	1698174	8280758	0.84855	8286561	1.02284	8292364	1.06676	8280758	92775.9118496258	8286561	891208.791208791	8292364	1591898.83385204	8297341	53922	8303113	952841	8308916	2706896	8297341	0.84868	8303113	1.02292	8308916	1.06691	8297341	63536.3152189282	8303113	931491.22120987	8308916	2537136.21580077	8313893	36116	8319680	939291	8325483	2734254	8313893	0.8481	8319680	1.02236	8325483	1.0668	8313893	42584.6008725386	8319680	918747.799209672	8325483	2563042.74465692
71	8400769	78366	8406557	910976	8412375	1688735	8400769	0.84801	8406557	1.02249	8412375	1.06587	8400769	92411.6460890792	8406557	890938.7866874	8412375	1584372.39062925	8417352	54736	8423139	952362	8428943	2696429	8417352	0.84804	8423139	1.02213	8428943	1.0661	8417352	64544.1252771096	8423139	931742.537641983	8428943	2529245.84935747	8433935	36081	8439707	936348	8445510	2725693	8433935	0.84819	8439707	1.02209	8445510	1.06654	8433935	42538.8179535246	8439707	916111.105675626	8445510	2555640.66982954
72	8520780	78624	8526568	910051	8532355	1682811	8520780	0.84852	8526568	1.02222	8532355	1.06637	8520780	92660.1612218922	8526568	890269.217976561	8532355	1578074.21439088	8537332	55133	8543119	953774	8548923	2698393	8537332	0.84872	8543119	1.02217	8548923	1.06617	8537332	64960.1753228391	8543119	933087.451206746	8548923	2530921.89800876	8553915	36593	8559687	938302	8565505	2724433	8553915	0.84832	8559687	1.02285	8565505	1.06716	8553915	43135.8449641645	8559687	917340.763552818	8565505	2552975.18647625
73	8640791	78763	8646563	910115	8652397	1670914	8640791	0.84881	8646563	1.02206	8652397	1.06609	8640791	92792.2621081278	8646563	890471.205213001	8652397	1567329.21235543	8657358	56184	8663146	954624	8668949	2691815	8657358	0.84845	8663146	1.02307	8668949	1.06681	8657358	66219.5768754788	8663146	933097.442012765	8668949	2523237.50246061	8673926	36846	8679713	938192	8685516	2721201	8673926	0.8482	8679713	1.02247	8685516	1.0676	8673926	43440.2263617071	8679713	917574.109753831	8685516	2548895.65380292
74	8760802	79613	8766590	908996	8772393	1664243	8760802	0.84876	8766590	1.02269	8772393	1.06709	8760802	93799.1894057213	8766590	888828.481749113	8772393	1559608.84274054	8777369	56909	8783157	951714	8788960	2687156	8777369	0.84833	8783157	1.02338	8788960	1.067	8777369	67083.5641790341	8783157	929971.271668393	8788960	2518421.74320525	8793937	37438	8799724	939103	8805527	2717964	8793937	0.84804	8799724	1.02259	8805527	1.06676	8793937	44146.5025234659	8799724	918357.308403172	8805527	2547868.31152274
75	8880813	80343	8886601	910914	8892388	1654377	8880813	0.8487	8886601	1.0227	8892388	1.06741	8880813	94665.9597030753	8886601	890695.218539161	8892388	1549898.35208589	8897380	57595	8903152	953276	8908940	2678543	8897380	0.84811	8903152	1.02288	8908940	1.06642	8897380	67909.8230182406	8903152	931952.917253246	8908940	2511714.89656983	8913916	36932	8919720	938187	8925538	2713256	8913916	0.84851	8919720	1.02304	8925538	1.06805	8913916	43525.7097736031	8919720	917057.984047545	8925538	2540382.94087355
76	9000824	80311	9006612	908069	9012415	1640644	9000824	0.84859	9006612	1.02303	9012415	1.06699	9000824	94640.5213353916	9006612	887626.951311301	9012415	1537637.65358626	9017391	58609	9023179	952770	9028982	2676483	9017391	0.84871	9023179	1.02324	9028982	1.06762	9017391	69056.5682035089	9023179	931130.526562683	9028982	2506962.21502033	9033974	37650	9039762	937791	9045565	2709822	9033974	0.84813	9039762	1.02233	9045565	1.06676	9033974	44391.7795620954	9039762	917307.523011161	9045565	2540235.85436274
77	9120835	80769	9126607	908944	9132426	1625509	9120835	0.84749	9126607	1.02297	9132426	1.06683	9120835	95303.7793956271	9126607	888534.36562167	9132426	1523681.37378964	9137402	59159	9143174	955956	9148978	2667579	9137402	0.84896	9143174	1.0234	9148978	1.06687	9137402	69684.0840557859	9143174	934098.104358022	9148978	2500378.67781454	9153970	37596	9159757	937039	9165560	2707486	9153970	0.84865	9159757	1.02273	9165560	1.06679	9153970	44300.9485653685	9159757	916213.467875197	9165560	2537974.67167859
78	9240846	81247	9246634	908413	9252437	1613732	9240846	0.84855	9246634	1.02312	9252437	1.06698	9240846	95748.0407754405	9246634	887885.096567363	9252437	1512429.47384206	9257429	59703	9263217	954342	9269004	2661167	9257429	0.84878	9263217	1.02313	9269004	1.06648	9257429	70339.7818044723	9263217	932767.097045341	9269004	2495280.73662891	9273981	37885	9279768	937941	9285571	2708832	9273981	0.84815	9279768	1.02301	9285571	1.06679	9273981	44667.8064021694	9279768	916844.410123068	9285571	2539236.40079116
79	9360857	81309	9366645	906640	9372448	1601622	9360857	0.84885	9366645	1.0223	9372448	1.06703	9360857	95787.2415621134	9366645	886862.956079429	9372448	1501009.34369231	9377424	60588	9383212	954522	9389015	2649043	9377424	0.84842	9383212	1.02279	9389015	1.0661	9377424	71412.7436882676	9383212	933253.160472824	9389015	2484797.86136385	9393992	38367	9399779	935966	9405582	2699259	9393992	0.84855	9399779	1.02245	9405582	1.06698	9393992	45214.7781509634	9399779	915414.934715634	9405582	2529812.18017208
80	9480868	81300	9486656	906811	9492459	1584627	9480868	0.84832	9486656	1.02242	9492459	1.06576	9480868	95836.4768012071	9486656	886926.11646877	9492459	1486851.63639093	9497451	61350	9503223	952430	9509026	2641916	9497451	0.84779	9503223	1.02237	9509026	1.06628	9497451	72364.6185965864	9503223	931590.324442228	9509026	2477694.41422516	9514003	38077	9519790	935794	9525593	2698162	9514003	0.84793	9519790	1.02299	9525593	1.06664	9514003	44905.8294906419	9519790	914763.585176786	9525593	2529590.11475287
81	9600879	81949	9606667	908812	9612470	1574509	9600879	0.84853	9606667	1.02208	9612470	1.06658	9600879	96577.6106914311	9606667	889178.929242329	9612470	1476222.13054811	9617431	62084	9623218	952379	9629022	2637074	9617431	0.84807	9623218	1.02166	9629022	1.06639	9617431	73206.221184572	9623218	932187.811992248	9629022	2472898.28299215	9633998	38564	9639786	935356	9645589	2690826	9633998	0.84847	9639786	1.02235	9645589	1.066	9633998	45451.223967848	9639786	914907.810436739	9645589	2524227.01688555
82	9720890	81880	9726678	906001	9732481	1561495	9720890	0.84857	9726678	1.02269	9732481	1.06744	9720890	96491.7449355976	9726678	885899.930575248	9732481	1462841.00277299	9737457	63134	9743245	951877	9749048	2628471	9737457	0.84882	9743245	1.02235	9749048	1.06686	9737457	74378.549044556	9743245	931067.638284345	9749048	2463745.00871717	9754025	38647	9759812	937653	9765615	2693599	9754025	0.84913	9759812	1.02362	9765615	1.06692	9754025	45513.6433761615	9759812	916016.685879526	9765615	2524649.45825366
83	9840901	82547	9846689	906483	9852492	1544940	9840901	0.84907	9846689	1.02303	9852492	1.06588	9840901	97220.4882989624	9846689	886076.654643559	9852492	1449450.21953691	9857468	63504	9863256	955212	9869044	2631164	9857468	0.8486	9863256	1.02278	9869044	1.06738	9857468	74833.8439783172	9863256	933936.917030056	9869044	2465067.73595158	9874036	38869	9879823	935600	9885626	2685574	9874036	0.84886	9879823	1.0229	9885626	1.06681	9874036	45789.6472916618	9879823	914654.413921205	9885626	2517387.3510747
84	9960912	82389	9966700	904617	9972503	1532144	9960912	0.84853	9966700	1.02213	9972503	1.06684	9960912	97096.1545260627	9966700	885031.258254821	9972503	1436151.62536088	9977479	64149	9983251	954297	9989055	2623492	9977479	0.84894	9983251	1.02322	9989055	1.06739	9977479	75563.6440737861	9983251	932641.074255781	9989055	2457857.01571122	9994031	39146	9999819	934532	10005622	2685381	9994031	0.8484	9999819	1.02306	10005622	1.06655	9994031	46140.9712399811	9999819	913467.440814811	10005622	2517820.0740706
85	10080923	83443	10086711	905438	10092514	1517195	10080923	0.84834	10086711	1.02371	10092514	1.06772	10080923	98360.327227291	10086711	884467.280772875	10092514	1420967.10748136	10097490	64297	10103278	953931	10109081	2614047	10097490	0.84898	10103278	1.02441	10109081	1.06702	10097490	75734.4107046102	10103278	931200.398278033	10109081	2449857.54718749	10114058	39153	10119845	936254	10125648	2683628	10114058	0.84971	10119845	1.02396	10125648	1.0677	10114058	46078.0736957315	10119845	914346.263525919	10125648	2513466.3294933
86	10200934	82873	10206722	906893	10212525	1503711	10200934	0.84836	10206722	1.02285	10212525	1.06684	10200934	97686.1238153614	10206722	886633.426211077	10212525	1409500.01874695	10217501	65360	10223289	951003	10229092	2604728	10217501	0.84917	10223289	1.02235	10229092	1.06702	10217501	76969.2758811545	10223289	930212.745145987	10229092	2441123.87771551	10234084	39701	10239856	934864	10245675	2679262	10234084	0.84909	10239856	1.023	10245675	1.06691	10234084	46757.1164423088	10239856	913845.552297165	10245675	2511235.24945872
87	10320945	84318	10326733	905805	10332536	1487859	10320945	0.84864	10326733	1.0236	10332536	1.06695	10320945	99356.6176470588	10326733	884920.867526378	10332536	1394497.39912836	10337512	66137	10343300	952323	10349103	2596809	10337512	0.84914	10343300	1.02332	10349103	1.06808	10337512	77887.0386508703	10343300	930620.920142282	10349103	2431286.98224852	10354095	39685	10359883	935530	10365686	2673886	10354095	0.8485	10359883	1.02321	10365686	1.06674	10354095	46770.7719505009	10359883	914308.890648059	10365686	2506595.79653899
88	10440956	83558	10446728	902223	10452547	1471257	10440956	0.8485	10446728	1.0233	10452547	1.06681	10440956	98477.3129051267	10446728	881679.859278804	10452547	1379118.11850283	10457523	66226	10463311	952444	10469114	2583325	10457523	0.84915	10463311	1.0236	10469114	1.06744	10457523	77990.9321085792	10463311	930484.564282923	10469114	2420112.60586075	10474106	39761	10479878	934136	10485682	2671087	10474106	0.8486	10479878	1.02308	10485682	1.06716	10474106	46854.8197030403	10479878	913062.517105212	10485682	2502986.43127554
89	10560967	84027	10566755	903219	10572558	1461471	10560967	0.84896	10566755	1.02292	10572558	1.06712	10560967	98976.3946475688	10566755	882981.073788762	10572558	1369547.00502287	10577534	67408	10583306	953260	10589125	2573007	10577534	0.84874	10583306	1.02342	10589125	1.06766	10577534	79421.2597497467	10583306	931445.545328409	10589125	2409949.79675177	10594117	40297	10599905	933333	10605693	2666476	10594117	0.84854	10599905	1.02346	10605693	1.06653	10594117	47489.8060197516	10599905	911938.913098705	10605693	2500141.58064002
90	10680978	84074	10686766	903902	10692569	1446664	10680978	0.84893	10686766	1.02355	10692569	1.06721	10680978	99035.256145972	10686766	883104.880074251	10692569	1355557.01314643	10697545	67244	10703333	950855	10709136	2559309	10697545	0.84904	10703333	1.02391	10709136	1.06702	10697545	79200.0376896259	10703333	928650.955650399	10709136	2398557.66527338	10714113	40058	10719900	933032	10725704	2666170	10714113	0.84932	10719900	1.02363	10725704	1.06703	10714113	47164.7906560543	10719900	911493.41070504	10725704	2498683.26101422
91	10800989	84396	10806777	902560	10812580	1429798	10800989	0.84884	10806777	1.02355	10812580	1.06676	10800989	99425.0977805004	10806777	881793.757022129	10812580	1340318.34714462	10817557	68308	10823344	950337	10829147	2545786	10817557	0.84915	10823344	1.02251	10829147	1.0672	10817557	80442.7957369134	10823344	929415.849233749	10829147	2385481.63418291	10834124	40841	10839927	930373	10845730	2658392	10834124	0.84897	10839927	1.02286	10845730	1.06711	10834124	48106.5290881892	10839927	909580.001173181	10845730	2491207.09205237
92	10921000	85121	10926788	902930	10932591	1415161	10921000	0.84897	10926788	1.02283	10932591	1.06686	10921000	100263.849134834	10926788	882776.218922011	10932591	1326473.01426616	10937568	69093	10943355	950521	10949158	2533001	10937568	0.84879	10943355	1.02301	10949158	1.06671	10937568	81401.7601526879	10943355	929141.455117741	10949158	2374591.96970123	10954135	40650	10959922	929969	10965726	2657217	10954135	0.84859	10959922	1.02267	10965726	1.06695	10954135	47902.9920220601	10959922	909353.946043201	10965726	2490479.40390834
93	11041011	85915	11046815	899953	11052618	1405076	11041011	0.8486	11046815	1.0224	11052618	1.06714	11041011	101243.224133868	11046815	880235.719874804	11052618	1316674.47570141	11057594	69806	11063382	947921	11069201	2520172	11057594	0.84849	11063382	1.02296	11069201	1.06655	11057594	82270.8576412215	11063382	926645.22561977	11069201	2362919.69434157	11074161	41424	11079949	929565	11085752	2653831	11074161	0.84824	11079949	1.02248	11085752	1.06725	11074161	48835.2353107611	11079949	909127.806900868	11085752	2486606.69946123
94	11161022	85615	11166810	900609	11172613	1389906	11161022	0.84953	11166810	1.02381	11172613	1.06798	11161022	100779.254411263	11166810	879664.195505025	11172613	1301434.48379183	11177590	71171	11183377	949790	11189180	2506706	11177590	0.84944	11183377	1.02362	11189180	1.06693	11177590	83785.788284046	11183377	927873.624978019	11189180	2349456.85283946	11194172	41355	11199944	930420	11205748	2655980	11194172	0.84935	11199944	1.02361	11205748	1.06771	11194172	48690.1748395832	11199944	908959.466984496	11205748	2487548.11699806
95	11281033	86165	11286821	899592	11292624	1378707	11281033	0.84952	11286821	1.02343	11292624	1.06723	11281033	101427.865147377	11286821	878997.097994001	11292624	1291855.55128698	11297616	70891	11303388	951311	11309207	2497417	11297616	0.8496	11303388	1.02337	11309207	1.06778	11297616	83440.4425612053	11303388	929586.562045008	11309207	2338887.22395999	11314183	41528	11319955	928417	11325759	2649462	11314183	0.84927	11319955	1.02312	11325759	1.06749	11314183	48898.4657411659	11319955	907437.055281883	11325759	2481954.86608774
96	11401044	86324	11406848	897513	11412651	1364164	11401044	0.8494	11406848	1.02286	11412651	1.0676	11401044	101629.385448552	11406848	877454.392585495	11412651	1277785.68752342	11417612	71610	11423384	947657	11429202	2481196	11417612	0.8496	11423384	1.02329	11429202	1.06816	11417612	84286.7231638418	11423384	926088.401137507	11429202	2322869.2330737	11434163	42062	11439951	926137	11445770	2643518	11434163	0.84957	11439951	1.02376	11445770	1.06711	11434163	49509.7519921843	11439951	904642.689692897	11445770	2477268.51027542
97	11521055	86217	11526843	900952	11532646	1351535	11521055	0.84887	11526843	1.02367	11532646	1.06818	11521055	101566.788789803	11526843	880119.569783231	11532646	1265268.96215994	11537623	72427	11543410	947954	11549229	2469153	11537623	0.84969	11543410	1.02405	11549229	1.06741	11537623	85239.3225764691	11543410	925691.128362873	11549229	2313218.91306995	11554205	42175	11559977	929406	11565781	2641341	11554205	0.85005	11559977	1.0239	11565781	1.0678	11554205	49614.7285453797	11559977	907711.690594785	11565781	2473628.95673347
98	11641066	86385	11646854	899953	11652657	1338575	11641066	0.84981	11646854	1.02354	11652657	1.06822	11641066	101652.134006425	11646854	879255.329542568	11652657	1253089.25127783	11657649	72877	11663421	949676	11669224	2453597	11657649	0.84861	11663421	1.02442	11669224	1.06741	11657649	85878.08298276	11663421	927037.738427598	11669224	2298645.31904329	11674201	42416	11679988	929900	11685792	2639028	11674201	0.84961	11679988	1.02337	11685792	1.06758	11674201	49924.0828144678	11679988	908664.510392136	11685792	2471972.12386894
99	11761077	86694	11766865	898363	11772684	1325197	11761077	0.84873	11766865	1.02245	11772684	1.06673	11761077	102145.558658231	11766865	878637.586190034	11772684	1242298.42603095	11777660	73907	11783463	946558	11789267	2437822	11777660	0.84884	11783463	1.02258	11789267	1.06748	11777660	87068.234296216	11783463	925656.672338594	11789267	2283716.7909469	11794243	42449	11800031	926501	11805849	2631162	11794243	0.84865	11800031	1.02287	11805849	1.06784	11794243	50019.4426441996	11800031	905785.681464898	11805849	2464003.9706323
100	11881088	86184	11886876	896065	11892679	1308217	11881088	0.84845	11886876	1.02334	11892679	1.06636	11881088	101578.171960634	11886876	875627.846072664	11892679	1226806.14426648	11897656	73243	11903443	946828	11909262	2420392	11897656	0.84832	11903443	1.02328	11909262	1.06696	11897656	86338.8815541305	11903443	925287.311390822	11909262	2268493.66424233	11914238	42694	11920010	926005	11925814	2626527	11914238	0.84861	11920010	1.02291	11925814	1.06687	11914238	50310.5077715323	11920010	905265.370364939	11925814	2461899.76285771
101	12001099	87021	12006887	897357	12012690	1299126	12001099	0.84825	12006887	1.0217	12012690	1.06633	12001099	102588.859416446	12006887	878297.934814525	12012690	1218315.15572102	12017667	73994	12023454	944547	12029257	2410207	12017667	0.84857	12023454	1.02295	12029257	1.06605	12017667	87198.4632970763	12023454	923355.980253189	12029257	2260876.13151353	12034234	42895	12040021	923769	12045825	2624434	12034234	0.84836	12040021	1.02221	12045825	1.06592	12034234	50562.2613041633	12040021	903697.870300623	12045825	2462130.36625638
102	12121110	87054	12126898	897242	12132701	1286488	12121110	0.84889	12126898	1.0219	12132701	1.06655	12121110	102550.389331951	12126898	878013.504256777	12132701	1206214.42970325	12137678	74755	12143465	945084	12149268	2396152	12137678	0.84857	12143465	1.022	12149268	1.06666	12137678	88095.2661536467	12143465	924739.726027397	12149268	2246406.54004088	12154245	43171	12160032	925195	12165836	2622976	12154245	0.84839	12160032	1.02239	12165836	1.06604	12154245	50885.7954478483	12160032	904933.538082337	12165836	2460485.53525196
103	12241121	87608	12246893	895079	12252697	1274595	12241121	0.84814	12246893	1.02142	12252697	1.06609	12241121	103294.267455845	12246893	876308.47251865	12252697	1195579.17249013	12257673	74937	12263461	944348	12269279	2376580	12257673	0.84796	12263461	1.02229	12269279	1.06683	12257673	88373.2723241662	12263461	923757.446517133	12269279	2227702.63303432	12274256	43232	12280043	924025	12285862	2616951	12274256	0.84795	12280043	1.02204	12285862	1.06727	12274256	50984.1382156967	12280043	904098.66541427	12285862	2452004.64737133
104	12361132	87928	12366920	894325	12372723	1260596	12361132	0.84825	12366920	1.02236	12372723	1.06549	12361132	103658.11965812	12366920	874765.249031652	12372723	1183113.87249059	12377700	76140	12383487	944395	12389290	2363194	12377700	0.84825	12383487	1.02171	12389290	1.06595	12377700	89761.2732095491	12383487	924327.842538489	12389290	2216983.91106525	12394267	44062	12400054	922026	12405858	2608218	12394267	0.84762	12400054	1.02199	12405858	1.06609	12394267	51983.2000188764	12400054	902186.909852347	12405858	2446527.02867488
105	12481143	88006	12486931	892787	12492734	1251191	12481143	0.84834	12486931	1.02213	12492734	1.06549	12481143	103739.066883561	12486931	873457.388003483	12492734	1174286.94778928	12497711	76456	12503498	943391	12509286	2342678	12497711	0.84815	12503498	1.02111	12509286	1.06536	12497711	90144.4319990568	12503498	923887.730019293	12509286	2198954.34407149	12514262	44293	12520034	921391	12525838	2607664	12514262	0.84778	12520034	1.02227	12525838	1.06659	12514262	52245.8656726981	12520034	901318.634020366	12525838	2444860.72436456
106	12601154	88268	12606942	894691	12612745	1239871	12601154	0.84888	12606942	1.02204	12612745	1.06605	12601154	103981.717086043	12606942	875397.244726234	12612745	1163051.45162047	12617722	76855	12623509	944395	12629297	2328899	12617722	0.8477	12623509	1.02294	12629297	1.06626	12617722	90662.9703904683	12623509	923216.415430035	12629297	2184175.52942059	12634273	44613	12640061	922479	12645864	2608725	12634273	0.84832	12640061	1.02189	12645864	1.06659	12634273	52589.8245944926	12640061	902718.492205619	12645864	2445855.48336287
107	12721165	88419	12726953	895306	12732756	1229465	12721165	0.84826	12726953	1.02197	12732756	1.06573	12721165	104235.729611204	12726953	876058.984118908	12732756	1153636.4745292	12737733	76306	12743520	941904	12749323	2312992	12737733	0.84761	12743520	1.02142	12749323	1.06564	12737733	90024.8935241444	12743520	922151.514558164	12749323	2170519.12465748	12754316	44499	12760103	922107	12765922	2599372	12754316	0.84794	12760103	1.02217	12765922	1.06614	12754316	52478.9489822393	12760103	902107.281567645	12765922	2438115.06931547
108	12841176	88687	12846964	893228	12852767	1219862	12841176	0.84799	12846964	1.02217	12852767	1.06611	12841176	104584.959728299	12846964	873854.642574131	12852767	1144217.7636454	12857744	77753	12863531	944594	12869335	2294696	12857744	0.84878	12863531	1.02227	12869335	1.06565	12857744	91605.5986239073	12863531	924016.160114256	12869335	2153329.89255384	12874311	45202	12880114	920740	12885917	2595549	12874311	0.84805	12880114	1.02285	12885917	1.06611	12874311	53301.102529332	12880114	900171.090580242	12885917	2434597.74319723
109	12961187	88562	12966975	891557	12972778	1206896	12961187	0.84847	12966975	1.023	12972778	1.06646	12961187	104378.469480359	12966975	871512.218963832	12972778	1131684.26382612	12977755	78519	12983542	941814	12989346	2281959	12977755	0.84826	12983542	1.02205	12989346	1.06623	12977755	92564.7796666116	12983542	921495.034489506	12989346	2140212.71207901	12994322	45362	13000110	921994	13005913	2593490	12994322	0.84852	13000110	1.02197	13005913	1.06718	12994322	53460.1423655306	13000110	902173.253618012	13005913	2430227.32809835
110	13081198	88956	13086986	893613	13092789	1197734	13081198	0.84762	13086986	1.02256	13092789	1.06595	13081198	104947.971968571	13086986	873897.864184009	13092789	1123630.56428538	13097766	78429	13103538	944366	13109341	2267035	13097766	0.84803	13103538	1.02237	13109341	1.06572	13097766	92483.7564708796	13103538	923702.769056213	13109341	2127233.23199339	13114333	45545	13120121	919732	13125939	2586925	13114333	0.84862	13120121	1.02241	13125939	1.06553	13114333	53669.4869317245	13120121	899572.578515468	13125939	2427829.34314379
111	13201209	89384	13206997	892667	13212816	1185551	13201209	0.84731	13206997	1.02234	13212816	1.06592	13201209	105491.496618711	13206997	873160.592366532	13212816	1112232.62533774	13217792	78653	13223580	941013	13229399	2244986	13217792	0.84804	13223580	1.02212	13229399	1.06631	13217792	92746.8043960191	13223580	920648.260478222	13229399	2105378.36088942	13234375	46438	13240147	919182	13245966	2583799	13234375	0.84782	13240147	1.02187	13245966	1.06597	13234375	54773.4188860843	13240147	899509.72237173	13245966	2423894.6687055
112	13321220	89961	13326993	893399	13332811	1180486	13321220	0.84773	13326993	1.02187	13332811	1.0661	13321220	106119.873072794	13326993	874278.528579956	13332811	1107293.87487103	13337788	80127	13343575	944525	13349363	2232502	13337788	0.8478	13343575	1.02226	13349363	1.0665	13337788	94511.6772823779	13343575	923957.701563203	13349363	2093297.70276606	13354355	46253	13360143	921092	13365946	2576611	13354355	0.84794	13360143	1.0223	13365946	1.0654	13354355	54547.4915677996	13360143	900999.706544067	13365946	2418444.71559977
113	13441232	90027	13447019	890316	13452822	1169199	13441232	0.84783	13447019	1.02205	13452822	1.06548	13441232	106185.202222144	13447019	871108.067120004	13452822	1097344.85865525	13457799	79778	13463586	942873	13469390	2213241	13457799	0.8484	13463586	1.02219	13469390	1.06646	13457799	94033.474776049	13463586	922404.8366742	13469390	2075315.52988392	13474382	46390	13480169	919005	13485972	2578903	13474382	0.84772	13480169	1.02151	13485972	1.06704	13474382	54723.2576794225	13480169	899653.454200155	13485972	2416875.65602039
114	13561243	89859	13567030	890906	13572849	1163819	13561243	0.84797	13567030	1.02209	13572849	1.06679	13561243	105969.550809581	13567030	871651.224451859	13572849	1090954.17092399	13577825	80632	13583613	944653	13589401	2196973	13577825	0.84831	13583613	1.02253	13589401	1.06655	13577825	95050.1585505299	13583613	923838.909371852	13589401	2059887.48769397	13594393	47194	13600180	918893	13605983	2571457	13594393	0.84814	13600180	1.02287	13605983	1.06608	13594393	55644.1153583135	13600180	898347.78613118	13605983	2412067.57466607
115	13681254	89710	13687041	891216	13692844	1153472	13681254	0.84864	13687041	1.02289	13692844	1.06668	13681254	105710.312971342	13687041	871272.570853171	13692844	1081366.48291896	13697821	80352	13703593	940873	13709396	2178822	13697821	0.84848	13703593	1.02259	13709396	1.06633	13697821	94701.1125777862	13703593	920088.207394948	13709396	2043290.53857624	13714388	47592	13720160	919490	13725979	2570674	13714388	0.84924	13720160	1.02309	13725979	1.06641	13714388	56040.6952098347	13720160	898738.136429835	13725979	2410586.92247822
116	13801265	90375	13807068	891343	13812871	1145800	13801265	0.8487	13807068	1.02244	13812871	1.06716	13801265	106486.390950866	13807068	871780.251163883	13812871	1073690.91795045	13817847	81835	13823666	943123	13829469	2161760	13817847	0.84824	13823666	1.02334	13829469	1.0668	13817847	96476.2331415637	13823666	921612.562784608	13829469	2026396.70041245	13834446	47420	13840233	918410	13846037	2565269	13834446	0.84891	13840233	1.02317	13846037	1.06717	13834446	55859.8673593196	13840233	897612.322487954	13846037	2403805.39183073
117	13921276	90424	13927079	890241	13932882	1136238	13921276	0.84865	13927079	1.02322	13932882	1.06766	13921276	106550.40358216	13927079	870038.701354548	13932882	1064232.05889515	13937858	81249	13943630	941408	13949434	2142413	13937858	0.849	13943630	1.02397	13949434	1.06708	13937858	95699.6466431095	13943630	919370.684688028	13949434	2007734.19050118	13954410	47828	13960198	917305	13966001	2560432	13954410	0.84861	13960198	1.02402	13966001	1.06737	13954410	56360.4011265481	13960198	895788.16819984	13966001	2398823.27590245
118	14041287	90149	14047074	892446	14052877	1126390	14041287	0.84856	14047074	1.02366	14052877	1.06728	14041287	106237.626095974	14047074	871818.767950296	14052877	1055383.77932689	14057854	81827	14063641	942317	14069429	2131524	14057854	0.84941	14063641	1.02342	14069429	1.0679	14057854	96333.9259015081	14063641	920752.965546892	14069429	1995995.87976402	14074405	47999	14080193	916909	14085996	2558780	14074405	0.84911	14080193	1.02371	14085996	1.06726	14074405	56528.6005346775	14080193	895672.602592531	14085996	2397522.62803815
119	14161298	90413	14167085	890613	14172904	1120361	14161298	0.84864	14167085	1.02257	14172904	1.06737	14161298	106538.697209653	14167085	870955.533606501	14172904	1049646.32695317	14177865	82319	14183652	942067	14189440	2107456	14177865	0.84917	14183652	1.02274	14189440	1.06696	14177865	96940.5419409541	14183652	921120.714942214	14189440	1975196.82087426	14194432	48648	14200204	917276	14206007	2556844	14194432	0.8492	14200204	1.0236	14206007	1.06741	14194432	57286.8582195007	14200204	896127.393513091	14206007	2395371.97515481
120	14281309	91337	14287112	891090	14292915	1113375	14281309	0.8495	14287112	1.0227	14292915	1.06726	14281309	107518.540317834	14287112	871311.234966266	14292915	1043208.77761745	14297891	82301	14303695	941894	14309513	2091737	14297891	0.84841	14303695	1.02332	14309513	1.06739	14297891	97006.164472366	14303695	920429.582144393	14309513	1959674.53320717	14314505	49101	14320277	914201	14326081	2548323	14314505	0.84902	14320277	1.02323	14326081	1.06788	14314505	57832.559892582	14320277	893446.243757513	14326081	2386338.35262389
121	14401320	90855	14407107	889072	14412926	1104160	14401320	0.84861	14407107	1.0229	14412926	1.06737	14401320	107063.31530385	14407107	869168.051617949	14412926	1034467.89772993	14417902	82476	14423690	939992	14429493	2075077	14417902	0.84846	14423690	1.02265	14429493	1.06639	14417902	97206.7039106145	14423690	919172.737495722	14429493	1945889.40256379	14434470	49133	14440273	913926	14446076	2545973	14434470	0.84871	14440273	1.02341	14446076	1.06655	14434470	57891.388106656	14440273	893020.392609023	14446076	2387110.77774132
122	14521331	91242	14527118	890725	14532937	1098287	14521331	0.84854	14527118	1.02348	14532937	1.06717	14521331	107528.224951092	14527118	870290.577246258	14532937	1029158.42836661	14537913	83885	14543701	939280	14549520	2054818	14537913	0.84879	14543701	1.02266	14549520	1.06704	14537913	98828.9211701363	14543701	918467.525863924	14549520	1925717.87374419	14554496	50244	14560284	914103	14566087	2537467	14554496	0.84883	14560284	1.02258	14566087	1.06648	14554496	59192.0643709577	14560284	893918.32423869	14566087	2379291.6885455
123	14641342	91610	14647129	888145	14652932	1090176	14641342	0.84849	14647129	1.02274	14652932	1.06721	14641342	107968.273049771	14647129	868397.637718286	14652932	1021519.66342144	14657909	83413	14663696	940968	14669484	2039535	14657909	0.84779	14663696	1.02327	14669484	1.06755	14657909	98388.7519314925	14663696	919569.61505761	14669484	1910481.9446396	14674476	50405	14680264	915101	14686067	2533542	14674476	0.84926	14680264	1.02298	14686067	1.06598	14674476	59351.6708664013	14680264	894544.370368922	14686067	2376725.64213212
124	14761353	91163	14767140	889492	14772943	1082646	14761353	0.84904	14767140	1.02261	14772943	1.06708	14761353	107371.855271836	14767140	869825.251073234	14772943	1014587.47235446	14777920	84055	14783707	940873	14789511	2022449	14777920	0.84917	14783707	1.02248	14789511	1.0677	14777920	98984.8911289848	14783707	920187.191925514	14789511	1894210.9206706	14794503	50781	14800290	915101	14806078	2529759	14794503	0.84961	14800290	1.02362	14806078	1.06665	14794503	59769.7767210838	14800290	893985.07258553	14806078	2371686.12009563
125	14881364	92562	14887151	889064	14892954	1075009	14881364	0.84915	14887151	1.02357	14892954	1.06642	14881364	109005.4760643	14887151	868591.30298856	14892954	1008054.04999906	14897931	84252	14903718	941513	14909522	2003755	14897931	0.84899	14903718	1.02336	14909522	1.06681	14897931	99237.9179966784	14903718	920021.302376485	14909522	1878267.92024822	14914514	50684	14920301	912268	14926105	2524479	14914514	0.84978	14920301	1.02308	14926105	1.06723	14914514	59643.672479936	14920301	891687.844547836	14926105	2365449.80931945
126	15001375	91901	15007162	887807	15012981	1068492	15001375	0.8488	15007162	1.02245	15012981	1.06764	15001375	108271.677662582	15007162	868313.364956722	15012981	1000798.0218051	15017957	85079	15023729	941461	15029533	1983355	15017957	0.84932	15023729	1.02333	15029533	1.06688	15017957	100173.079640183	15023729	919997.459275112	15029533	1859023.50779844	15034509	51361	15040312	911379	15046100	2516289	15034509	0.84881	15040312	1.02305	15046100	1.06707	15034509	60509.4190690496	15040312	890845.022237427	15046100	2358129.26986983
127	15121386	92117	15127173	889986	15132976	1063338	15121386	0.84914	15127173	1.0238	15132976	1.06672	15121386	108482.700143675	15127173	869296.737644071	15132976	996829.533523324	15137968	85573	15143740	937914	15149544	1967199	15137968	0.84906	15143740	1.02308	15149544	1.06679	15137968	100785.574635479	15143740	916755.287954021	15149544	1844035.84585532	15154536	52052	15160323	916071	15166127	2518465	15154536	0.84922	15160323	1.02393	15166127	1.06773	15154536	61293.8932196604	15160323	894661.744455187	15166127	2358709.59886863
128	15241397	93188	15247184	888296	15252987	1056449	15241397	0.84964	15247184	1.02265	15252987	1.06688	15241397	109679.393625536	15247184	868621.718085366	15252987	990222.892921416	15257964	85280	15263752	938291	15269555	1950642	15257964	0.84878	15263752	1.02325	15269555	1.06799	15257964	100473.620961851	15263752	916971.41461031	15269555	1826460.92191874	15274547	52265	15280334	913347	15286138	2511662	15274547	0.84897	15280334	1.02376	15286138	1.06683	15274547	61562.834964722	15280334	892149.527232945	15286138	2354322.61934891
129	15361408	92100	15367195	888737	15372999	1050341	15361408	0.84994	15367195	1.02417	15372999	1.0679	15361408	108360.590159305	15367195	867763.164318424	15372999	983557.449199363	15377975	85916	15383763	936796	15389566	1932009	15377975	0.84924	15383763	1.02359	15389566	1.06764	15377975	101168.103245255	15383763	915206.283765961	15389566	1809607.1709565	15394558	52714	15400345	911954	15406149	2507951	15394558	0.84928	15400345	1.02341	15406149	1.0674	15394558	62069.0467219292	15400345	891093.501138352	15406149	2349588.72025482
130	15481419	92792	15487206	886968	15493010	1040935	15481419	0.84948	15487206	1.02322	15493010	1.06697	15481419	109233.884258605	15487206	866839.975762788	15493010	975599.126498402	15497986	86797	15503774	937999	15509577	1912116	15497986	0.84951	15503774	1.02319	15509577	1.06701	15497986	102173.017386493	15503774	916739.803946481	15509577	1792031.9397194	15514569	52946	15520356	912903	15526160	2505406	15514569	0.84901	15520356	1.02356	15526160	1.0681	15514569	62362.0452055924	15520356	891890.069951932	15526160	2345666.13612958
131	15601430	92494	15607217	888245	15613021	1039966	15601430	0.84943	15607217	1.02355	15613021	1.06738	15601430	108889.490599579	15607217	867808.118802208	15613021	974316.550806648	15617997	86663	15623800	938529	15629603	1900668	15617997	0.84897	15623800	1.02328	15629603	1.06815	15617997	102080.167732664	15623800	917177.116722696	15629603	1779401.76941441	15634595	53699	15640383	911258	15646186	2501615	15634595	0.84983	15640383	1.02408	15646186	1.0683	15634595	63187.9317039879	15640383	889830.872588079	15646186	2341678.36749977
132	15721441	93630	15727228	887354	15733032	1033131	15721441	0.84999	15727228	1.02388	15733032	1.06757	15721441	110154.237108672	15727228	866658.202133062	15733032	967740.757046376	15738008	86640	15743796	937490	15749599	1877378	15738008	0.84974	15743796	1.02298	15749599	1.06804	15738008	101960.599712853	15743796	916430.428747385	15749599	1757778.73487884	15754591	53865	15760378	912407	15766182	2497657	15754591	0.84994	15760378	1.02399	15766182	1.0677	15754591	63375.0617690661	15760378	891031.162413695	15766182	2339287.25297368
133	15841452	93425	15847239	888437	15853043	1027401	15841452	0.84955	15847239	1.02384	15853043	1.06811	15841452	109969.984109234	15847239	867749.843725582	15853043	961886.884309669	15858019	87584	15863807	938478	15869625	1862206	15858019	0.84987	15863807	1.02427	15869625	1.06795	15858019	103055.761469401	15863807	916240.834936101	15869625	1743720.21162039	15874586	54555	15880374	910081	15886177	2487920	15874586	0.85005	15880374	1.02353	15886177	1.06755	15874586	64178.5777307217	15880374	889159.08669018	15886177	2330495.05877945
134	15961463	93401	15967250	887722	15973054	1020880	15961463	0.84941	15967250	1.02338	15973054	1.06761	15961463	109959.854487232	15967250	867441.224178702	15973054	956229.33468214	15978014	87899	15983818	937522	15989605	1843541	15978014	0.84968	15983818	1.02329	15989605	1.06778	15978014	103449.53394219	15983818	916184.072941199	15989605	1726517.63471876	15994597	54815	16000385	909651	16006172	2485436	15994597	0.8499	16000385	1.02351	16006172	1.06841	15994597	64495.8230380045	16000385	888756.338482282	16006172	2326294.2128958
135	16081474	92906	16087261	885891	16093080	1017415	16081474	0.84947	16087261	1.02341	16093080	1.06817	16081474	109369.371490459	16087261	865626.67943444	16093080	952484.155143844	16098057	87811	16103860	937506	16109663	1828583	16098057	0.84974	16103860	1.0228	16109663	1.06838	16098057	103338.668298538	16103860	916607.352366054	16109663	1711547.38950561	16114671	55775	16120458	909176	16126277	2478643	16114671	0.84957	16120458	1.02417	16126277	1.06802	16114671	65650.85866968	16120458	887719.812140563	16126277	2320783.31866445
136	16201485	93545	16207272	886478	16213091	1013607	16201485	0.85005	16207272	1.0235	16213091	1.06828	16201485	110046.467854832	16207272	866124.084025403	16213091	948821.470026585	16218052	87882	16223840	935310	16229643	1811635	16218052	0.84959	16223840	1.02359	16229643	1.06809	16218052	103440.483056533	16223840	913754.530622613	16229643	1696144.51965658	16234619	55586	16240407	911697	16246194	2473726	16234619	0.84903	16240407	1.02326	16246194	1.06781	16234619	65470.0069491066	16240407	890972.968746946	16246194	2316634.9818788
137	16321496	93820	16327283	888468	16333087	1006421	16321496	0.84949	16327283	1.02366	16333087	1.06732	16321496	110442.736229973	16327283	867932.712033292	16333087	942942.135442042	16338063	88724	16343835	934843	16349638	1792326	16338063	0.84918	16343835	1.02431	16349638	1.06754	16338063	104481.97084246	16343835	912656.324745439	16349638	1678931.00024355	16354615	56313	16360402	908215	16366205	2466176	16354615	0.84952	16360402	1.02361	16366205	1.06832	16354615	66288.0214709483	16360402	887266.634753471	16366205	2308461.88407968
138	16441507	94055	16447310	886585	16453113	999478	16441507	0.84959	16447310	1.02321	16453113	1.06729	16441507	110706.340705517	16447310	866474.135319241	16453113	936463.379212773	16458090	88886	16463877	934405	16469680	1777473	16458090	0.84928	16463877	1.02325	16469680	1.06758	16458090	104660.418236624	16463877	913173.711214268	16469680	1664955.31950767	16474641	56173	16480429	909715	16486232	2463184	16474641	0.84908	16480429	1.02294	16486232	1.06896	16474641	66157.4881047722	16480429	889314.133771287	16486232	2304280.79628798
139	16561518	94029	16567305	888183	16573124	997210	16561518	0.84933	16567305	1.02328	16573124	1.06762	16561518	110709.618169616	16567305	867976.506918927	16573124	934049.568198423	16578101	88986	16583888	935738	16589707	1761813	16578101	0.8497	16583888	1.02362	16589707	1.06818	16578101	104726.374014358	16583888	914145.874445595	16589707	1649359.65848453	16594668	57615	16600518	907876	16606321	2453497	16594668	0.8488	16600518	1.02285	16606321	1.06722	16594668	67878.1809613572	16600518	887594.466441805	16606321	2298960.85155825
140	16681529	94605	16687301	887984	16693104	992847	16681529	0.84997	16687301	1.02376	16693104	1.06821	16681529	111303.928373943	16687301	867375.166054544	16693104	929449.265593844	16698080	89147	16703868	935722	16709671	1744782	16698080	0.84974	16703868	1.02404	16709671	1.06776	16698080	104910.913926613	16703868	913755.322057732	16709671	1634058.21532929	16714648	57800	16720435	908165	16726238	2454420	16714648	0.84976	16720435	1.02415	16726238	1.06847	16714648	68019.2054227076	16720435	886749.987794757	16726238	2297135.1558771
141	16801540	93614	16807327	886484	16813131	987622	16801540	0.84942	16807327	1.0241	16813131	1.06816	16801540	110209.319300228	16807327	865622.497802949	16813131	924601.18334332	16818107	89447	16823895	934228	16829682	1729500	16818107	0.8495	16823895	1.02459	16829682	1.06797	16818107	105293.702177752	16823895	911806.673889068	16829682	1619427.51200876	16834659	58026	16840446	907176	16846249	2444050	16834659	0.85049	16840446	1.02336	16846249	1.06869	16834659	68226.5517525191	16840446	886468.105065666	16846249	2286958.8000262
142	16921551	94963	16927338	884222	16933157	984269	16921551	0.84929	16927338	1.02373	16933157	1.06738	16921551	111814.574526958	16927338	863725.787072763	16933157	922135.509378103	16938134	89955	16943906	935136	16949693	1715622	16938134	0.8496	16943906	1.02378	16949693	1.06756	16938134	105879.237288136	16943906	913414.991502081	16949693	1607049.72085878	16954685	58350	16960473	906961	16966276	2438017	16954685	0.84924	16960473	1.02373	16966276	1.06744	16954685	68708.4922989967	16960473	885937.698416575	16966276	2283985.04833995
143	17041562	94821	17047349	885648	17053168	979777	17041562	0.84909	17047349	1.02398	17053168	1.06836	17041562	111673.674168816	17047349	864907.517724956	17053168	917085.064959377	17058145	90560	17063932	936853	17069735	1698528	17058145	0.85031	17063932	1.02399	17069735	1.0682	17058145	106502.334442733	17063932	914904.442426196	17069735	1590084.25388504	17074712	58887	17080531	908081	17086350	2432505	17074712	0.84948	17080531	1.02447	17086350	1.06846	17074712	69321.2318124029	17080531	886391.01193788	17086350	2276645.82670385
144	17161573	94853	17167360	886762	17173164	976087	17161573	0.84997	17167360	1.02436	17173164	1.06834	17161573	111595.703377766	17167360	865674.177047132	17173164	913648.276765824	17178140	90282	17183928	937170	17189731	1679381	17178140	0.85	17183928	1.02428	17189731	1.06858	17178140	106214.117647059	17183928	914954.895145859	17189731	1571600.62887196	17194707	59724	17200495	909680	17206298	2430771	17194707	0.85028	17200495	1.0244	17206298	1.06837	17194707	70240.3914004798	17200495	888012.495119094	17206298	2275214.57921881
145	17281584	94884	17287371	884893	17293175	972485	17281584	0.84962	17287371	1.0243	17293175	1.06844	17281584	111678.162001836	17287371	863900.224543591	17293175	910191.494140991	17298151	90889	17303939	932432	17309726	1665693	17298151	0.84951	17303939	1.02386	17309726	1.06846	17298151	106989.911831526	17303939	910702.635125896	17309726	1558966.17561724	17314718	59763	17320506	908501	17326309	2420740	17314718	0.85008	17320506	1.02445	17326309	1.06864	17314718	70302.7950310559	17320506	886818.292742447	17326309	2265253.031891
146	17401595	95402	17407382	887292	17413201	967848	17401595	0.8493	17407382	1.02474	17413201	1.06891	17401595	112330.154244672	17407382	865870.367117513	17413201	905453.218699423	17418178	90833	17423950	936121	17429753	1651410	17418178	0.85026	17423950	1.02447	17429753	1.06913	17418178	106829.675628631	17423950	913761.261920798	17429753	1544629.74568107	17434729	60529	17440517	906916	17446320	2415024	17434729	0.84977	17440517	1.02423	17446320	1.06826	17434729	71229.8621980065	17440517	885461.273346807	17446320	2260708.06732443
147	17521606	95174	17527393	886269	17533197	963710	17521606	0.84977	17527393	1.02451	17533197	1.06796	17521606	111999.717570637	17527393	865066.226781583	17533197	902383.984418892	17538189	91521	17543976	933735	17549764	1635838	17538189	0.85024	17543976	1.02412	17549764	1.06785	17538189	107641.371847949	17543976	911743.740967855	17549764	1531898.67490752	17554756	60883	17560544	906901	17566331	2410385	17554756	0.85035	17560544	1.02459	17566331	1.06835	17554756	71597.5774681014	17560544	885135.517621683	17566331	2256175.41068002
148	17641617	95808	17647404	888029	17653208	959729	17641617	0.85009	17647404	1.02435	17653208	1.06808	17641617	112703.360820619	17647404	866919.509933128	17653208	898555.351659052	17658184	91169	17663972	935876	17669775	1622154	17658184	0.84994	17663972	1.02376	17669775	1.06762	17658184	107265.218721322	17663972	914155.66148316	17669775	1519411.4010603	17674751	61285	17680555	907612	17686358	2406022	17674751	0.84954	17680555	1.02394	17686358	1.06831	17674751	72139.0399510323	17680555	886391.780768404	17686358	2252175.86655559
149	17761628	95441	17767416	888047	17773234	956832	17761628	0.84981	17767416	1.02429	17773234	1.06718	17761628	112308.633694591	17767416	866987.864764862	17773234	896598.511966116	17778211	91631	17783983	935172	17789786	1608009	17778211	0.85003	17783983	1.02404	17789786	1.06852	17778211	107797.371857464	17783983	913218.233662748	17789786	1504893.68472279	17794778	61753	17800550	905414	17806353	2395254	17794778	0.84954	17800550	1.02363	17806353	1.06769	17794778	72689.9263130636	17800550	884512.958783936	17806353	2243398.36469387
150	17881639	95483	17887427	885192	17893230	952693	17881639	0.84948	17887427	1.02445	17893230	1.06798	17881639	112401.704572209	17887427	864065.596173557	17893230	892051.349276204	17898191	92132	17903978	932853	17909781	1591991	17898191	0.84895	17903978	1.02289	17909781	1.06815	17898191	108524.648094705	17903978	911977.827527887	17909781	1490418.94864953	17914773	62097	17920577	905471	17926364	2389091	17914773	0.84908	17920577	1.02285	17926364	1.06777	17914773	73134.4514062279	17920577	885243.193039058	17926364	2237458.44142465
151	18001650	95342	18007438	885747	18013256	948574	18001650	0.84978	18007438	1.02396	18013256	1.06808	18001650	112196.097813552	18007438	865021.094574007	18013256	888111.377424912	18018233	92037	18024020	934572	18029839	1577841	18018233	0.85015	18024020	1.024	18029839	1.06786	18018233	108259.71887314	18024020	912667.96875	18029839	1477572.90281498	18034816	62465	18040603	905011	18046438	2384316	18034816	0.8501	18040603	1.02414	18046438	1.06801	18034816	73479.5906363957	18040603	883678.989200695	18046438	2232484.7145626
152	18121661	95900	18127449	885667	18133252	946077	18121661	0.85071	18127449	1.02458	18133252	1.0684	18121661	112729.367234428	18127449	864419.567042105	18133252	885508.2366155	18138244	92631	18144031	936292	18149835	1562760	18138244	0.85039	18144031	1.02429	18149835	1.06877	18138244	108927.66848152	18144031	914088.78345	18149835	1462204.21606145	18154811	62869	18160599	905883	18166417	2380373	18154811	0.85109	18160599	1.02501	18166417	1.06918	18154811	73868.8035342913	18160599	883779.67044224	18166417	2226353.84126153
153																																																						
154																																																						
155																																																						
156																																																						
157																																																						
158																																																						
159																																																						
160																																																						
161																																																						
162																																																						
163																																																						
164																																																						
165																																																						
166																																																						
167																																																						
168																																																						
169																																																						
170																																																						
171																																																						
172																																																						
173																																																						
174																																																						
175																																																						
176																																																						
177																																																						
178																																																						
179																																																						
180																																																						
181																																																						
182																																																						
183																																																						
184																																																						
185																																																						
186																																																						
187																																																						
188																																																						
189																																																						
190																																																						
191																																																						
192																																																						
193																																																						
194																																																						
195																																																						
196																																																						
197																																																						
198																																																						
199																																																						
200																																																						
201																																																						
202																																																						
203																																																						
204																																																						
205																																																						
206																																																						
207																																																						
208																																																						
209																																																						
210																																																						
211																																																						
212																																																						
213																																																						
214																																																						
215																																																						
216																																																						
217																																																						
218																																																						
219																																																						
220																																																						
221																																																						
222																																																						
223																																																						
224																																																						
225																																																						
226																																																						
227																																																						
228																																																						
229																																																						
230																																																						
231																																																						
232																																																						
233																																																						
234																																																						
235																																																						
236																																																						
237																																																						
238																																																						
239																																																						
240																																																						
241																																																						
242																																																						
243																																																						
244																																																						
245																																																						
246																																																						
247																																																						
248																																																						
249																																																						
250																																																						
251																																																						
252																																																						
253																																																						
254																																																						
255																																																						
256																																																						
257																																																						
258																																																						
259																																																						
260																																																						
261																																																						
262																																																						
263																																																						
264																																																						
265																																																						
266																																																						
267																																																						
268																																																						
269																																																						
270																																																						
271																																																						
272																																																						
273																																																						
274																																																						
275																																																						
276																																																						
277																																																						
278																																																						
279																																																						
280																																																						
281																																																						
282																																																						
283																																																						
284																																																						
285																																																						
286																																																						
287																																																						
288																																																						
289																																																						
290																																																						
291																																																						
292																																																						
293																																																						
294																																																						
295																																																						
296																																																						
297																																																						
298																																																						
299																																																						
300																																																						
301																																																						