HJY Multigroup Import
Application Version:	3.5.1.20
SystemConfiguration::	FL3-11_1602C-0213-FL
Experiment Time Stamp:	9/19/2025 10:23 AM
Export Time Stamp:	9/19/2025 3:02 PM
Experiment Comment:	None

Integration Time:	1
Time Sequence Interval Points:	301
Time Sequence Experiment Duration:	10:00:00	36000000 (ms)
Repetition Time Sequence Enabled:	False
Repetition Time Sequence Count:	2
Repetition Time Sequence Delay:	0 seconds
Time Sequence Interval Total Points:	301
Time Sequence Experiment Duration Total:	10:00:00	36000000 (ms)

Mono Count:	2
Mono Description:	Excitation 1 (Mono1)	Emission 1 (Mono2)
Mono Slit Width:		5	5
Mono Grating Index:		0	0
Mono Grating Value:		1200	1200

Mono Wavelength Group Count:	3
Mono Wavelength Group Description:	Group 1:(Excitation 1:596 Emission 1:615)	Group 2:(Excitation 1:549 Emission 1:565)	Group 3:(Excitation 1:495 Emission 1:520)

Detector Count:	3
Detector Description:	S1 (SCD1)	R (SCD2)	S1/R (SCD1/SCD2)
Detector High Voltage:	950	None	None

Accessory Sequential Type:	Temperature Controller
Accessory Sequential Description:	Temperature Control (TC1)
Accessory Sequential Scan Position Count:	1
Accessory Sequential Scan Positions:		37

Accessory Interleave Type:	Sample Changer
Accessory Interleave Description:	Sample Changer - 4 Position (SCH1)
Accessory Interleave Scan Position Count:	3
Accessory Interleave Scan Positions:	1	2	3

Axis	X	Y	X	Y	X	Y	X	Y	X	Y	X	Y	X	Y	X	Y	X	Y	X	Y	X	Y	X	Y	X	Y	X	Y	X	Y	X	Y	X	Y	X	Y	X	Y	X	Y	X	Y	X	Y	X	Y	X	Y	X	Y	X	Y	X	Y
Sequential: Temperature Controller	Idx:0(Pos:37.00)	Idx:0(Pos:37.00)	Idx:0(Pos:37.00)	Idx:0(Pos:37.00)	Idx:0(Pos:37.00)	Idx:0(Pos:37.00)	Idx:0(Pos:37.00)	Idx:0(Pos:37.00)	Idx:0(Pos:37.00)	Idx:0(Pos:37.00)	Idx:0(Pos:37.00)	Idx:0(Pos:37.00)	Idx:0(Pos:37.00)	Idx:0(Pos:37.00)	Idx:0(Pos:37.00)	Idx:0(Pos:37.00)	Idx:0(Pos:37.00)	Idx:0(Pos:37.00)	Idx:0(Pos:37.00)	Idx:0(Pos:37.00)	Idx:0(Pos:37.00)	Idx:0(Pos:37.00)	Idx:0(Pos:37.00)	Idx:0(Pos:37.00)	Idx:0(Pos:37.00)	Idx:0(Pos:37.00)	Idx:0(Pos:37.00)	Idx:0(Pos:37.00)	Idx:0(Pos:37.00)	Idx:0(Pos:37.00)	Idx:0(Pos:37.00)	Idx:0(Pos:37.00)	Idx:0(Pos:37.00)	Idx:0(Pos:37.00)	Idx:0(Pos:37.00)	Idx:0(Pos:37.00)	Idx:0(Pos:37.00)	Idx:0(Pos:37.00)	Idx:0(Pos:37.00)	Idx:0(Pos:37.00)	Idx:0(Pos:37.00)	Idx:0(Pos:37.00)	Idx:0(Pos:37.00)	Idx:0(Pos:37.00)	Idx:0(Pos:37.00)	Idx:0(Pos:37.00)	Idx:0(Pos:37.00)	Idx:0(Pos:37.00)	Idx:0(Pos:37.00)	Idx:0(Pos:37.00)	Idx:0(Pos:37.00)	Idx:0(Pos:37.00)	Idx:0(Pos:37.00)	Idx:0(Pos:37.00)
Interleave: Sample Changer	Idx:0(Pos:1)	Idx:0(Pos:1)	Idx:0(Pos:1)	Idx:0(Pos:1)	Idx:0(Pos:1)	Idx:0(Pos:1)	Idx:0(Pos:1)	Idx:0(Pos:1)	Idx:0(Pos:1)	Idx:0(Pos:1)	Idx:0(Pos:1)	Idx:0(Pos:1)	Idx:0(Pos:1)	Idx:0(Pos:1)	Idx:0(Pos:1)	Idx:0(Pos:1)	Idx:0(Pos:1)	Idx:0(Pos:1)	Idx:1(Pos:2)	Idx:1(Pos:2)	Idx:1(Pos:2)	Idx:1(Pos:2)	Idx:1(Pos:2)	Idx:1(Pos:2)	Idx:1(Pos:2)	Idx:1(Pos:2)	Idx:1(Pos:2)	Idx:1(Pos:2)	Idx:1(Pos:2)	Idx:1(Pos:2)	Idx:1(Pos:2)	Idx:1(Pos:2)	Idx:1(Pos:2)	Idx:1(Pos:2)	Idx:1(Pos:2)	Idx:1(Pos:2)	Idx:2(Pos:3)	Idx:2(Pos:3)	Idx:2(Pos:3)	Idx:2(Pos:3)	Idx:2(Pos:3)	Idx:2(Pos:3)	Idx:2(Pos:3)	Idx:2(Pos:3)	Idx:2(Pos:3)	Idx:2(Pos:3)	Idx:2(Pos:3)	Idx:2(Pos:3)	Idx:2(Pos:3)	Idx:2(Pos:3)	Idx:2(Pos:3)	Idx:2(Pos:3)	Idx:2(Pos:3)	Idx:2(Pos:3)
Detector	S1 (SCD1)	S1 (SCD1)	S1 (SCD1)	S1 (SCD1)	S1 (SCD1)	S1 (SCD1)	R (SCD2)	R (SCD2)	R (SCD2)	R (SCD2)	R (SCD2)	R (SCD2)	S1/R (SCD1/SCD2)	S1/R (SCD1/SCD2)	S1/R (SCD1/SCD2)	S1/R (SCD1/SCD2)	S1/R (SCD1/SCD2)	S1/R (SCD1/SCD2)	S1 (SCD1)	S1 (SCD1)	S1 (SCD1)	S1 (SCD1)	S1 (SCD1)	S1 (SCD1)	R (SCD2)	R (SCD2)	R (SCD2)	R (SCD2)	R (SCD2)	R (SCD2)	S1/R (SCD1/SCD2)	S1/R (SCD1/SCD2)	S1/R (SCD1/SCD2)	S1/R (SCD1/SCD2)	S1/R (SCD1/SCD2)	S1/R (SCD1/SCD2)	S1 (SCD1)	S1 (SCD1)	S1 (SCD1)	S1 (SCD1)	S1 (SCD1)	S1 (SCD1)	R (SCD2)	R (SCD2)	R (SCD2)	R (SCD2)	R (SCD2)	R (SCD2)	S1/R (SCD1/SCD2)	S1/R (SCD1/SCD2)	S1/R (SCD1/SCD2)	S1/R (SCD1/SCD2)	S1/R (SCD1/SCD2)	S1/R (SCD1/SCD2)
WL Group	1	1	2	2	3	3	1	1	2	2	3	3	1	1	2	2	3	3	1	1	2	2	3	3	1	1	2	2	3	3	1	1	2	2	3	3	1	1	2	2	3	3	1	1	2	2	3	3	1	1	2	2	3	3
Units	(ms)	CPS	(ms)	CPS	(ms)	CPS	(ms)	MicroAmps	(ms)	MicroAmps	(ms)	MicroAmps	(ms)	CPS	(ms)	CPS	(ms)	CPS	(ms)	CPS	(ms)	CPS	(ms)	CPS	(ms)	MicroAmps	(ms)	MicroAmps	(ms)	MicroAmps	(ms)	CPS	(ms)	CPS	(ms)	CPS	(ms)	CPS	(ms)	CPS	(ms)	CPS	(ms)	MicroAmps	(ms)	MicroAmps	(ms)	MicroAmps	(ms)	CPS	(ms)	CPS	(ms)	CPS
1	0	103178	5787	1166925	11590	3515855	0	0.83983	5787	1.00869	11590	1.05513	0	122855.816058012	5787	1156871.78419534	11590	3332153.38394321	16551	99088	22339	1129625	28142	3391133	16551	0.83947	22339	1.00806	28142	1.05567	16551	118036.380096966	22339	1120593.02025673	28142	3212304.03440469	33118	94831	38906	1130796	44709	3422819	33118	0.83916	38906	1.0082	44709	1.05493	33118	113007.054673721	38906	1121598.8891093	44709	3244593.48013612
2	120011	103349	125798	1082138	131601	3456940	120011	0.8392	125798	1.00721	131601	1.05563	120011	123151.811248808	125798	1074391.63630226	131601	3274764.83237498	136562	99364	142350	1048580	148153	3336951	136562	0.83957	142350	1.00804	148153	1.05556	136562	118351.060662006	142350	1040216.65806912	148153	3161308.68922657	153129	94661	158917	1057559	164720	3371886	153129	0.83989	158917	1.0086	164720	1.05568	153129	112706.425841479	158917	1048541.5427325	164720	3194041.7550773
3	240022	103444	245809	1069165	251628	3440064	240022	0.83986	245809	1.00855	251628	1.05572	240022	123168.147072131	245809	1060101.13529324	251628	3258500.35994392	256604	99853	262392	1032298	268211	3327817	256604	0.83979	262392	1.0077	268211	1.05513	256604	118902.344633778	262392	1024410.04267143	268211	3153940.2727626	273172	95145	278959	1045495	284747	3360580	273172	0.83969	278959	1.00801	284747	1.05589	273172	113309.673808191	278959	1037187.13108005	284747	3182698.95538361
4	360033	103679	365820	1064142	371623	3440566	360033	0.84033	365820	1.00882	371623	1.05695	360033	123378.910666048	365820	1054838.32596499	371623	3255183.3104688	376600	99207	382387	1027458	388175	3314536	376600	0.84031	382387	1.00882	388175	1.05576	376600	118060.001666052	382387	1018475.05005848	388175	3139478.66939456	393167	96028	398939	1044262	404867	3358584	393167	0.84008	398939	1.00866	404867	1.05632	393167	114308.161127512	398939	1035296.33374973	404867	3179513.78370191
5	480044	103424	485847	1063777	491650	3429000	480044	0.83971	485847	1.00908	491650	1.05653	480044	123166.331233402	485847	1054204.82023229	491650	3245530.17898214	496626	99432	502414	1027168	508217	3311773	496626	0.83991	502414	1.00829	508217	1.05573	496626	118384.112583491	502414	1018722.78808676	508217	3136950.73551003	513194	96053	518981	1040605	524784	3349198	513194	0.84069	518981	1.00939	524784	1.05673	513194	114254.957237507	518981	1030924.6178385	524784	3169398.0486974
6	600055	103403	605858	1059370	611661	3422626	600055	0.84121	605858	1.00907	611661	1.0563	600055	122921.743678748	605858	1049847.87973084	611661	3240202.59396005	616622	99087	622409	1024668	628213	3305941	616622	0.83974	622409	1.00966	628213	1.05684	616622	117997.237240098	622409	1014864.40980132	628213	3128137.6556527	633189	95810	638977	1037068	644780	3340451	633189	0.84015	638977	1.00912	644780	1.05694	633189	114039.159673868	638977	1027695.41778976	644780	3160492.55397657
7	720066	103438	725869	1061512	731672	3416624	720066	0.83946	725869	1.00885	731672	1.05621	720066	123219.688847593	725869	1052200.02973683	731672	3234796.11062194	736648	99475	742420	1024581	748224	3298010	736648	0.84042	742420	1.00858	748224	1.05555	736648	118363.437328955	742420	1015864.8793353	748224	3124446.97077353	753200	95661	758972	1034981	764775	3333828	753200	0.83964	758972	1.00853	764775	1.05571	753200	113930.970415893	758972	1026227.28129059	764775	3157901.31759669
8	840077	103584	845880	1060808	851683	3416167	840077	0.84068	845880	1.00915	851683	1.05674	840077	123214.540609982	845880	1051189.61502254	851683	3232741.26085887	856644	99611	862416	1019862	868235	3292938	856644	0.84037	862416	1.00853	868235	1.05578	856644	118532.31314778	862416	1011236.15559279	868235	3118962.28380913	873211	96327	878999	1037363	884786	3333439	873211	0.8404	878999	1.00899	884786	1.05646	873211	114620.418848168	878999	1028120.19940733	884786	3155291.25570301
9	960088	103422	965891	1058770	971694	3411907	960088	0.83977	965891	1.00867	971694	1.05545	960088	123155.149624302	965891	1049669.36659165	971694	3232656.21298972	976670	99163	982458	1019968	988277	3291522	976670	0.83951	982458	1.00866	988277	1.0562	976670	118120.093864278	982458	1011210.91348918	988277	3116381.36716531	993253	95846	999025	1034780	1004828	3324329	993253	0.83955	999025	1.00953	1004828	1.05574	993253	114163.539991662	999025	1025011.63907957	1004828	3148814.10195692
10	1080099	103215	1085902	1056310	1091705	3400334	1080099	0.84003	1085902	1.009	1091705	1.05581	1080099	122870.611763866	1085902	1046888.00792864	1091705	3220592.72028111	1096681	99139	1102469	1020032	1108288	3284651	1096681	0.84046	1102469	1.0086	1108288	1.0568	1096681	117958.022987412	1102469	1011334.52310133	1108288	3108110.333081	1113249	96036	1119036	1033966	1124839	3316228	1113249	0.83972	1119036	1.00849	1124839	1.05564	1113249	114366.693659791	1119036	1025261.52961358	1124839	3141438.36914099
11	1200110	103308	1205913	1059254	1211716	3404108	1200110	0.8404	1205913	1.0094	1211716	1.05583	1200110	122927.177534507	1205913	1049389.73647712	1211716	3224106.15345273	1216692	99678	1222480	1020146	1228283	3279659	1216692	0.84056	1222480	1.00864	1228283	1.05495	1216692	118585.228895022	1222480	1011407.43972081	1228283	3108828.85444808	1233260	96225	1239047	1033986	1244850	3318323	1233260	0.84033	1239047	1.00902	1244850	1.05593	1233260	114508.585912677	1239047	1024742.81976571	1244850	3142559.63937003
12	1320121	103059	1325908	1060091	1331711	3400750	1320121	0.83996	1325908	1.00824	1331711	1.05608	1320121	122695.128339445	1325908	1051427.23954614	1331711	3220163.2452087	1336688	98988	1342460	1017522	1348263	3278365	1336688	0.83961	1342460	1.00852	1348263	1.05559	1336688	117897.595312109	1342460	1008925.95089835	1348263	3105718.12919789	1353255	96280	1359027	1032988	1364830	3312379	1353255	0.84033	1359027	1.00825	1364830	1.0561	1353255	114574.036390466	1359027	1024535.58145301	1364830	3136425.52788562
13	1440132	103949	1445935	1058029	1451738	3393179	1440132	0.83996	1445935	1.00834	1451738	1.05507	1440132	123754.702604886	1445935	1049278.02130234	1451738	3216070.02378989	1456699	99570	1462486	1018119	1468290	3266730	1456699	0.83962	1462486	1.00912	1468290	1.05501	1456699	118589.361854172	1462486	1008917.67084192	1468290	3096397.19054796	1473266	96136	1479054	1032155	1484841	3307549	1473266	0.83958	1479054	1.00821	1484841	1.05581	1473266	114504.871483361	1479054	1023750.01239821	1484841	3132712.32513426
14	1560143	93621	1565946	633311	1571749	3200253	1560143	0.83989	1565946	1.0091	1571749	1.05571	1560143	111468.16845063	1565946	627599.84144287	1571749	3031375.09353895	1576710	90178	1582497	621513	1588285	3083920	1576710	0.83953	1582497	1.00918	1588285	1.05632	1576710	107414.863078151	1582497	615859.410610595	1588285	2919494.09269918	1593277	89093	1599049	655963	1604852	3166596	1593277	0.83999	1599049	1.00919	1604852	1.05661	1593277	106064.357909023	1599049	649989.595616287	1604852	2996939.26803646
15	1680154	92517	1685941	328583	1691744	3186684	1680154	0.8405	1685941	1.00859	1691744	1.05692	1680154	110073.765615705	1685941	325784.51105008	1691744	3015066.41940734	1696705	89649	1702493	320584	1708296	3074854	1696705	0.84022	1702493	1.00846	1708296	1.05601	1696705	106697.055533075	1702493	317894.611585983	1708296	2911765.98706452	1713273	89076	1719060	340732	1724863	3156013	1713273	0.83983	1719060	1.00908	1724863	1.05631	1713273	106064.322541467	1719060	337665.992785508	1724863	2987771.58220598
16	1800165	92352	1805968	185317	1811771	3180219	1800165	0.84059	1805968	1.0086	1811771	1.0557	1800165	109865.689575179	1805968	183736.862978386	1811771	3012426.82580279	1816747	89495	1822520	180246	1828338	3071786	1816747	0.83982	1822520	1.00943	1828338	1.05597	1816747	106564.501917077	1822520	178562.158842119	1828338	2908970.89879447	1833315	88704	1839087	195773	1844890	3151353	1833315	0.84014	1839087	1.00881	1844890	1.05645	1833315	105582.402932845	1839087	194063.302306678	1844890	2982964.64574755
17	1920176	92546	1925963	111762	1931782	3181038	1920176	0.84063	1925963	1.00947	1931782	1.05642	1920176	110091.24109299	1925963	110713.542750156	1931782	3011148.97483955	1936759	89090	1942546	108506	1948349	3062721	1936759	0.83993	1942546	1.00856	1948349	1.05598	1936759	106068.36283976	1942546	107585.071785516	1948349	2900358.90831266	1953326	88313	1959113	121662	1964901	3145389	1953326	0.84021	1959113	1.009	1964901	1.0556	1953326	105108.246747837	1959113	120576.808721506	1964901	2979716.74876847
18	2040187	91806	2045974	73209	2051778	3173578	2040187	0.84086	2045974	1.00935	2051778	1.05603	2040187	109181.076516899	2045974	72530.8366770694	2051778	3005196.82205998	2056754	89017	2062526	71432	2068329	3063914	2056754	0.84109	2062526	1.00972	2068329	1.05708	2056754	105835.285165678	2062526	70744.3647743929	2068329	2898469.36844893	2073306	88060	2079093	81269	2084896	3136363	2073306	0.84131	2079093	1.00974	2084896	1.05614	2073306	104670.097823632	2079093	80485.0753659358	2084896	2969647.01649403
19	2160198	92333	2166001	51874	2171804	3168275	2160198	0.8403	2166001	1.00913	2171804	1.05631	2160198	109880.99488278	2166001	51404.6753143797	2171804	2999379.91688046	2176765	89335	2182568	50382	2188371	3058559	2176765	0.84021	2182568	1.01014	2188371	1.05606	2176765	106324.60932386	2182568	49876.2547765656	2188371	2896198.13268186	2193348	88283	2199120	58712	2204939	3140502	2193348	0.84098	2199120	1.0103	2204939	1.05691	2193348	104976.337130491	2199120	58113.4316539642	2204939	2971399.64613827
20	2280209	91968	2286012	40185	2291815	3175378	2280209	0.84027	2286012	1.00939	2291815	1.05722	2280209	109450.533757007	2286012	39811.1730847343	2291815	3003516.77039784	2296776	89385	2302564	38837	2308382	3056265	2296776	0.84057	2302564	1.00981	2308382	1.0564	2296776	106338.555979871	2302564	38459.7102425209	2308382	2893094.47179099	2313359	88509	2319146	45209	2324965	3139681	2313359	0.84105	2319146	1.00975	2324965	1.05714	2313359	105236.311753166	2319146	44772.4684327804	2324965	2969976.54047714
21	2400220	92372	2406023	33531	2411826	3169350	2400220	0.84065	2406023	1.01037	2411826	1.0563	2400220	109881.639207756	2406023	33186.8523412215	2411826	3000426.01533655	2416818	89790	2422606	32590	2428409	3062948	2416818	0.84038	2422606	1.00892	2428409	1.05687	2416818	106844.522715914	2422606	32301.8673432978	2428409	2898131.27442353	2433385	88642	2439173	37153	2444976	3138767	2433385	0.84037	2439173	1.00928	2444976	1.05711	2433385	105479.729166915	2439173	36811.3902980342	2444976	2969196.2047469
22	2520231	93445	2526018	29190	2531822	3167517	2520231	0.84048	2526018	1.00959	2531822	1.05734	2520231	111180.515895679	2526018	28912.7269485633	2531822	2995741.19961413	2536798	89180	2542586	28017	2548389	3054348	2536798	0.84068	2542586	1.00961	2548389	1.05743	2536798	106080.79174002	2542586	27750.3194302751	2548389	2888463.53895766	2553365	88367	2559153	31940	2564940	3130150	2553365	0.84117	2559153	1.00984	2564940	1.05651	2553365	105052.486417728	2559153	31628.7728749109	2564940	2962726.33481936
23	2640242	92795	2646029	26457	2651833	3164371	2640242	0.84094	2646029	1.01057	2651833	1.05777	2640242	110346.754821985	2646029	26180.2744985503	2651833	2991549.20256767	2656809	89586	2662597	25428	2668384	3054131	2656809	0.84114	2662597	1.01071	2668384	1.05733	2656809	106505.456879949	2662597	25158.551909054	2668384	2888531.48969574	2673361	87960	2679148	28438	2684951	3123503	2673361	0.84101	2679148	1.00911	2684951	1.05671	2673361	104588.530457426	2679148	28181.2686426653	2684951	2955875.31110712
24	2760253	92265	2766056	24732	2771859	3156445	2760253	0.84128	2766056	1.0097	2771859	1.05745	2760253	109672.166222898	2766056	24494.4042784986	2771859	2984959.09972103	2776820	89310	2782608	23752	2788411	3047102	2776820	0.84096	2782608	1.0094	2788411	1.05628	2776820	106200.057077626	2782608	23530.8103824054	2788411	2884748.3621767	2793403	88471	2799175	26774	2804978	3124307	2793403	0.84122	2799175	1.01025	2804978	1.0576	2793403	105169.872328285	2799175	26502.3509032418	2804978	2954148.07110439
25	2880264	92873	2886051	23584	2891870	3150374	2880264	0.84131	2886051	1.01027	2891870	1.0559	2880264	110390.937942019	2886051	23344.2545062211	2891870	2983591.24917132	2896831	89662	2902619	22849	2908406	3049602	2896831	0.84106	2902619	1.00937	2908406	1.05686	2896831	106605.949634984	2902619	22636.8923189712	2908406	2885530.72308537	2913398	88381	2919170	24601	2924973	3120565	2913398	0.84116	2919170	1.00971	2924973	1.05613	2913398	105070.379000428	2919170	24364.4214675501	2924973	2954716.74888508
26	3000275	87835	3006078	22122	3011881	3054399	3000275	0.84056	3006078	1.01057	3011881	1.05699	3000275	104495.812315599	3006078	21890.6161869044	3011881	2889714.18840292	3016858	84646	3022630	21068	3028433	2937297	3016858	0.84131	3022630	1.00963	3028433	1.05688	3016858	100612.14059027	3022630	20867.0503055575	3028433	2779215.23730225	3033409	84229	3039197	23258	3044984	3005022	3033409	0.84136	3039197	1.0107	3044984	1.05711	3033409	100110.535323762	3039197	23011.7740180073	3044984	2842676.73184437
27	3120301	88645	3126089	21143	3131892	3048618	3120301	0.84084	3126089	1.0101	3131892	1.0571	3120301	105424.337567195	3126089	20931.5909315909	3131892	2883944.75451707	3136869	84551	3142641	19836	3148444	2928777	3136869	0.84131	3142641	1.01053	3148444	1.05746	3136869	100499.221452259	3142641	19629.3034348312	3148444	2769633.83957786	3153420	83888	3159208	21384	3165011	3003930	3153420	0.84099	3159208	1.00969	3165011	1.05778	3153420	99749.1052212274	3159208	21178.7776446236	3165011	2839843.82385751
28	3240312	88304	3246100	20607	3251919	3040436	3240312	0.84084	3246100	1.01049	3251919	1.05746	3240312	105018.790733076	3246100	20393.0766261913	3251919	2875225.54044597	3256880	85006	3262652	19225	3268455	2921824	3256880	0.84124	3262652	1.01038	3268455	1.05739	3256880	101048.452284723	3262652	19027.4946059898	3268455	2763241.56649864	3273431	84260	3279219	20803	3285006	2997503	3273431	0.84146	3279219	1.01086	3285006	1.05704	3273431	100135.478810639	3279219	20579.5065587717	3285006	2835751.72178915
29	3360323	88452	3366111	19935	3371914	3035205	3360323	0.84025	3366111	1.00965	3371914	1.05723	3360323	105268.670038679	3366111	19744.4659040262	3371914	2870903.20933004	3376891	84880	3382694	18563	3388497	2917781	3376891	0.84079	3382694	1.01066	3388497	1.05745	3376891	100952.675459984	3382694	18367.2055884274	3388497	2759261.43080051	3393458	84224	3399245	20255	3405049	2996086	3393458	0.84079	3399245	1.01104	3405049	1.05719	3393458	100172.456856052	3399245	20033.8265548346	3405049	2834009.02392191
30	3480334	88819	3486138	19295	3491941	3035854	3480334	0.84076	3486138	1.00926	3491941	1.05769	3480334	105641.324515914	3486138	19117.9676198403	3491941	2870268.22603977	3496917	85073	3502720	18372	3508539	2916808	3496917	0.84073	3502720	1.01018	3508539	1.05723	3496917	101189.442508296	3502720	18186.857787721	3508539	2758915.27860541	3513516	83922	3519303	19599	3525122	2989016	3513516	0.84071	3519303	1.01064	3525122	1.05716	3513516	99822.7688501386	3519303	19392.6620755165	3525122	2827401.71780998
31	3600345	86101	3606149	20403	3611936	2912073	3600345	0.84407	3606149	1.01043	3611936	1.05695	3600345	102006.942552158	3606149	20192.39333749	3611936	2755166.28033493	3616913	80579	3622685	19338	3628488	2803119	3616913	0.84093	3622685	1.01064	3628488	1.05719	3616913	95821.2930921718	3622685	19134.4098788886	3628488	2651480.81234215	3633464	79331	3639252	20510	3645055	2884133	3633464	0.84228	3639252	1.01079	3645055	1.0576	3633464	94186.018901078	3639252	20291.0594683367	3645055	2727054.65204236
32	3720356	82665	3726144	21997	3731963	2897843	3720356	0.84176	3726144	1.01033	3731963	1.05796	3720356	98204.9515301274	3726144	21772.0942662299	3731963	2739085.59869938	3736924	80173	3742711	21321	3748514	2786982	3736924	0.84152	3742711	1.01065	3748514	1.05856	3736924	95271.6512976519	3742711	21096.3241478257	3748514	2632804.94256348	3753491	78357	3759279	22034	3765066	2869304	3753491	0.84157	3759279	1.01121	3765066	1.05811	3753491	93108.1193483608	3759279	21789.7370476953	3765066	2711725.62398994
33	3840367	81171	3846155	23227	3851958	2835486	3840367	0.84125	3846155	1.01078	3851958	1.05739	3840367	96488.558692422	3846155	22979.2833257484	3851958	2681589.57432924	3856935	77656	3862707	23709	3868510	2731647	3856935	0.84171	3862707	1.0098	3868510	1.05734	3856935	92259.8044457117	3862707	23478.9067142008	3868510	2583508.61596081	3873486	72910	3879258	23951	3885062	2823461	3873486	0.84077	3879258	1.00972	3885062	1.05667	3873486	86718.1274308075	3879258	23720.437348968	3885062	2672036.6812723
34	3960378	78959	3966166	25903	3971969	2735595	3960378	0.84074	3966166	1.00966	3971969	1.05654	3960378	93916.0739348669	3966166	25655.1710476794	3971969	2589201.54466466	3976946	73503	3982733	26336	3988552	2638404	3976946	0.84056	3982733	1.00955	3988552	1.05622	3976946	87445.2745788522	3982733	26086.8703877965	3988552	2497968.22631649	3993529	60423	3999316	26410	4005104	2733964	3993529	0.84089	3999316	1.00991	4005104	1.05731	3993529	71856.0097040041	3999316	26150.8451248131	4005104	2585773.33043289
35	4080389	76610	4086177	28651	4091980	2587983	4080389	0.84019	4086177	1.00948	4091980	1.05617	4080389	91181.7565074567	4086177	28381.9392162301	4091980	2450347.00853082	4096957	65612	4102744	30212	4108548	2501960	4096957	0.84067	4102744	1.01035	4108548	1.05721	4096957	78047.2718189064	4102744	29902.5090315237	4108548	2366568.60983154	4113524	47464	4119312	29734	4125099	2609694	4113524	0.84044	4119312	1.00997	4125099	1.05681	4113524	56475.1796677931	4119312	29440.4784300524	4125099	2469406.98895733
36	4200400	73558	4206172	32905	4211976	2412843	4200400	0.84087	4206172	1.00981	4211976	1.05775	4200400	87478.4449439271	4206172	32585.3378358305	4211976	2281108.95769322	4216952	56189	4222740	34924	4228543	2333596	4216952	0.84125	4222740	1.0099	4228543	1.05805	4216952	66792.2734026746	4222740	34581.6417467076	4228543	2205563.0641274	4233519	38128	4239307	33231	4245110	2449356	4233519	0.84097	4239307	1.0106	4245110	1.05709	4233519	45338.1214549865	4239307	32882.4460716406	4245110	2317074.23208998
37	4320411	69622	4326183	37027	4332002	2214164	4320411	0.84142	4326183	1.01024	4332002	1.05759	4320411	82743.4574885313	4326183	36651.6867279062	4332002	2093593.92581246	4336979	48236	4342766	39805	4348554	2154083	4336979	0.84082	4342766	1.00976	4348554	1.05734	4336979	57367.8076163745	4342766	39420.2582791951	4348554	2037266.15847315	4353546	32554	4359334	37641	4365137	2276088	4353546	0.84102	4359334	1.01006	4365137	1.05668	4353546	38707.759625217	4359334	37266.1030037819	4365137	2153999.31862059
38	4440422	66375	4446210	41498	4452013	2022931	4440422	0.84137	4446210	1.01037	4452013	1.05717	4440422	78889.1926263119	4446210	41072.0825044291	4452013	1913534.24709366	4456990	42465	4462777	46965	4468581	1978271	4456990	0.84177	4462777	1.01089	4468581	1.05709	4456990	50447.2718200934	4462777	46459.0608275876	4468581	1871431.00398263	4473557	28296	4479345	41869	4485148	2099626	4473557	0.84137	4479345	1.01037	4485148	1.05611	4473557	33630.8639480847	4479345	41439.2747211418	4485148	1988075.10581284
39	4560434	61795	4566221	47355	4572040	1843888	4560434	0.84157	4566221	1.0096	4572040	1.05805	4560434	73428.2353220766	4566221	46904.7147385103	4572040	1742722.93369879	4577016	37464	4582788	53699	4588592	1816508	4577016	0.84114	4582788	1.00961	4588592	1.05682	4577016	44539.5534631572	4582788	53187.8646209923	4588592	1718843.32242009	4593584	25598	4599356	47340	4605159	1942748	4593584	0.84144	4599356	1.01064	4605159	1.0581	4593584	30421.6581099068	4599356	46841.6053194016	4605159	1836072.20489557
40	4680445	57842	4686232	53152	4692051	1681443	4680445	0.84178	4686232	1.01	4692051	1.0572	4680445	68713.9157499584	4686232	52625.7425742574	4692051	1590468.21793417	4697027	34622	4702815	62113	4708603	1678469	4697027	0.84155	4702815	1.0102	4708603	1.05798	4697027	41140.752183471	4702815	61485.8443872501	4708603	1586484.62163746	4713595	23554	4719367	52822	4725170	1795286	4713595	0.84156	4719367	1.01061	4725170	1.05752	4713595	27988.497552165	4719367	52267.4424357566	4725170	1697637.86973296
41	4800456	54914	4806243	58784	4812046	1551628	4800456	0.84124	4806243	1.01046	4812046	1.05719	4800456	65277.4475773858	4806243	58175.4844328326	4812046	1467690.76514155	4817023	31705	4822810	69291	4828614	1562833	4817023	0.84085	4822810	1.01	4828614	1.05717	4817023	37705.8928465244	4822810	68604.9504950495	4828614	1478317.58373771	4833590	22179	4839378	57649	4845181	1674164	4833590	0.84148	4839378	1.01093	4845181	1.05804	4833590	26357.1326710082	4839378	57025.7090006232	4845181	1582325.80998828
42	4920467	50773	4926254	64332	4932057	1445517	4920467	0.84084	4926254	1.00988	4932057	1.05718	4920467	60383.6639550925	4926254	63702.6181328475	4932057	1367332.90451957	4937034	29667	4942821	77906	4948609	1476071	4937034	0.84066	4942821	1.00995	4948609	1.05645	4937034	35290.1291842124	4942821	77138.4722015942	4948609	1397199.11022765	4953585	20665	4959373	62668	4965176	1576429	4953585	0.84087	4959373	1.00983	4965176	1.05683	4953585	24575.7370342621	4959373	62057.9701533922	4965176	1491658.0717807
43	5040478	48922	5046265	69387	5052068	1369184	5040478	0.84164	5046265	1.01135	5052068	1.05849	5040478	58126.9901620645	5046265	68608.2958421911	5052068	1293525.68281231	5057045	28188	5062832	85978	5068636	1419420	5057045	0.84152	5062832	1.01068	5068636	1.05788	5057045	33496.5300884114	5062832	85069.4581865675	5068636	1341758.98967747	5073612	19856	5079400	67502	5085203	1503141	5073612	0.84153	5079400	1.01154	5085203	1.05817	5073612	23595.1184152674	5079400	66731.9137157206	5085203	1420509.93696665
44	5160489	46459	5166276	73939	5172079	1305279	5160489	0.84134	5166276	1.01074	5172079	1.05783	5160489	55220.2438966411	5166276	73153.3332014168	5172079	1233921.32951419	5177056	26587	5182828	93873	5188631	1377812	5177056	0.8413	5182828	1.01007	5188631	1.0583	5177056	31602.2821823369	5182828	92937.1231696813	5188631	1301910.61135784	5193607	19245	5199395	72043	5205198	1445164	5193607	0.84147	5199395	1.01061	5205198	1.05743	5193607	22870.6905772042	5199395	71286.6486577414	5205198	1366675.80832774
45	5280500	44190	5286287	77687	5292090	1261399	5280500	0.84182	5286287	1.0111	5292090	1.0575	5280500	52493.4071416692	5286287	76834.1410345169	5292090	1192812.29314421	5297067	26073	5302870	100603	5308673	1348527	5297067	0.84164	5302870	1.01019	5308673	1.05766	5297067	30978.8032888171	5302870	99588.1962799077	5308673	1275009.92757597	5313650	18726	5319437	75855	5325240	1404220	5313650	0.84141	5319437	1.01039	5325240	1.05751	5313650	22255.4996969373	5319437	75074.9710507824	5325240	1327855.05574415
46	5400511	42031	5406298	80573	5412101	1230671	5400511	0.84079	5406298	1.01	5412101	1.05759	5400511	49989.8904601625	5406298	79775.2475247525	5412101	1163656.04818502	5417078	24908	5422865	107537	5428669	1336240	5417078	0.84127	5422865	1.01129	5428669	1.05845	5417078	29607.6170551666	5422865	106336.461351343	5428669	1262449.80868251	5433645	18613	5439433	79342	5445236	1379753	5433645	0.84136	5439433	1.00996	5445236	1.05744	5433645	22122.515926595	5439433	78559.546912749	5445236	1304805.00075654
47	5520522	39796	5526325	84194	5532128	1211363	5520522	0.8421	5526325	1.01051	5532128	1.05709	5520522	47258.0453627835	5526325	83318.3244104462	5532128	1145941.21597972	5537104	24263	5542876	114091	5548680	1337311	5537104	0.84133	5542876	1.01023	5548680	1.05753	5537104	28838.8622775843	5542876	112935.668115182	5548680	1264560.81624162	5553640	18129	5559428	82826	5565231	1368459	5553640	0.84117	5559428	1.00974	5565231	1.05764	5553640	21552.1238275259	5559428	82027.0564699824	5565231	1293879.77005408
48	5640533	38492	5646305	86030	5652123	1199824	5640533	0.84076	5646305	1.00977	5652123	1.05767	5640533	45782.3873638137	5646305	85197.6192598315	5652123	1134402.98013558	5657100	23513	5662887	117728	5668691	1342631	5657100	0.84128	5662887	1.01041	5668691	1.05735	5657100	27949.0775960441	5662887	116515.078037628	5668691	1269807.53771221	5673667	17898	5679455	84206	5685258	1361926	5673667	0.84168	5679455	1.01021	5685258	1.05827	5673667	21264.6136298831	5679455	83354.9460013265	5685258	1286936.22610487
49	5760544	37261	5766331	87857	5772134	1194481	5760544	0.84193	5766331	1.01084	5772134	1.05745	5760544	44256.6484149514	5766331	86914.8431007875	5772134	1129586.26885432	5777111	23073	5782898	122272	5788702	1355069	5777111	0.84106	5782898	1.0109	5788702	1.05743	5777111	27433.2390079186	5782898	120953.605697893	5788702	1281473.95099439	5793678	17657	5799466	86486	5805269	1362884	5793678	0.84148	5799466	1.01051	5805269	1.05846	5793678	20983.2675761753	5799466	85586.4860318057	5805269	1287610.30175916
50	5880555	36064	5886342	88857	5892145	1196140	5880555	0.84285	5886342	1.0117	5892145	1.05922	5880555	42788.1592216883	5886342	87829.3960660275	5892145	1129264.93079813	5897122	22719	5902894	125523	5908697	1379319	5897122	0.84252	5902894	1.01122	5908697	1.05817	5897122	26965.5319755021	5902894	124130.258499634	5908697	1303494.71256981	5913673	17336	5919461	87276	5925264	1369629	5913673	0.84287	5919461	1.01067	5925264	1.05833	5913673	20567.8218467854	5919461	86354.5964558164	5925264	1294141.71383217
51	6000566	34965	6006353	88905	6012172	1198254	6000566	0.84174	6006353	1.0112	6012172	1.05773	6000566	41538.9550217407	6006353	87920.292721519	6012172	1132854.32010059	6017148	22513	6022920	128904	6028724	1405947	6017148	0.84156	6022920	1.01053	6028724	1.05771	6017148	26751.5091021436	6022920	127560.784934638	6028724	1329236.74731259	6033700	17138	6039488	87986	6045291	1380097	6033700	0.84112	6039488	1.01133	6045291	1.05778	6033700	20375.2140003804	6039488	87000.2867511099	6045291	1304710.80943107
52	6120577	33875	6126349	89563	6132152	1205016	6120577	0.84167	6126349	1.01071	6132152	1.0583	6120577	40247.3653569689	6126349	88613.9446527688	6132152	1138633.657753	6137144	22150	6142931	131556	6148735	1437134	6137144	0.84169	6142931	1.0108	6148735	1.05829	6137144	26316.1021278618	6142931	130150.37593985	6148735	1357977.4919918	6153711	17031	6159499	89312	6165302	1392622	6153711	0.84114	6159499	1.01009	6165302	1.05732	6153711	20247.5212211998	6159499	88419.8437762972	6165302	1317124.42779859
53	6240588	32643	6246375	89373	6252178	1214596	6240588	0.84105	6246375	1.01017	6252178	1.05822	6240588	38812.1990369181	6246375	88473.2272785769	6252178	1147772.67486912	6257155	21779	6262943	132876	6268746	1467594	6257155	0.8411	6262943	1.01023	6268746	1.05791	6257155	25893.4728331946	6262943	131530.443562357	6268746	1387257.8952841	6273707	17244	6279479	89322	6285282	1411746	6273707	0.84195	6279479	1.01028	6285282	1.05808	6273707	20481.0261892036	6279479	88413.1131963416	6285282	1334252.60849841
54	6360599	32322	6366386	88840	6372189	1226656	6360599	0.84212	6366386	1.0102	6372189	1.05828	6360599	38381.7033201919	6366386	87942.9815878044	6372189	1159103.45088256	6377166	21653	6382938	134085	6388741	1505917	6377166	0.84189	6382938	1.01058	6388741	1.05762	6377166	25719.5120502678	6382938	132681.23255952	6388741	1423873.41389157	6393718	16907	6399490	88850	6405293	1426221	6393718	0.84166	6399490	1.01044	6405293	1.05828	6393718	20087.6838628425	6399490	87931.9900241479	6405293	1347678.30819821
55	6480610	30886	6486397	87915	6492201	1240379	6480610	0.8417	6486397	1.01057	6492201	1.05831	6480610	36694.7843649756	6486397	86995.4580088465	6492201	1172037.49374002	6497177	21248	6502965	134577	6508768	1545816	6497177	0.84162	6502965	1.01068	6508768	1.05801	6497177	25246.5483234714	6502965	133154.905608105	6508768	1461059.91436754	6513729	17047	6519516	89263	6525304	1449867	6513729	0.84187	6519516	1.0105	6525304	1.05774	6513729	20248.9695558697	6519516	88335.4774863929	6525304	1370721.53837427
56	6600621	30771	6606408	86975	6612212	1256529	6600621	0.84158	6606408	1.01032	6612212	1.05791	6600621	36563.3689013522	6606408	86086.5864280624	6612212	1187746.59470087	6617188	21286	6622976	134766	6628763	1585849	6617188	0.84193	6622976	1.01011	6628763	1.05757	6617188	25282.3868967729	6622976	133417.152587342	6628763	1499521.54467317	6633740	17061	6639512	88105	6645315	1467128	6633740	0.84208	6639512	1.01144	6645315	1.05779	6633740	20260.5453163595	6639512	87108.4790002373	6645315	1386974.730334
57	6720632	29799	6726419	86280	6732238	1273171	6720632	0.84232	6726419	1.0113	6732238	1.05794	6720632	35377.2912907209	6726419	85315.9299911006	6732238	1203443.48450763	6737215	21106	6742987	135389	6748790	1628689	6737215	0.84147	6742987	1.01093	6748790	1.0581	6737215	25082.29645739	6742987	133925.197590338	6748790	1539258.10414895	6753766	16991	6759554	87536	6765357	1483596	6753766	0.84205	6759554	1.01087	6765357	1.05784	6753766	20178.1366902203	6759554	86594.7154431331	6765357	1402476.74506542
58	6840643	29541	6846430	85409	6852234	1288491	6840643	0.8419	6846430	1.01155	6852234	1.05813	6840643	35088.4903195154	6846430	84433.7897286343	6852234	1217705.76394205	6857210	21475	6862998	134534	6868801	1669284	6857210	0.84204	6862998	1.01157	6868801	1.05776	6857210	25503.5390242744	6862998	132995.245015174	6868801	1578131.14506126	6873793	16798	6879580	86981	6885384	1504253	6873793	0.84173	6879580	1.01096	6885384	1.0581	6873793	19956.5181233887	6879580	86038.0232650154	6885384	1421654.85303847
59	6960654	28723	6966441	83886	6972245	1305413	6960654	0.84238	6966441	1.01138	6972245	1.05798	6960654	34097.4382107837	6966441	82942.1186893156	6972245	1233873.04107828	6977237	21024	6983024	134095	6988812	1713724	6977237	0.84163	6983024	1.01179	6988812	1.05933	6977237	24980.0981428894	6983024	132532.442502891	6988812	1617743.29057045	6993788	16614	6999576	85697	7005379	1520209	6993788	0.84196	6999576	1.01106	7005379	1.05904	6993788	19732.5288612286	6999576	84759.5592744249	7005379	1435459.47273002
60	7080665	28348	7086452	82439	7092256	1320078	7080665	0.84224	7086452	1.01056	7092256	1.05825	7080665	33657.8647416413	7086452	81577.5411652945	7092256	1247416.01700921	7097232	20685	7103004	132896	7108807	1752965	7097232	0.8425	7103004	1.01138	7108807	1.05875	7097232	24551.9287833828	7103004	131400.660483696	7108807	1655693.03423849	7113784	16669	7119571	84803	7125359	1537212	7113784	0.84188	7119571	1.01119	7125359	1.05868	7113784	19799.733928826	7119571	83864.5556225833	7125359	1452008.16110628
61	7200676	28002	7206463	81044	7212267	1342815	7200676	0.84192	7206463	1.01079	7212267	1.05788	7200676	33259.6921322691	7206463	80178.8699927779	7212267	1269345.29436231	7217243	20531	7223031	131352	7228818	1796160	7217243	0.842	7223031	1.01025	7228818	1.05842	7217243	24383.6104513064	7223031	130019.302152932	7228818	1697020.08654409	7233795	16882	7239567	84019	7245370	1560237	7233795	0.84209	7239567	1.01011	7245370	1.0587	7233795	20047.7383652579	7239567	83178.0697151795	7245370	1473729.10172854
62	7320687	27784	7326474	79965	7332278	1357388	7320687	0.84267	7326474	1.01045	7332278	1.05828	7320687	32971.3885625452	7326474	79138.0078182988	7332278	1282635.97535624	7337254	20855	7343026	130612	7348829	1832081	7337254	0.8425	7343026	1.01069	7348829	1.05889	7337254	24753.7091988131	7343026	129230.525680476	7348829	1730190.10473231	7353821	16918	7359624	82938	7365412	1574834	7353821	0.84199	7359624	1.01135	7365412	1.05824	7353821	20092.8752122947	7359624	82007.2180748505	7365412	1488163.36558815
63	7440698	27239	7446485	78351	7452289	1377898	7440698	0.84141	7446485	1.01025	7452289	1.05913	7440698	32373.0404915558	7446485	77556.0504825538	7452289	1300971.55212297	7457265	20652	7463053	129312	7468840	1866035	7457265	0.84154	7463053	1.01153	7468840	1.05857	7457265	24540.7229602871	7463053	127838.027542436	7468840	1762788.47879687	7473832	16713	7479604	81614	7485407	1589541	7473832	0.84185	7479604	1.01127	7485407	1.05783	7473832	19852.7053513096	7479604	80704.4607276	7485407	1502643.14681943
64	7560709	27126	7566496	77086	7572300	1392694	7560709	0.84173	7566496	1.01187	7572300	1.05934	7560709	32226.4859277916	7566496	76181.7229486001	7572300	1314680.83901297	7577276	20374	7583064	127798	7588867	1903817	7577276	0.84161	7583064	1.01181	7588867	1.05864	7577276	24208.3625432207	7583064	126306.322333244	7588867	1798361.10481372	7593859	16749	7599646	80688	7605450	1602685	7593859	0.84198	7599646	1.01132	7605450	1.05871	7593859	19892.3964939785	7599646	79784.8356603251	7605450	1513809.25843715
65	7680720	27017	7686507	75240	7692326	1411237	7680720	0.84115	7686507	1.01127	7692326	1.05815	7680720	32119.1226297331	7686507	74401.4951496633	7692326	1333683.31521996	7697303	20682	7703090	126155	7708909	1935620	7697303	0.8421	7703090	1.01078	7708909	1.05801	7697303	24560.0285001781	7703090	124809.553018461	7708909	1829491.2146388	7713885	16806	7719673	79211	7725461	1617483	7713885	0.84191	7719673	1.01046	7725461	1.05862	7713885	19961.7536316233	7719673	78391.0298279991	7725461	1527916.53284465
66	7800731	26737	7806518	74408	7812322	1428744	7800731	0.84217	7806518	1.01033	7812322	1.0581	7800731	31747.7468919577	7806518	73647.2241742797	7812322	1350292.03288914	7817298	20500	7823070	123978	7828873	1967012	7817298	0.8418	7823070	1.01097	7828873	1.05794	7817298	24352.5778094559	7823070	122632.719071783	7828873	1859285.02561582	7833850	16702	7839622	78535	7845425	1633007	7833850	0.84148	7839622	1.0106	7845425	1.05891	7833850	19848.3624090888	7839622	77711.2606372452	7845425	1542158.44594914
67	7920742	26372	7926529	73419	7932333	1442705	7920742	0.84208	7926529	1.01067	7932333	1.05809	7920742	31317.6895306859	7926529	72643.8896969337	7932333	1363499.32425408	7937309	20497	7943097	122879	7948900	1994900	7937309	0.84182	7943097	1.01022	7948900	1.05829	7937309	24348.4355325366	7943097	121635.881293184	7948900	1885022.06389553	7953876	16659	7959664	77027	7965467	1638324	7953876	0.84182	7959664	1.01084	7965467	1.05721	7953876	19789.2661138961	7959664	76200.9813620355	7965467	1549667.5211169
68	8040753	26144	8046540	71223	8052344	1457761	8040753	0.84086	8046540	1.01055	8052344	1.05748	8040753	31091.9772613753	8046540	70479.4418880808	8052344	1378523.47089307	8057320	20643	8063092	120589	8068895	2021069	8057320	0.84124	8063092	1.01069	8068895	1.05715	8057320	24538.776092435	8063092	119313.538275831	8068895	1911809.10939791	8073872	16710	8079644	76032	8085447	1649345	8073872	0.84124	8079644	1.01082	8085447	1.05723	8073872	19863.5347819885	8079644	75218.1397281415	8085447	1560062.61645999
69	8160764	26323	8166551	70623	8172355	1470975	8160764	0.84155	8166551	1.01112	8172355	1.05748	8160764	31279.1872140693	8166551	69846.309043437	8172355	1391019.21549344	8177331	20266	8183103	117979	8188906	2042023	8177331	0.84197	8183103	1.0109	8188906	1.05875	8177331	24069.7412021806	8183103	116706.894846177	8188906	1928711.21605667	8193883	16659	8199670	75120	8205458	1659875	8193883	0.84179	8199670	1.01101	8205458	1.05779	8193883	19789.9713705318	8199670	74301.9356880743	8205458	1569191.42740998
70	8280775	26132	8286562	69214	8292366	1487585	8280775	0.84162	8286562	1.0108	8292366	1.05816	8280775	31049.6423564079	8286562	68474.4756628413	8292366	1405822.37090799	8297358	20656	8303130	116963	8308917	2071999	8297358	0.84202	8303130	1.0109	8308917	1.05908	8297358	24531.483812736	8303130	115701.849836779	8308917	1956414.05748385	8313909	16603	8319697	74045	8325500	1670658	8313909	0.84193	8319697	1.01063	8325500	1.05831	8313909	19720.1667597069	8319697	73266.1805012715	8325500	1578609.29217337
71	8400786	26043	8406573	68165	8412377	1499777	8400786	0.84195	8406573	1.01118	8412377	1.0586	8400786	30931.7655442722	8406573	67411.3412053245	8412377	1416755.14830909	8417353	20456	8423141	114192	8428928	2084773	8417353	0.84229	8423141	1.01119	8428928	1.05848	8417353	24286.172220969	8423141	112928.331965308	8428928	1969591.30073313	8433920	16631	8439708	72533	8445511	1676874	8433920	0.84241	8439708	1.0113	8445511	1.05903	8433920	19742.1683028454	8439708	71722.5353505389	8445511	1583405.56924733
72	8520797	25994	8526584	67444	8532388	1510654	8520797	0.84198	8526584	1.01157	8532388	1.05816	8520797	30872.4672795078	8526584	66672.5980406694	8532388	1427623.42178877	8537380	20007	8543167	112252	8548971	2103346	8537380	0.84247	8543167	1.01176	8548971	1.05882	8537380	23748.0266359633	8543167	110947.260219815	8548971	1986500.06611133	8553947	16620	8559735	71078	8565538	1680128	8553947	0.84249	8559735	1.01161	8565538	1.0586	8553947	19727.2371185415	8559735	70262.2552169314	8565538	1587122.61477423
73	8640808	25900	8646595	65722	8652399	1518218	8640808	0.84194	8646595	1.01137	8652399	1.05862	8640808	30762.2870988431	8646595	64983.1416791085	8652399	1434148.23071546	8657375	20234	8663163	110522	8668966	2120975	8657375	0.84188	8663163	1.01164	8668966	1.05929	8657375	24034.3041763672	8663163	109250.326202997	8668966	2002260.94837108	8673942	16576	8679730	69891	8685549	1689396	8673942	0.84225	8679730	1.01097	8685549	1.05903	8673942	19680.6173938854	8679730	69132.6152111339	8685549	1595229.59689527
74	8760819	25343	8766606	64226	8772410	1530413	8760819	0.84267	8766606	1.01127	8772410	1.05957	8760819	30074.643692074	8766606	63510.2395997113	8772410	1444371.77345527	8777386	20455	8783174	108377	8788961	2143058	8777386	0.84233	8783174	1.01147	8788961	1.05921	8777386	24283.8317524011	8783174	107148.012298931	8788961	2023260.73205502	8793938	16446	8799710	69489	8805513	1690934	8793938	0.84219	8799710	1.01148	8805513	1.05941	8793938	19527.6600292096	8799710	68700.3203226955	8805513	1596109.15509576
75	8880830	25571	8886618	63393	8892421	1541955	8880830	0.84218	8886618	1.01091	8892421	1.05874	8880830	30362.8677954832	8886618	62708.8464848503	8892421	1456405.72756295	8897397	20222	8903185	107788	8908972	2156105	8897397	0.84275	8903185	1.01246	8908972	1.05937	8897397	23995.2536339365	8903185	106461.489836636	8908972	2035270.9629308	8913949	16501	8919721	68471	8925524	1692446	8913949	0.8424	8919721	1.0107	8925524	1.05795	8913949	19588.081671415	8919721	67746.1165528841	8925524	1599741.00855428
76	9000841	25637	9006613	62753	9012432	1543790	9000841	0.84247	9006613	1.01037	9012432	1.05811	9000841	30430.7571782972	9006613	62108.9303918367	9012432	1459007.09756075	9017408	20413	9023196	105327	9028999	2166572	9017408	0.84243	9023196	1.01122	9028999	1.05866	9017408	24231.0933846136	9023196	104158.343387196	9028999	2046522.96299095	9033975	16307	9039763	66833	9045566	1688529	9033975	0.842	9039763	1.01158	9045566	1.05864	9033975	19366.9833729216	9039763	66067.9333320153	9045566	1594998.29970528
77	9120852	25623	9126640	61119	9132443	1554099	9120852	0.8422	9126640	1.01093	9132443	1.05853	9120852	30423.8898123961	9126640	60458.1919618569	9132443	1468167.17523358	9137419	20553	9143191	104547	9148994	2175786	9137419	0.84195	9143191	1.01035	9148994	1.05783	9137419	24411.1883128452	9143191	103476.023160291	9148994	2056839.00059556	9153971	16291	9159743	66191	9165546	1688666	9153971	0.84214	9159743	1.01091	9165546	1.05867	9153971	19344.7645284632	9159743	65476.6497512143	9165546	1595082.50918605
78	9240863	25385	9246651	60820	9252454	1555324	9240863	0.842	9246651	1.01095	9252454	1.05915	9240863	30148.4560570071	9246651	60161.2344824175	9252454	1468464.33460794	9257430	20447	9263218	102886	9269021	2189520	9257430	0.84203	9263218	1.01034	9269021	1.05855	9257430	24282.982791587	9263218	101833.046301245	9269021	2068414.34037126	9273982	16159	9279769	65327	9285557	1689583	9273982	0.8423	9279769	1.01137	9285557	1.058	9273982	19184.3761130239	9279769	64592.5823388078	9285557	1596959.35727788
79	9360874	25458	9366662	59917	9372465	1564532	9360874	0.8423	9366662	1.01141	9372465	1.05935	9360874	30224.3856108275	9366662	59241.0595109797	9372465	1476879.21838863	9377441	20461	9383229	101264	9389016	2201602	9377441	0.84237	9383229	1.01128	9389016	1.05896	9377441	24289.8013936869	9383229	100134.483031406	9389016	2079022.8148372	9393993	16450	9399796	63598	9405599	1682522	9393993	0.84235	9399796	1.01073	9405599	1.05802	9393993	19528.699471716	9399796	62922.8379488093	9405599	1590255.38269598
80	9480885	25469	9486673	58588	9492476	1566149	9480885	0.84199	9486673	1.01045	9492476	1.0584	9480885	30248.5777740828	9486673	57982.0871888762	9492476	1479732.61526833	9497452	20413	9503240	100450	9509043	2204966	9497452	0.84226	9503240	1.01097	9509043	1.05811	9497452	24235.9841379147	9503240	99360.0205742999	9509043	2083872.18720171	9514019	16216	9519823	62814	9525626	1681518	9514019	0.84226	9519823	1.01142	9525626	1.05948	9514019	19252.9622681832	9519823	62104.7635996915	9525626	1587116.32121418
81	9600896	25289	9606684	58009	9612487	1569015	9600896	0.84271	9606684	1.01154	9612487	1.05913	9600896	30009.1371883566	9606684	57347.2131601321	9612487	1481418.71158404	9617479	20295	9623251	99215	9629054	2213138	9617479	0.84203	9623251	1.01273	9629054	1.05915	9617479	24102.4666579576	9623251	97967.8690272827	9629054	2089541.61355804	9634046	16265	9639818	61323	9645637	1671862	9634046	0.84218	9639818	1.01114	9645637	1.05935	9634046	19312.9734736042	9639818	60647.3880966038	9645637	1578196.06362392
82	9720907	25770	9726695	56901	9732498	1566309	9720907	0.84248	9726695	1.01173	9732498	1.05824	9720907	30588.2632228658	9726695	56241.2896721457	9732498	1480107.53704264	9737474	20667	9743262	98354	9749065	2216945	9737474	0.84169	9743262	1.01111	9749065	1.05825	9737474	24554.1707754637	9743262	97273.2937069162	9749065	2094916.13512875	9754041	16058	9759829	60793	9765632	1669424	9754041	0.84243	9759829	1.01078	9765632	1.05915	9754041	19061.5243996534	9759829	60144.6407724727	9765632	1576192.22961809
83	9840918	25822	9846706	56280	9852524	1572933	9840918	0.84297	9846706	1.01185	9852524	1.05888	9840918	30632.1695908514	9846706	55620.8924247665	9852524	1485468.60834089	9857501	20507	9863273	97509	9869076	2226672	9857501	0.84242	9863273	1.01102	9869076	1.05879	9857501	24342.9643170865	9863273	96446.1632806473	9869076	2103034.59609554	9874052	16056	9879840	59172	9885643	1661062	9874052	0.84163	9879840	1.01169	9885643	1.05936	9874052	19077.2667324121	9879840	58488.2720991608	9885643	1567986.33136988
84	9960929	25414	9966717	55862	9972520	1572557	9960929	0.84274	9966717	1.01098	9972520	1.05964	9960929	30156.394617557	9966717	55255.2968406892	9972520	1484048.35604545	9977512	20751	9983284	95836	9989087	2226656	9977512	0.84237	9983284	1.01204	9989087	1.05885	9977512	24634.0681648207	9983284	94695.8618236434	9989087	2102900.31638098	9994063	16065	9999835	58722	10005639	1653538	9994063	0.84234	9999835	1.01166	10005639	1.05869	9994063	19071.8712158986	9999835	58045.1930490481	10005639	1561871.74715923
85	10080940	25758	10086728	54762	10092531	1574253	10080940	0.84254	10086728	1.01212	10092531	1.05932	10080940	30571.8422864196	10086728	54106.2324625538	10092531	1486097.68530756	10097507	20389	10103295	94764	10109098	2233018	10097507	0.84259	10103295	1.01153	10109098	1.05974	10097507	24198.0085213449	10103295	93683.8254920764	10109098	2107137.59978863	10114059	16142	10119846	57747	10125650	1643971	10114059	0.84274	10119846	1.01178	10125650	1.0594	10114059	19154.1875311484	10119846	57074.660499318	10125650	1551794.41193128
86	10200951	25352	10206739	54120	10212542	1571321	10200951	0.84285	10206739	1.01169	10212542	1.05933	10200951	30078.8989737201	10206739	53494.6475699078	10212542	1483315.86946466	10217518	20578	10223306	93632	10229109	2234468	10217518	0.84298	10223306	1.0115	10229109	1.05882	10217518	24411.0180549954	10223306	92567.4740484429	10229109	2110337.92334863	10234101	15917	10239889	57219	10245692	1637454	10234101	0.84374	10239889	1.01217	10245692	1.05973	10234101	18864.8161755991	10239889	56531.0175168203	10245692	1545161.50340181
87	10320962	25304	10326750	53701	10332553	1566285	10320962	0.84219	10326750	1.01249	10332553	1.05937	10320962	30045.4766739097	10326750	53038.5485288744	10332553	1478506.0932441	10337529	20796	10343317	92808	10349120	2237926	10337529	0.84223	10343317	1.01216	10349120	1.05891	10337529	24691.5925578524	10343317	91693.0129623775	10349120	2113424.18146962	10354096	15974	10359884	56041	10365672	1626114	10354096	0.84251	10359884	1.01137	10365672	1.05934	10354096	18960.0123440671	10359884	55410.977189357	10365672	1535025.58196613
88	10440973	25458	10446761	52971	10452564	1566836	10440973	0.8423	10446761	1.01233	10452564	1.05901	10440973	30224.3856108275	10446761	52325.8226072526	10452564	1479528.99406049	10457540	20486	10463328	92292	10469131	2240249	10457540	0.84302	10463328	1.01203	10469131	1.05945	10457540	24300.7283338474	10463328	91194.9250516289	10469131	2114539.61961395	10474107	15933	10479895	54942	10485683	1617620	10474107	0.84265	10479895	1.012	10485683	1.05928	10474107	18908.2062540794	10479895	54290.5138339921	10485683	1527093.87508496
89	10560984	25904	10566772	52195	10572575	1560667	10560984	0.84246	10566772	1.01165	10572575	1.05916	10560984	30748.0473850391	10566772	51593.9307072604	10572575	1473495.03380037	10577567	20581	10583339	91259	10589142	2238929	10577567	0.84276	10583339	1.01176	10589142	1.05906	10577567	24420.9502112108	10583339	90198.2683640389	10589142	2114071.91282836	10594119	15674	10599906	54479	10605709	1610220	10594119	0.84313	10599906	1.01172	10605709	1.05924	10594119	18590.2529858978	10599906	53847.902581742	10605709	1520165.4016087
90	10680995	25587	10686783	51530	10692586	1552346	10680995	0.84262	10686783	1.01144	10692586	1.05846	10680995	30366.0012817166	10686783	50947.1644388199	10692586	1466608.09100013	10697578	20833	10703350	90180	10709153	2237422	10697578	0.84269	10703350	1.01178	10709153	1.05916	10697578	24722.0211465664	10703350	89130.0480341576	10709153	2112449.48827373	10714239	15832	10720011	53872	10725814	1602545	10714239	0.84252	10720011	1.01185	10725814	1.05927	10714239	18791.245311684	10720011	53241.0930473885	10725814	1512876.79250805
91	10801006	25985	10806794	50635	10812597	1545804	10801006	0.84216	10806794	1.01126	10812597	1.05984	10801006	30855.1819131756	10806794	50071.1983070625	10812597	1458525.81521739	10817573	20867	10823361	89685	10829164	2242167	10817573	0.8421	10823361	1.01164	10829164	1.05843	10817573	24779.7173732336	10823361	88653.0781701	10829164	2118389.50143137	10834141	15836	10839928	53108	10845731	1600976	10834141	0.84231	10839928	1.01097	10845731	1.05893	10834141	18800.6790848975	10839928	52531.7269553004	10845731	1511880.86086899
92	10921017	25798	10926805	50492	10932592	1540051	10921017	0.84209	10926805	1.01134	10932592	1.05887	10921017	30635.6802717049	10926805	49925.8409634742	10932592	1454428.77784808	10937569	20992	10943356	89357	10949160	2242357	10937569	0.84206	10943356	1.0112	10949160	1.05897	10937569	24929.3399520224	10943356	88367.2863924051	10949160	2117488.69184207	10954152	15730	10959924	53336	10965727	1602805	10954152	0.842	10959924	1.01218	10965727	1.05953	10954152	18681.7102137767	10959924	52694.1848287854	10965727	1512750.9367361
93	11041028	25945	11046816	49792	11052619	1536386	11041028	0.8418	11046816	1.01147	11052619	1.05915	11041028	30820.8600617724	11046816	49227.3621560699	11052619	1450583.95883491	11057595	20762	11063383	88593	11069186	2240211	11057595	0.84275	11063383	1.01114	11069186	1.05968	11057595	24636.0130525067	11063383	87616.9472081018	11069186	2114044.80597916	11074163	15721	11079935	53215	11085722	1603233	11074163	0.84348	11079935	1.01236	11085722	1.05928	11074163	18638.260539669	11079935	52565.2929787823	11085722	1513512.00815648
94	11161039	26188	11166827	49622	11172630	1532186	11161039	0.8429	11166827	1.01266	11172630	1.05976	11161039	31068.9286985408	11166827	49001.6392471313	11172630	1445785.83830301	11177606	20874	11183394	86720	11189197	2240065	11177606	0.84288	11183394	1.01194	11189197	1.05978	11177606	24765.0911161731	11183394	85696.7804415282	11189197	2113707.56194682	11194189	15752	11199977	52464	11205780	1605756	11194189	0.84244	11199977	1.01075	11205780	1.05901	11194189	18698.0675181615	11199977	51906.0103883255	11205780	1516280.29952503
95	11281050	26062	11286838	48867	11292641	1526659	11281050	0.84239	11286838	1.01134	11292641	1.05947	11281050	30938.1640332862	11286838	48319.0618387486	11292641	1440964.82203366	11297617	20648	11303405	86560	11309208	2238023	11297617	0.84197	11303405	1.00996	11309208	1.05898	11297617	24523.4390774018	11303405	85706.3646084994	11309208	2113376.07886834	11314185	15838	11319972	52621	11325775	1608880	11314185	0.84278	11319972	1.01176	11325775	1.05987	11314185	18792.5674553264	11319972	52009.3698110224	11325775	1517997.49025824
96	11401061	26151	11406849	48332	11412668	1521805	11401061	0.84285	11406849	1.01126	11412668	1.05893	11401061	31026.8731090942	11406849	47793.8413464391	11412668	1437115.76780335	11417660	20767	11423447	86200	11429250	2239640	11417660	0.84221	11423447	1.01227	11429250	1.05904	11417660	24657.7456928795	11423447	85155.1463542336	11429250	2114783.19987914	11434227	15566	11440014	52626	11445818	1612667	11434227	0.84269	11440014	1.01233	11445818	1.059	11434227	18471.798644816	11440014	51985.0246461134	11445818	1522820.58545798
97	11521072	26302	11526860	48617	11532679	1517260	11521072	0.84175	11526860	1.01244	11532679	1.05895	11521072	31246.8072468073	11526860	48019.6357315002	11532679	1432796.63817933	11537655	20608	11543427	85873	11549230	2238561	11537655	0.84278	11543427	1.01229	11549230	1.05906	11537655	24452.4075084838	11543427	84830.4339665511	11549230	2113724.43487621	11554222	15708	11560010	52556	11565813	1619139	11554222	0.84246	11560010	1.01235	11565813	1.06003	11554222	18645.3956270921	11560010	51914.8515829506	11565813	1527446.39302661
98	11641083	26103	11646871	47879	11652674	1514178	11641083	0.84243	11646871	1.01202	11652674	1.05965	11641083	30985.3637690965	11646871	47310.3298353788	11652674	1428941.63167083	11657666	20989	11663438	84202	11669241	2231619	11657666	0.84225	11663438	1.01207	11669241	1.05909	11657666	24920.1543484714	11663438	83197.8025235409	11669241	2107109.87734753	11674218	15701	11679990	52298	11685793	1620695	11674218	0.8424	11679990	1.01192	11685793	1.05995	11674218	18638.4140550807	11679990	51681.9511423828	11685793	1529029.67121091
99	11761094	26302	11766882	47925	11772685	1519156	11761094	0.84346	11766882	1.01313	11772685	1.06073	11761094	31183.4586109596	11766882	47303.8997956827	11772685	1432179.72528353	11777661	20854	11783449	84468	11789252	2235289	11777661	0.84311	11783449	1.01272	11789252	1.06118	11777661	24734.6135142508	11783449	83407.0621692077	11789252	2106418.32676831	11794229	15791	11800016	52791	11805819	1627922	11794229	0.8432	11800016	1.01219	11805819	1.05976	11794229	18727.4667931689	11800016	52155.2277734417	11805819	1536123.27319393
100	11881105	26235	11886893	47837	11892696	1519738	11881105	0.84308	11886893	1.01174	11892696	1.05995	11881105	31118.0433648052	11886893	47281.91037223	11892696	1433782.72560026	11897688	20878	11903460	84075	11909263	2233193	11897688	0.84375	11903460	1.01244	11909263	1.06049	11897688	24744.2962962963	11903460	83041.9580419581	11909263	2105812.40747202	11914240	15634	11920012	52705	11925815	1634270	11914240	0.843	11920012	1.01219	11925815	1.06082	11914240	18545.6702253855	11920012	52070.2634880803	11925815	1540572.38739843
101	12001116	26276	12006904	48032	12012707	1525636	12001116	0.84256	12006904	1.01244	12012707	1.0606	12001116	31185.9096088112	12006904	47441.8237130102	12012707	1438465.01980011	12017683	20743	12023471	83144	12029274	2229498	12017683	0.84352	12023471	1.01253	12029274	1.05991	12017683	24590.9996206373	12023471	82115.097824262	12029274	2103478.59723939	12034251	15758	12040023	52328	12045810	1630164	12034251	0.84333	12040023	1.01228	12045810	1.06028	12034251	18685.4493496022	12040023	51693.2074129688	12045810	1537484.43807296
102	12121127	26646	12126915	47676	12132718	1523375	12121127	0.8433	12126915	1.012	12132718	1.06047	12121127	31597.2963358236	12126915	47110.6719367589	12132718	1436509.28361953	12137694	20747	12143482	82685	12149285	2229077	12137694	0.84307	12143482	1.01161	12149285	1.0595	12137694	24608.8699633482	12143482	81736.044523087	12149285	2103895.23360076	12154262	15782	12160065	52172	12165868	1627235	12154262	0.84323	12160065	1.01315	12165868	1.05948	12154262	18716.1272725117	12160065	51494.842816957	12165868	1535880.80945369
103	12241138	26811	12246926	47032	12252713	1514829	12241138	0.84279	12246926	1.01303	12252713	1.05936	12241138	31812.1952087709	12246926	46427.0554672616	12252713	1429947.32668781	12257690	20846	12263477	82301	12269281	2226659	12257690	0.84337	12263477	1.01212	12269281	1.05997	12257690	24717.5024010814	12263477	81315.4566652176	12269281	2100681.15135334	12274257	15861	12280045	51997	12285832	1621051	12274257	0.84281	12280045	1.01252	12285832	1.06029	12274257	18819.1881918819	12280045	51354.0473274602	12285832	1528875.1190712
104	12361149	26584	12366937	46798	12372740	1506676	12361149	0.84307	12366937	1.01251	12372740	1.05964	12361149	31532.3757220634	12366937	46219.790421823	12372740	1421875.35389378	12377716	20757	12383504	81475	12389307	2221225	12377716	0.84303	12383504	1.01268	12389307	1.06021	12377716	24621.8995765275	12383504	80454.8327210965	12389307	2095080.21995642	12394268	15394	12400056	51551	12405859	1615308	12394268	0.8427	12400056	1.01242	12405859	1.05961	12394268	18267.4735967723	12400056	50918.5910985559	12405859	1524436.34922283
105	12481160	27095	12486948	46883	12492751	1506164	12481160	0.84285	12486948	1.01242	12492751	1.06082	12481160	32146.8826007	12486948	46307.8564232236	12492751	1419811.08953451	12497727	20828	12503515	80729	12509318	2222881	12497727	0.8432	12503515	1.01274	12509318	1.06006	12497727	24701.1385199241	12503515	79713.4506388609	12509318	2096938.85251778	12514295	15462	12520098	51659	12525901	1613488	12514295	0.84313	12520098	1.01175	12525901	1.06023	12514295	18338.8089618446	12520098	51059.0560909316	12525901	1521828.28254247
106	12601171	26847	12606959	46425	12612762	1499610	12601171	0.8424	12606959	1.01282	12612762	1.05953	12601171	31869.6581196581	12606959	45837.3649809443	12612762	1415353.9777071	12617738	21047	12623526	80820	12629329	2220243	12617738	0.84343	12623526	1.01369	12629329	1.06109	12617738	24954.0566496331	12623526	79728.5166076414	12629329	2092417.23133759	12634306	15605	12640078	51240	12645881	1609661	12634306	0.84318	12640078	1.01296	12645881	1.06008	12634306	18507.3175359947	12640078	50584.4258410994	12645881	1518433.51445174
107	12721182	27071	12726970	46419	12732773	1497725	12721182	0.84307	12726970	1.01217	12732773	1.06078	12721182	32110.0264509471	12726970	45860.8731734788	12732773	1411909.16118328	12737749	20479	12743537	80028	12749340	2209071	12737749	0.84336	12743537	1.01291	12749340	1.05879	12737749	24282.6313792449	12743537	79008.0066343505	12749340	2086410.90301193	12754332	15573	12760104	51240	12765892	1605629	12754332	0.84274	12760104	1.01285	12765892	1.06006	12754332	18479.0089470062	12760104	50589.9195339883	12765892	1514658.60422995
108	12841193	26909	12846965	46363	12852784	1489588	12841193	0.84353	12846965	1.01276	12852784	1.06044	12841193	31900.4658992567	12846965	45778.8617243967	12852784	1404688.61981819	12857745	20793	12863532	79914	12869320	2211973	12857745	0.8436	12863532	1.01261	12869320	1.06034	12857745	24647.9374110953	12863532	78918.8335094459	12869320	2086097.85540487	12874297	15573	12880084	50943	12885887	1599372	12874297	0.84329	12880084	1.01362	12885887	1.06052	12874297	18466.9568001518	12880084	50258.4795090863	12885887	1508101.68596538
109	12961204	27045	12966992	46049	12972795	1482051	12961204	0.84315	12966992	1.01273	12972795	1.06081	12961204	32076.1430350471	12966992	45470.1648020696	12972795	1397093.73026272	12977771	21061	12983544	79081	12989347	2208253	12977771	0.84398	12983544	1.01187	12989347	1.06057	12977771	24954.3828052797	12983544	78153.3200905255	12989347	2082137.90697455	12994323	15902	13000111	50550	13005914	1601049	12994323	0.84349	13000111	1.01312	13005914	1.06072	12994323	18852.6242160547	13000111	49895.3727100442	13005914	1509398.33320763
110	13081215	27330	13087003	46235	13092806	1479856	13081215	0.84328	13087003	1.01226	13092806	1.06061	13081215	32409.1642159188	13087003	45675.0242032679	13092806	1395287.61750314	13097783	20764	13103570	78867	13109373	2210100	13097783	0.84311	13103570	1.01202	13109373	1.06074	13097783	24627.8658775249	13103570	77930.2780577459	13109373	2083545.44940325	13114350	15371	13120137	50227	13125941	1594337	13114350	0.84367	13120137	1.01283	13125941	1.06051	13114350	18219.2089324025	13120137	49590.7506689178	13125941	1503368.19077614
111	13201226	27288	13207014	45861	13212817	1475592	13201226	0.84387	13207014	1.01256	13212817	1.06103	13201226	32336.7343311174	13207014	45292.1308366912	13212817	1390716.5678633	13217794	20875	13223581	78277	13229384	2202635	13217794	0.84361	13223581	1.01237	13229384	1.0604	13217794	24744.8465523168	13223581	77320.5448600808	13229384	2077173.7080347	13234361	15396	13240148	50310	13245952	1590358	13234361	0.84366	13240148	1.01272	13245952	1.06043	13234361	18249.0576772634	13240148	49678.0946362272	13245952	1499729.35507294
112	13321237	27263	13327025	45528	13332828	1467852	13321237	0.84382	13327025	1.0132	13332828	1.06183	13321237	32309.0232514043	13327025	44934.8598499803	13332828	1382379.47694075	13337805	21152	13343592	77692	13349395	2200416	13337805	0.84392	13343592	1.01341	13349395	1.06058	13337805	25063.9871077827	13343592	76663.9366100591	13349395	2074728.92191065	13354387	15581	13360159	50279	13365978	1584040	13354387	0.84451	13360159	1.014	13365978	1.06185	13354387	18449.751927153	13360159	49584.8126232742	13365978	1491773.7910251
113	13441248	27430	13447036	45478	13452839	1460194	13441248	0.84391	13447036	1.01327	13452839	1.06029	13441248	32503.4660094086	13447036	44882.4104138088	13452839	1377164.73794905	13457831	20431	13463603	77676	13469422	2197989	13457831	0.84315	13463603	1.01314	13469422	1.06086	13457831	24231.7499851746	13463603	76668.5749254792	13469422	2071893.55805667	13474398	15424	13480170	50094	13485974	1580293	13474398	0.84341	13480170	1.01328	13485974	1.061	13474398	18287.6655481913	13480170	49437.4703931786	13485974	1489437.32327992
114	13561259	27592	13567047	45178	13572850	1455269	13561259	0.84483	13567047	1.01406	13572850	1.06131	13561259	32659.8250535611	13567047	44551.6044415518	13572850	1371200.68594473	13577842	20579	13583614	76933	13589433	2198684	13577842	0.84376	13583614	1.01428	13589433	1.0617	13577842	24389.6368635631	13583614	75849.8639428955	13589433	2070908.91965715	13594409	15430	13600197	50130	13605985	1575869	13594409	0.84463	13600197	1.01286	13605985	1.06103	13594409	18268.3541905923	13600197	49493.5134174516	13605985	1485225.67693656
115	13681270	27510	13687058	45423	13692861	1453175	13681270	0.84421	13687058	1.01393	13692861	1.06151	13681270	32586.6786699992	13687058	44798.9506178928	13692861	1368969.6752739	13697838	20946	13703625	76762	13709413	2193022	13697838	0.84396	13703625	1.01365	13709413	1.06155	13697838	24818.7117872885	13703625	75728.3085877768	13709413	2065867.83476991	13714389	15528	13720208	49606	13726011	1570850	13714389	0.84408	13720208	1.01333	13726011	1.06153	13714389	18396.3605345465	13720208	48953.4505047714	13726011	1479798.02737558
116	13801281	27928	13807069	45243	13812888	1444741	13801281	0.84416	13807069	1.01451	13812888	1.06164	13801281	33083.7755875663	13807069	44595.9132980454	13812888	1360857.72955051	13817864	20669	13823667	76320	13829486	2188636	13817864	0.84386	13823667	1.01348	13829486	1.06129	13817864	24493.3993790439	13823667	75304.8900816987	13829486	2062241.23472378	13834463	15538	13840250	49808	13846085	1567432	13834463	0.84404	13840250	1.01317	13846085	1.06142	13834463	18409.0801383821	13840250	49160.5554842721	13846085	1476731.17144957
117	13921292	27802	13927080	44482	13932883	1438660	13921292	0.84366	13927080	1.01271	13932883	1.06094	13921292	32954.0336154375	13927080	43923.7293993345	13932883	1356023.90333101	13937875	21028	13943647	76299	13949450	2184023	13937875	0.84371	13943647	1.0135	13949450	1.061	13937875	24923.2556210072	13943647	75282.6837691169	13949450	2058457.11592837	13954427	15372	13960214	50163	13966018	1561617	13954427	0.8445	13960214	1.01355	13966018	1.0608	13954427	18202.486678508	13960214	49492.3782743821	13966018	1472112.55656109
118	14041303	27956	14047091	44716	14052910	1432280	14041303	0.84416	14047091	1.01364	14052910	1.06192	14041303	33116.9446550417	14047091	44114.2812043724	14052910	1348764.50203405	14057886	20601	14063674	75721	14069477	2185635	14057886	0.84412	14063674	1.01452	14069477	1.06104	14057886	24405.2978249538	14063674	74637.2668848323	14069477	2059898.77855689	14074453	15251	14080241	49790	14086044	1558157	14074453	0.84428	14080241	1.01423	14086044	1.06258	14074453	18063.9124461079	14080241	49091.4289658164	14086044	1466390.29531894
119	14161314	28149	14167102	44464	14172905	1427028	14161314	0.84489	14167102	1.01352	14172905	1.0619	14161314	33316.763128928	14167102	43870.865893125	14172905	1343844.05311235	14177882	20754	14183669	75217	14189457	2177683	14177882	0.8446	14183669	1.01316	14189457	1.0609	14177882	24572.5787354961	14183669	74240.0015792175	14189457	2052675.08719012	14194433	15312	14200221	49257	14206040	1556872	14194433	0.84467	14200221	1.01347	14206040	1.06111	14194433	18127.7895509489	14200221	48602.3266598913	14206040	1467210.75100602
120	14281325	28260	14287113	44510	14292932	1418257	14281325	0.84455	14287113	1.01375	14292932	1.06182	14281325	33461.6067728376	14287113	43906.2885326757	14292932	1335684.95601891	14297908	20619	14303774	75198	14309577	2176287	14297908	0.84386	14303774	1.01453	14309577	1.06248	14297908	24434.1478444292	14303774	74121.02155678	14309577	2048308.67404563	14314553	15614	14320341	49538	14326144	1551079	14314553	0.84414	14320341	1.01422	14326144	1.06128	14314553	18496.9317885659	14320341	48843.4461951056	14326144	1461517.22448364
121	14401336	28673	14407124	43986	14412927	1415298	14401336	0.84406	14407124	1.01397	14412927	1.06222	14401336	33970.3338625216	14407124	43379.981656262	14412927	1332396.30208431	14417904	20733	14423691	75119	14429494	2168204	14417904	0.84441	14423691	1.01357	14429494	1.06113	14417904	24553.238355775	14423691	74113.2827530412	14429494	2043297.239735	14434455	15243	14440243	49075	14446046	1544611	14434455	0.84368	14440243	1.0135	14446046	1.062	14434455	18067.2766925849	14440243	48421.3122841638	14446046	1454435.96986817
122	14521347	28385	14527135	44083	14532954	1407201	14521347	0.84389	14527135	1.01329	14532954	1.06166	14521347	33635.900413561	14527135	43504.8209298424	14532954	1325472.37345289	14537930	20881	14543702	74232	14549505	2168298	14537930	0.84372	14543702	1.01357	14549505	1.06192	14537930	24748.7318067605	14543702	73238.1581933167	14549505	2041865.67726382	14554497	15539	14560285	49425	14566073	1537517	14554497	0.8439	14560285	1.0136	14566073	1.06139	14554497	18413.3191136391	14560285	48761.8389897396	14566073	1448588.17211393
123	14641358	28859	14647146	43869	14652965	1399378	14641358	0.84419	14647146	1.01435	14652965	1.06211	14641358	34185.432189436	14647146	43248.3856656972	14652965	1317545.26367325	14657926	20754	14663713	74251	14669516	2165420	14657926	0.84434	14663713	1.01459	14669516	1.06219	14657926	24580.1454390411	14663713	73183.2562907184	14669516	2038637.1553112	14674493	15602	14680280	49469	14686084	1537926	14674493	0.84425	14680280	1.01367	14686084	1.06244	14674493	18480.30796565	14680280	48801.8783233202	14686084	1447541.50822635
124	14761369	28659	14767157	43727	14772976	1393779	14761369	0.84415	14767157	1.0127	14772976	1.06148	14761369	33950.1273470355	14767157	43178.6313814555	14772976	1313052.53042921	14777952	20676	14783740	73891	14789527	2159308	14777952	0.84439	14783740	1.01346	14789527	1.06115	14777952	24486.3155650825	14783740	72909.6362954631	14789527	2034875.3710597	14794519	15512	14800291	49412	14806095	1528596	14794519	0.84386	14800291	1.01386	14806095	1.06144	14794519	18382.196098879	14800291	48736.5119444499	14806095	1440115.31504371
125	14881380	28828	14887168	43608	14892971	1387081	14881380	0.84405	14887168	1.01332	14892971	1.06123	14881380	34154.3747408329	14887168	43034.7767733786	14892971	1307050.30954647	14897948	20688	14903735	73735	14909538	2154673	14897948	0.84353	14903735	1.01209	14909538	1.06153	14897948	24525.505909689	14903735	72854.1928089399	14909538	2029780.59970043	14914515	15306	14920303	49491	14926106	1523816	14914515	0.84412	14920303	1.01384	14926106	1.06124	14914515	18132.4930104724	14920303	48815.3949341119	14926106	1435882.55248577
126	15001391	28814	15007179	43804	15012998	1379133	15001391	0.84411	15007179	1.01373	15012998	1.06153	15001391	34135.3615050171	15007179	43210.7168575459	15012998	1299193.61676071	15017974	20673	15023762	73812	15029565	2153361	15017974	0.84436	15023762	1.01358	15029565	1.0614	15017974	24483.6325737837	15023762	72823.0628070798	15029565	2028793.10344828	15034542	15489	15040329	49520	15046132	1522039	15034542	0.84445	15040329	1.01404	15046132	1.06136	15034542	18342.1161702884	15040329	48834.365508264	15046132	1434045.94105676
127	15121402	28938	15127174	43795	15132978	1369820	15121402	0.84461	15127174	1.01421	15132978	1.06071	15121402	34261.9670617208	15127174	43181.3924137999	15132978	1291418.01246335	15137954	20791	15143742	73608	15149545	2150529	15137954	0.84438	15143742	1.01358	15149545	1.06224	15137954	24622.8001610649	15143742	72621.7960101817	15149545	2024522.70673294	15154521	15522	15160309	49120	15166112	1515298	15154521	0.84399	15160309	1.01333	15166112	1.06154	15154521	18391.2131660328	15160309	48473.8436639594	15166112	1427452.56890932
128	15241413	28914	15247232	43848	15253051	1368624	15241413	0.84452	15247232	1.01333	15253051	1.06207	15241413	34237.1998294889	15247232	43271.1949710361	15253051	1288638.22535238	15258012	20932	15263800	73285	15269618	2149134	15258012	0.84435	15263800	1.01472	15269618	1.06214	15258012	24790.6673772725	15263800	72221.8937243772	15269618	2023399.92844634	15274595	15652	15280382	48901	15286170	1506934	15274595	0.84437	15280382	1.01347	15286170	1.06129	15274595	18536.8973317385	15280382	48251.058245434	15286170	1419907.84799631
129	15361424	29354	15367212	43599	15373031	1359303	15361424	0.84369	15367212	1.01355	15373031	1.06059	15361424	34792.4000521519	15367212	43016.1314192689	15373031	1281647.95066897	15378007	20747	15383811	72429	15389614	2138922	15378007	0.84394	15383811	1.01297	15389614	1.06174	15378007	24583.5011967675	15383811	71501.6239375302	15389614	2014544.05033247	15394606	15502	15400393	49132	15406197	1506141	15394606	0.84409	15400393	1.01282	15406197	1.06118	15394606	18365.3401888424	15400393	48510.1005114433	15406197	1419307.75174805
130	15481435	28951	15487223	43326	15493026	1352569	15481435	0.84369	15487223	1.01336	15493026	1.06163	15481435	34314.7364553331	15487223	42754.795926423	15493026	1274049.33922365	15498018	20662	15503806	72463	15509594	2134636	15498018	0.84424	15503806	1.01408	15509594	1.06137	15498018	24474.0831990903	15503806	71456.887030609	15509594	2011208.15549714	15514586	15450	15520373	48709	15526176	1497098	15514586	0.84422	15520373	1.0143	15526176	1.06143	15514586	18300.9168226292	15520373	48022.2813763186	15526176	1410453.82173106
131	15601447	29040	15607234	43392	15613053	1345265	15601447	0.8438	15607234	1.01272	15613053	1.06175	15601447	34415.7383266177	15607234	42846.9863338336	15613053	1267026.13609607	15618045	20410	15623833	72634	15629636	2132256	15618045	0.84366	15623833	1.01305	15629636	1.06045	15618045	24192.2101320437	15623833	71698.3367059869	15629636	2010708.66141732	15634612	15222	15640400	48788	15646203	1494815	15634612	0.84353	15640400	1.01282	15646203	1.06093	15634612	18045.5941104644	15640400	48170.4547698505	15646203	1408966.66132544
132	15721458	29404	15727245	43328	15733064	1338329	15721458	0.84451	15727245	1.01423	15733064	1.06186	15721458	34817.8233531871	15727245	42720.0930755351	15733064	1260362.94803458	15738025	20501	15743812	71862	15749600	2129074	15738025	0.84444	15743812	1.01358	15749600	1.06114	15738025	24277.6277769883	15743812	70899.1890132007	15749600	2006402.54820288	15754576	15413	15760364	48612	15766167	1489901	15754576	0.84421	15760364	1.01427	15766167	1.06099	15754576	18257.3056466993	15760364	47928.066491171	15766167	1404255.45952365
133	15841469	29544	15847256	42705	15853075	1333152	15841469	0.84429	15847256	1.01404	15853075	1.06192	15841469	34992.7157730164	15847256	42113.7233245237	15853075	1255416.6038873	15858051	20708	15863823	71786	15869627	2127608	15858051	0.8439	15863823	1.01311	15869627	1.06132	15858051	24538.4524232729	15863823	70857.063892371	15869627	2004680.96332869	15874603	15454	15880391	48397	15886178	1486288	15874603	0.84406	15880391	1.01315	15886178	1.06161	15874603	18309.1249437244	15880391	47768.8397571929	15886178	1400032.02682718
134	15961480	29672	15967283	42853	15973086	1327232	15961480	0.84448	15967283	1.01313	15973086	1.06156	15961480	35136.4153088291	15967283	42297.6320906498	15973086	1250265.64678398	15978062	20833	15983850	71223	15989638	2119412	15978062	0.84455	15983850	1.0132	15989638	1.06075	15978062	24667.5744479309	15983850	70295.1046190288	15989638	1998031.58142823	15994630	15010	16000417	48186	16006205	1478781	15994630	0.84411	16000417	1.01344	16006205	1.06181	15994630	17782.0426247764	16000417	47546.9687401326	16006205	1392698.3170247
135	16081491	29704	16087278	42678	16093097	1318606	16081491	0.84416	16087278	1.01375	16093097	1.06141	16081491	35187.6421531463	16087278	42099.1368680641	16093097	1242315.41063303	16098120	20668	16103923	71461	16109727	2117915	16098120	0.8442	16103923	1.01374	16109727	1.06226	16098120	24482.3501539919	16103923	70492.433957425	16109727	1993782.12490351	16114703	15010	16120491	47971	16126309	1473906	16114703	0.84433	16120491	1.01386	16126309	1.06142	16114703	17777.4093067876	16120491	47315.2111731403	16126309	1388617.13553541
136	16201502	29870	16207289	42614	16213092	1311978	16201502	0.84453	16207289	1.01329	16213092	1.06165	16201502	35368.7850046772	16207289	42055.0878820476	16213092	1235791.45669477	16218069	20638	16223841	71023	16229644	2114537	16218069	0.84528	16223841	1.01387	16229644	1.06106	16218069	24415.5782699224	16223841	70051.3872587215	16229644	1992853.37304205	16234636	15115	16240408	47739	16246211	1470650	16234636	0.84469	16240408	1.01368	16246211	1.06127	16234636	17894.1386780949	16240408	47094.7439034015	16246211	1385745.38053464
137	16321513	30005	16327300	42729	16333119	1307600	16321513	0.84517	16327300	1.01369	16333119	1.06147	16321513	35501.7333790835	16327300	42151.9399421914	16333119	1231876.54856002	16338080	20457	16343852	70519	16349655	2114061	16338080	0.84441	16343852	1.01331	16349655	1.0619	16338080	24226.3829182506	16343852	69592.7208850204	16349655	1990828.70326773	16354631	15330	16360419	47906	16366222	1467539	16354631	0.84403	16360419	1.0135	16366222	1.06195	16354631	18162.861509662	16360419	47267.883571781	16366222	1381928.52770846
138	16441524	29855	16447311	42455	16453114	1301894	16441524	0.84361	16447311	1.01302	16453114	1.06222	16441524	35389.5757518285	16447311	41909.3403881463	16453114	1225634.99086818	16458091	20586	16463878	70558	16469666	2102469	16458091	0.84393	16463878	1.01332	16469666	1.06153	16458091	24393.0183783015	16463878	69630.5214542297	16469666	1980602.52654188	16474642	15181	16480430	47653	16486233	1463763	16474642	0.84377	16480430	1.01333	16486233	1.06273	16474642	17991.869822345	16480430	47026.1415333603	16486233	1377361.13594234
139	16561535	29972	16567322	42337	16573141	1292284	16561535	0.84327	16567322	1.0141	16573141	1.06175	16561535	35542.5901549919	16567322	41748.3482891234	16573141	1217126.44219449	16578102	20587	16583889	69999	16589693	2102679	16578102	0.84414	16583889	1.01375	16589693	1.06204	16578102	24388.1346696046	16583889	69049.568434032	16589693	1979849.1582238	16594669	14954	16600457	47653	16606260	1454839	16594669	0.84456	16600457	1.01427	16606260	1.0614	16594669	17706.2612484607	16600457	46982.5588847151	16606260	1370679.29150179
140	16681546	30086					16681546	0.84499					16681546	35605.1550905928																																								
141																																																						
142																																																						
143																																																						
144																																																						
145																																																						
146																																																						
147																																																						
148																																																						
149																																																						
150																																																						
151																																																						
152																																																						
153																																																						
154																																																						
155																																																						
156																																																						
157																																																						
158																																																						
159																																																						
160																																																						
161																																																						
162																																																						
163																																																						
164																																																						
165																																																						
166																																																						
167																																																						
168																																																						
169																																																						
170																																																						
171																																																						
172																																																						
173																																																						
174																																																						
175																																																						
176																																																						
177																																																						
178																																																						
179																																																						
180																																																						
181																																																						
182																																																						
183																																																						
184																																																						
185																																																						
186																																																						
187																																																						
188																																																						
189																																																						
190																																																						
191																																																						
192																																																						
193																																																						
194																																																						
195																																																						
196																																																						
197																																																						
198																																																						
199																																																						
200																																																						
201																																																						
202																																																						
203																																																						
204																																																						
205																																																						
206																																																						
207																																																						
208																																																						
209																																																						
210																																																						
211																																																						
212																																																						
213																																																						
214																																																						
215																																																						
216																																																						
217																																																						
218																																																						
219																																																						
220																																																						
221																																																						
222																																																						
223																																																						
224																																																						
225																																																						
226																																																						
227																																																						
228																																																						
229																																																						
230																																																						
231																																																						
232																																																						
233																																																						
234																																																						
235																																																						
236																																																						
237																																																						
238																																																						
239																																																						
240																																																						
241																																																						
242																																																						
243																																																						
244																																																						
245																																																						
246																																																						
247																																																						
248																																																						
249																																																						
250																																																						
251																																																						
252																																																						
253																																																						
254																																																						
255																																																						
256																																																						
257																																																						
258																																																						
259																																																						
260																																																						
261																																																						
262																																																						
263																																																						
264																																																						
265																																																						
266																																																						
267																																																						
268																																																						
269																																																						
270																																																						
271																																																						
272																																																						
273																																																						
274																																																						
275																																																						
276																																																						
277																																																						
278																																																						
279																																																						
280																																																						
281																																																						
282																																																						
283																																																						
284																																																						
285																																																						
286																																																						
287																																																						
288																																																						
289																																																						
290																																																						
291																																																						
292																																																						
293																																																						
294																																																						
295																																																						
296																																																						
297																																																						
298																																																						
299																																																						
300																																																						
301																																																						