HJY Multigroup Import
Application Version:	3.5.1.20
SystemConfiguration::	FL3-11_1602C-0213-FL
Experiment Time Stamp:	10/7/2025 11:13 AM
Export Time Stamp:	10/7/2025 4:21 PM
Experiment Comment:	None

Integration Time:	1
Time Sequence Interval Points:	301
Time Sequence Experiment Duration:	10:00:00	36000000 (ms)
Repetition Time Sequence Enabled:	False
Repetition Time Sequence Count:	2
Repetition Time Sequence Delay:	0 seconds
Time Sequence Interval Total Points:	301
Time Sequence Experiment Duration Total:	10:00:00	36000000 (ms)

Mono Count:	2
Mono Description:	Excitation 1 (Mono1)	Emission 1 (Mono2)
Mono Slit Width:		5	5
Mono Grating Index:		0	0
Mono Grating Value:		1200	1200

Mono Wavelength Group Count:	3
Mono Wavelength Group Description:	Group 1:(Excitation 1:596 Emission 1:615)	Group 2:(Excitation 1:549 Emission 1:565)	Group 3:(Excitation 1:495 Emission 1:520)

Detector Count:	3
Detector Description:	S1 (SCD1)	R (SCD2)	S1/R (SCD1/SCD2)
Detector High Voltage:	950	None	None

Accessory Sequential Type:	Temperature Controller
Accessory Sequential Description:	Temperature Control (TC1)
Accessory Sequential Scan Position Count:	1
Accessory Sequential Scan Positions:		37

Accessory Interleave Type:	Sample Changer
Accessory Interleave Description:	Sample Changer - 4 Position (SCH1)
Accessory Interleave Scan Position Count:	3
Accessory Interleave Scan Positions:	1	2	3

Axis	X	Y	X	Y	X	Y	X	Y	X	Y	X	Y	X	Y	X	Y	X	Y	X	Y	X	Y	X	Y	X	Y	X	Y	X	Y	X	Y	X	Y	X	Y	X	Y	X	Y	X	Y	X	Y	X	Y	X	Y	X	Y	X	Y	X	Y
Sequential: Temperature Controller	Idx:0(Pos:37.00)	Idx:0(Pos:37.00)	Idx:0(Pos:37.00)	Idx:0(Pos:37.00)	Idx:0(Pos:37.00)	Idx:0(Pos:37.00)	Idx:0(Pos:37.00)	Idx:0(Pos:37.00)	Idx:0(Pos:37.00)	Idx:0(Pos:37.00)	Idx:0(Pos:37.00)	Idx:0(Pos:37.00)	Idx:0(Pos:37.00)	Idx:0(Pos:37.00)	Idx:0(Pos:37.00)	Idx:0(Pos:37.00)	Idx:0(Pos:37.00)	Idx:0(Pos:37.00)	Idx:0(Pos:37.00)	Idx:0(Pos:37.00)	Idx:0(Pos:37.00)	Idx:0(Pos:37.00)	Idx:0(Pos:37.00)	Idx:0(Pos:37.00)	Idx:0(Pos:37.00)	Idx:0(Pos:37.00)	Idx:0(Pos:37.00)	Idx:0(Pos:37.00)	Idx:0(Pos:37.00)	Idx:0(Pos:37.00)	Idx:0(Pos:37.00)	Idx:0(Pos:37.00)	Idx:0(Pos:37.00)	Idx:0(Pos:37.00)	Idx:0(Pos:37.00)	Idx:0(Pos:37.00)	Idx:0(Pos:37.00)	Idx:0(Pos:37.00)	Idx:0(Pos:37.00)	Idx:0(Pos:37.00)	Idx:0(Pos:37.00)	Idx:0(Pos:37.00)	Idx:0(Pos:37.00)	Idx:0(Pos:37.00)	Idx:0(Pos:37.00)	Idx:0(Pos:37.00)	Idx:0(Pos:37.00)	Idx:0(Pos:37.00)	Idx:0(Pos:37.00)	Idx:0(Pos:37.00)	Idx:0(Pos:37.00)	Idx:0(Pos:37.00)	Idx:0(Pos:37.00)	Idx:0(Pos:37.00)
Interleave: Sample Changer	Idx:0(Pos:1)	Idx:0(Pos:1)	Idx:0(Pos:1)	Idx:0(Pos:1)	Idx:0(Pos:1)	Idx:0(Pos:1)	Idx:0(Pos:1)	Idx:0(Pos:1)	Idx:0(Pos:1)	Idx:0(Pos:1)	Idx:0(Pos:1)	Idx:0(Pos:1)	Idx:0(Pos:1)	Idx:0(Pos:1)	Idx:0(Pos:1)	Idx:0(Pos:1)	Idx:0(Pos:1)	Idx:0(Pos:1)	Idx:1(Pos:2)	Idx:1(Pos:2)	Idx:1(Pos:2)	Idx:1(Pos:2)	Idx:1(Pos:2)	Idx:1(Pos:2)	Idx:1(Pos:2)	Idx:1(Pos:2)	Idx:1(Pos:2)	Idx:1(Pos:2)	Idx:1(Pos:2)	Idx:1(Pos:2)	Idx:1(Pos:2)	Idx:1(Pos:2)	Idx:1(Pos:2)	Idx:1(Pos:2)	Idx:1(Pos:2)	Idx:1(Pos:2)	Idx:2(Pos:3)	Idx:2(Pos:3)	Idx:2(Pos:3)	Idx:2(Pos:3)	Idx:2(Pos:3)	Idx:2(Pos:3)	Idx:2(Pos:3)	Idx:2(Pos:3)	Idx:2(Pos:3)	Idx:2(Pos:3)	Idx:2(Pos:3)	Idx:2(Pos:3)	Idx:2(Pos:3)	Idx:2(Pos:3)	Idx:2(Pos:3)	Idx:2(Pos:3)	Idx:2(Pos:3)	Idx:2(Pos:3)
Detector	S1 (SCD1)	S1 (SCD1)	S1 (SCD1)	S1 (SCD1)	S1 (SCD1)	S1 (SCD1)	R (SCD2)	R (SCD2)	R (SCD2)	R (SCD2)	R (SCD2)	R (SCD2)	S1/R (SCD1/SCD2)	S1/R (SCD1/SCD2)	S1/R (SCD1/SCD2)	S1/R (SCD1/SCD2)	S1/R (SCD1/SCD2)	S1/R (SCD1/SCD2)	S1 (SCD1)	S1 (SCD1)	S1 (SCD1)	S1 (SCD1)	S1 (SCD1)	S1 (SCD1)	R (SCD2)	R (SCD2)	R (SCD2)	R (SCD2)	R (SCD2)	R (SCD2)	S1/R (SCD1/SCD2)	S1/R (SCD1/SCD2)	S1/R (SCD1/SCD2)	S1/R (SCD1/SCD2)	S1/R (SCD1/SCD2)	S1/R (SCD1/SCD2)	S1 (SCD1)	S1 (SCD1)	S1 (SCD1)	S1 (SCD1)	S1 (SCD1)	S1 (SCD1)	R (SCD2)	R (SCD2)	R (SCD2)	R (SCD2)	R (SCD2)	R (SCD2)	S1/R (SCD1/SCD2)	S1/R (SCD1/SCD2)	S1/R (SCD1/SCD2)	S1/R (SCD1/SCD2)	S1/R (SCD1/SCD2)	S1/R (SCD1/SCD2)
WL Group	1	1	2	2	3	3	1	1	2	2	3	3	1	1	2	2	3	3	1	1	2	2	3	3	1	1	2	2	3	3	1	1	2	2	3	3	1	1	2	2	3	3	1	1	2	2	3	3	1	1	2	2	3	3
Units	(ms)	CPS	(ms)	CPS	(ms)	CPS	(ms)	MicroAmps	(ms)	MicroAmps	(ms)	MicroAmps	(ms)	CPS	(ms)	CPS	(ms)	CPS	(ms)	CPS	(ms)	CPS	(ms)	CPS	(ms)	MicroAmps	(ms)	MicroAmps	(ms)	MicroAmps	(ms)	CPS	(ms)	CPS	(ms)	CPS	(ms)	CPS	(ms)	CPS	(ms)	CPS	(ms)	MicroAmps	(ms)	MicroAmps	(ms)	MicroAmps	(ms)	CPS	(ms)	CPS	(ms)	CPS
1	0	119786	5787	1067712	11590	3140403	0	0.8388	5787	0.99916	11590	1.07252	0	142806.390081068	5787	1068609.63209096	11590	2928060.08279566	16567	122975	22354	1093113	28158	3229053	16567	0.83783	22354	0.9994	28158	1.07225	16567	146777.985987611	22354	1093769.26155693	28158	3011474.00326416	33134	122339	38906	1192033	44709	3397920	33134	0.83841	38906	1.00029	44709	1.07237	33134	145917.868346036	38906	1191687.41065091	44709	3168607.84990255
2	120011	119571	125798	914631	131601	3027056	120011	0.83801	125798	0.99916	131601	1.07123	120011	142684.454839441	125798	915399.935946195	131601	2825775.97714776	136578	122611	142350	942332	148153	3121721	136578	0.8388	142350	1.00007	148153	1.07287	136578	146174.296614211	142350	942266.041377104	148153	2909691.7613504	153114	121259	158901	1025334	164705	3293218	153114	0.8383	158901	0.9992	164705	1.07259	153114	144648.693785041	158901	1026154.92393915	164705	3070341.88273245
3	240022	119082	245809	889085	251612	3007871	240022	0.83786	245809	0.99915	251612	1.07265	240022	142126.369560547	245809	889841.365160386	251612	2804149.5361954	256589	122573	262361	917958	268164	3097096	256589	0.83816	262361	0.99939	268164	1.07231	256589	146240.574591963	262361	918518.296160658	268164	2888246.86890918	273140	121490	278928	988325	284731	3261390	273140	0.83742	278928	0.9987	284731	1.07229	273140	145076.544625158	278928	989611.494943427	284731	3041518.6190303
4	360033	119118	365820	881702	371623	2991419	360033	0.8377	365820	0.99946	371623	1.07245	360033	142196.490390355	365820	882178.376323215	371623	2789331.90358525	376600	123369	382372	912171	388175	3089789	376600	0.83802	382372	0.99952	388175	1.07251	376600	147214.863607074	382372	912609.052345126	388175	2880895.28302766	393151	122006	398923	983072	404727	3250582	393151	0.83793	398923	0.9992	404727	1.07142	393151	145604.048070841	398923	983859.087269816	404727	3033900.80453977
5	480044	119248	485831	877299	491650	2988601	480044	0.83799	485831	0.99893	491650	1.07223	480044	142302.414109954	485831	878238.715425505	491650	2787276.0508473	496611	122901	502383	908088	508186	3085340	496611	0.83821	502383	0.99968	508186	1.07258	496611	146623.161260305	502383	908378.681177977	508186	2876559.32424621	513162	122207	518934	981650	524738	3244217	513162	0.83832	518934	0.99971	524738	1.07249	513162	145776.075961447	518934	981934.761080713	524738	3024939.16027189
6	600055	119435	605842	877630	611645	2979324	600055	0.8381	605842	0.9994	611645	1.07264	600055	142506.860756473	605842	878156.894136482	611645	2777561.90334129	616622	122874	622394	908698	628197	3083533	616622	0.83782	622394	0.99956	628197	1.07209	616622	146659.186937528	622394	909098.003121374	628197	2876188.56625843	633173	122696	638945	977458	644749	3232781	633173	0.83825	638945	1.00047	644749	1.07285	633173	146371.607515658	638945	976998.810559037	644749	3013264.66887263
7	720066	118770	725869	873526	731672	2972275	720066	0.83802	725869	0.99868	731672	1.07174	720066	141726.927758287	725869	874680.57836344	731672	2773317.22246067	736648	122689	742452	908233	748255	3074007	736648	0.83753	742452	0.99863	748255	1.07177	736648	146489.080988144	742452	909478.986211109	748255	2868159.21326404	753216	121396	759003	972089	764806	3227877	753216	0.83743	759003	0.9985	764806	1.07151	753216	144962.564035203	759003	973549.323985979	764806	3012456.25332475
8	840077	118222	845880	871957	851683	2968648	840077	0.83729	845880	0.99908	851683	1.07238	840077	141196.001385422	845880	872759.939144012	851683	2768279.90078144	856659	123300	862447	904218	868235	3070493	856659	0.8375	862447	0.99878	868235	1.07173	856659	147223.880597015	862447	905322.493441999	868235	2864987.45019734	873211	121693	878999	972798	884802	3220961	873211	0.8376	878999	0.99952	884802	1.07236	873211	145287.726838586	878999	973265.167280295	884802	3003619.12044463
9	960088	118174	965891	872524	971694	2961209	960088	0.83809	965891	0.99866	971694	1.07288	960088	141003.949456502	965891	873694.750966295	971694	2760056.11065543	976655	123171	982442	906666	988261	3066512	976655	0.83801	982442	1.00046	988261	1.07256	976655	146980.346296584	982442	906249.125402315	988261	2859058.70067875	993238	121709	999025	970730	1004828	3215557	993238	0.83859	999025	0.9993	1004828	1.07281	993238	145135.286612051	999025	971409.986990894	1004828	2997321.98618581
10	1080099	118729	1085902	872355	1091705	2963914	1080099	0.83767	1085902	0.99959	1091705	1.07364	1080099	141737.199613213	1085902	872712.812253024	1091705	2760621.80991766	1096666	123457	1102500	906629	1108303	3071922	1096666	0.83874	1102500	0.99992	1108303	1.07401	1096666	147193.409161361	1102500	906701.53612289	1108303	2860235.93821287	1113280	122309	1119052	971431	1124855	3209982	1113280	0.8388	1119052	0.99987	1124855	1.07258	1113280	145814.258464473	1119052	971557.302449318	1124855	2992766.97309292
11	1200110	108046	1205897	564621	1211700	2773994	1200110	0.83766	1205897	0.99949	1211700	1.07288	1200110	128985.507246377	1205897	564909.103642858	1211700	2585558.49675639	1216677	114772	1222464	600070	1228252	2909754	1216677	0.83805	1222464	0.99978	1228252	1.07369	1216677	136951.255891653	1222464	600202.044449779	1228252	2710050.38698321	1233228	103598	1239016	607257	1244819	2863489	1233228	0.83794	1239016	0.99965	1244819	1.07187	1233228	123634.150416498	1239016	607469.614365028	1244819	2671489.07983244
12	1320121	106926	1325908	318062	1331711	2764681	1320121	0.83842	1325908	0.99973	1331711	1.07261	1320121	127532.740154099	1325908	318147.899932982	1331711	2577526.78047007	1336672	113809	1342460	335522	1348247	2894028	1336672	0.83755	1342460	1.00053	1348247	1.07319	1336672	135883.230851889	1342460	335344.267538205	1348247	2696659.49179549	1353224	103142	1359011	342863	1364815	2855998	1353224	0.83753	1359011	0.99879	1364815	1.07202	1353224	123150.215514668	1359011	343278.366823857	1364815	2664127.53493405
13	1440132	105973	1445919	189946	1451722	2758223	1440132	0.83812	1445919	0.99969	1451722	1.07218	1440132	126441.321051878	1445919	190004.901519471	1451722	2572537.26053461	1456699	113638	1462471	199934	1468274	2890813	1456699	0.83814	1462471	0.99978	1468274	1.07281	1456699	135583.554060181	1462471	199977.995158935	1468274	2694617.87268948	1473250	102855	1479022	207894	1484826	2845499	1473250	0.83861	1479022	0.99991	1484826	1.07267	1473250	122649.38409988	1479022	207912.712144093	1484826	2652725.44212106
14	1560143	106716	1565930	118771	1571749	2752749	1560143	0.83853	1565930	0.99876	1571749	1.07281	1560143	127265.571893671	1565930	118918.458889022	1571749	2565924.06856759	1576710	113578	1582497	124815	1588285	2889768	1576710	0.83838	1582497	0.99979	1588285	1.07325	1576710	135473.174455498	1582497	124841.216655498	1588285	2692539.48287911	1593261	102030	1599049	132910	1604837	2842309	1593261	0.83803	1599049	0.99994	1604837	1.07214	1593261	121749.818025608	1599049	132917.975078505	1604837	2651061.42854478
15	1680154	106731	1685957	79141	1691760	2752559	1680154	0.83792	1685957	1.00009	1691760	1.07196	1680154	127376.121825473	1685957	79133.8779509844	1691760	2567781.44706892	1696721	113487	1702508	82225	1708312	2882998	1696721	0.83842	1702508	0.99915	1708312	1.07237	1696721	135358.173707688	1702508	82294.9507081019	1708312	2688435.89432752	1713288	102533	1719076	89519	1724879	2844419	1713288	0.83851	1719076	0.99877	1724879	1.07313	1713288	122279.996660743	1719076	89629.2439700832	1724879	2650581.94254191
16	1800165	106265	1805952	55675	1811755	2756593	1800165	0.83942	1805952	1.00032	1811755	1.07425	1800165	126593.362083343	1805952	55657.1896992962	1811755	2566062.83453572	1816732	114000	1822520	57906	1828307	2882969	1816732	0.83817	1822520	0.99986	1828307	1.07333	1816732	136010.594509467	1822520	57914.1079751165	1828307	2686004.30436119	1833284	101996	1839071	62920	1844874	2835457	1833284	0.83807	1839071	0.9993	1844874	1.07281	1833284	121703.437660339	1839071	62964.0748523967	1844874	2643018.80109246
17	1920176	106340	1925963	42034	1931766	2746500	1920176	0.83877	1925963	1.00026	1931766	1.07317	1920176	126780.881528905	1925963	42023.0740007598	1931766	2559240.38130026	1936727	112778	1942515	43519	1948318	2878047	1936727	0.83852	1942515	1.00005	1948318	1.07284	1936727	134496.493822449	1942515	43516.8241587921	1948318	2682643.26460609	1953295	102514	1959082	47764	1964870	2837920	1953295	0.83843	1959082	0.99939	1964870	1.07349	1953295	122269.002779004	1959082	47793.1538238326	1964870	2643638.9719513
18	2040187	106270	2045974	33478	2051778	2743388	2040187	0.83816	2045974	0.99936	2051778	1.07355	2040187	126789.634437339	2045974	33499.4396413705	2051778	2555435.7039728	2056754	112941	2062526	34777	2068329	2874454	2056754	0.83822	2062526	1.00021	2068329	1.0728	2056754	134739.089976379	2062526	34769.6983633437	2068329	2679394.10887398	2073321	102019	2079093	37748	2084896	2828068	2073321	0.83851	2079093	0.99988	2084896	1.07387	2073321	121667.004567626	2079093	37752.5303036364	2084896	2633529.19813385
19	2160198	105705	2166001	28144	2171789	2739267	2160198	0.83851	2166001	1.00065	2171789	1.07299	2160198	126062.897282084	2166001	28125.718283116	2171789	2552928.73186143	2176765	113139	2182553	29571	2188340	2872061	2176765	0.83852	2182553	0.99968	2188340	1.07287	2176765	134927.014263226	2182553	29580.4657490397	2188340	2676988.82436828	2193317	102394	2199104	31750	2204907	2828105	2193317	0.83855	2199104	0.9995	2204907	1.07365	2193317	122108.401407191	2199104	31765.8829414707	2204907	2634103.29250687
20	2280209	105652	2285996	24937	2291800	2738336	2280209	0.83853	2285996	1.00067	2291800	1.07316	2280209	125996.684674371	2285996	24920.3033967242	2291800	2551656.78929517	2296776	112943	2302564	25801	2308367	2869566	2296776	0.83934	2302564	0.99986	2308367	1.07368	2296776	134561.679414778	2302564	25804.6126457704	2308367	2672645.48096267	2313343	102574	2319131	27925	2324934	2825230	2313343	0.83892	2319131	1.00037	2324934	1.07323	2313343	122269.107900634	2319131	27914.6715715185	2324934	2632455.29849147
21	2400220	105825	2406007	22716	2411811	2742329	2400220	0.8388	2406007	1.00082	2411811	1.07394	2400220	126162.374821173	2406007	22697.3881417238	2411811	2553521.61200812	2416803	113942	2422590	23703	2428378	2870649	2416803	0.83875	2422590	0.99967	2428378	1.07393	2416803	135847.39195231	2422590	23710.8245721088	2428378	2673031.76184668	2433354	102647	2439142	25199	2444945	2823130	2433354	0.83878	2439142	1.00166	2444945	1.07372	2433354	122376.54688953	2439142	25157.2389832877	2444945	2629298.14104236
22	2520231	105040	2526018	21126	2531837	2734570	2520231	0.83831	2526018	1.00006	2531837	1.07345	2520231	125299.710131097	2526018	21124.732516049	2531837	2547459.12711351	2536814	112437	2542586	22132	2548389	2863415	2536814	0.83807	2542586	0.99993	2548389	1.07267	2536814	134161.824191297	2542586	22133.5493484544	2548389	2669427.68978344	2553365	102519	2559153	22998	2564972	2819523	2553365	0.83835	2559153	0.9998	2564972	1.07275	2553365	122286.634460548	2559153	23002.600520104	2564972	2628313.2137031
23	2640242	106010	2646029	19803	2651833	2729791	2640242	0.83853	2646029	0.99951	2651833	1.07244	2640242	126423.622291391	2646029	19812.7082270312	2651833	2545402.07377569	2656809	113087	2662597	20869	2668400	2861750	2656809	0.83817	2662597	1.00016	2668400	1.07305	2656809	134921.316678001	2662597	20865.6614941609	2668400	2666930.71152323	2673376	102036	2679164	21505	2684967	2818837	2673376	0.83881	2679164	0.99987	2684967	1.07322	2673376	121643.757227501	2679164	21507.7960134818	2684967	2626522.98689924
24	2760253	105490	2766040	19213	2771844	2728184	2760253	0.83862	2766040	0.9995	2771844	1.07228	2760253	125789.988314135	2766040	19222.6113056528	2771844	2544283.20960943	2776820	112519	2782592	20292	2788395	2861378	2776820	0.83818	2782592	0.99991	2788395	1.07321	2776820	134242.048247393	2782592	20293.82644438	2788395	2666186.48726717	2793372	102284	2799159	20688	2804947	2817722	2793372	0.83856	2799159	0.99971	2804947	1.0719	2793372	121975.767983209	2799159	20694.0012603655	2804947	2628717.23108499
25	2880264	105627	2886051	18505	2891855	2725997	2880264	0.83829	2886051	0.9993	2891855	1.07289	2880264	126002.934545324	2886051	18517.9625738017	2891855	2540798.21789745	2896831	113119	2902634	19317	2908422	2858592	2896831	0.83792	2902634	0.99944	2908422	1.07351	2896831	134999.761313729	2902634	19327.8235812055	2908422	2662846.17749252	2913383	102373	2919155	19928	2924958	2816506	2913383	0.83824	2919155	0.9994	2924958	1.07226	2913383	122128.507348731	2919155	19939.963978387	2924958	2626700.61365714
26	3000275	101285	3006062	18037	3011866	2648955	3000275	0.83772	3006062	0.99932	3011866	1.074	3000275	120905.553168123	3006062	18049.2735059841	3011866	2466438.54748603	3016842	107613	3022614	18570	3028433	2768806	3016842	0.83803	3022614	0.99978	3028433	1.07259	3016842	128411.870696753	3022614	18574.0862989858	3028433	2581420.67332345	3033409	97065	3039181	18798	3044984	2729127	3033409	0.83841	3039181	1.00083	3044984	1.0729	3033409	115772.71263463	3039181	18782.4105992027	3044984	2543691.86317457
27	3120286	100507	3126073	17282	3131877	2638109	3120286	0.83808	3126073	0.99922	3131877	1.07324	3120286	119925.305460099	3126073	17295.4904825764	3131877	2458079.27397413	3136853	107787	3142641	17960	3148428	2759223	3136853	0.83899	3142641	0.99938	3148428	1.07282	3136853	128472.329825147	3142641	17971.142108107	3148428	2571934.71411793	3153420	96690	3159208	18119	3164995	2719307	3153420	0.83822	3159208	0.99973	3164995	1.07245	3153420	115351.578344587	3159208	18123.8934512318	3164995	2535602.59219544
28	3240297	100961	3246084	17045	3251888	2629229	3240297	0.83827	3246084	0.99948	3251888	1.07363	3240297	120439.715127584	3246084	17053.8680113659	3251888	2448915.36190308	3256864	107464	3262652	17538	3268439	2753532	3256864	0.83887	3262652	0.99938	3268439	1.07298	3256864	128105.665955392	3262652	17548.8803057896	3268439	2566247.27394732	3273416	97301	3279203	17616	3284991	2714222	3273416	0.83852	3279203	0.99935	3284991	1.07274	3273416	116038.973429376	3279203	17627.4578476009	3284991	2530176.93010422
29	3360308	101099	3366095	16665	3371899	2625840	3360308	0.83805	3366095	0.99967	3371899	1.0732	3360308	120636.000238649	3366095	16670.5012654176	3371899	2446738.72530749	3376875	107235	3382663	16999	3388450	2748611	3376875	0.83794	3382663	1.00026	3388450	1.07264	3376875	127974.556650834	3382663	16994.5814088337	3388450	2562472.96390215	3393442	96937	3399245	17147	3405049	2708535	3393442	0.83825	3399245	0.99996	3405049	1.07356	3393442	115642.111541903	3399245	17147.6859074363	3405049	2522947.01740005
30	3480319	100532	3486106	16195	3491910	2618801	3480319	0.83837	3486106	0.99863	3491910	1.07259	3480319	119913.641948066	3486106	16217.2175880957	3491910	2441567.60738027	3496886	107908	3502674	16667	3508477	2745495	3496886	0.83846	3502674	0.9996	3508477	1.07237	3496886	128697.850821745	3502674	16673.6694677871	3508477	2560212.42668109	3513469	98181	3519256	16785	3525060	2707835	3513469	0.83792	3519256	0.99905	3525060	1.07276	3513469	117172.283750239	3519256	16800.9609128672	3525060	2524175.95734367
31	3600330	95726	3606117	17068	3611936	2533902	3600330	0.83821	3606117	1.00087	3611936	1.07428	3600330	114202.884718627	3606117	17053.1637475396	3611936	2358697.91860595	3616913	101019	3622685	17299	3628488	2639412	3616913	0.83847	3622685	1.00002	3628488	1.07293	3616913	120480.16029196	3622685	17298.6540269195	3628488	2460003.91451446	3633464	91894	3639252	17382	3645055	2606631	3633464	0.83815	3639252	0.99978	3645055	1.07217	3633464	109639.086082443	3639252	17385.8248814739	3645055	2431173.22812614
32	3720341	95007	3726144	18547	3731932	2515664	3720341	0.83846	3726144	0.99933	3731932	1.07291	3720341	113311.30882809	3726144	18559.4348213303	3731932	2344711.11276808	3736908	99730	3742696	18974	3748483	2618396	3736908	0.83807	3742696	0.99967	3748483	1.07254	3736908	118999.606238142	3742696	18980.2634869507	3748483	2441303.82083652	3753460	89174	3759247	18881	3765051	2593485	3753460	0.83869	3759247	0.99954	3765051	1.07378	3753460	106325.340709917	3759247	18889.6892570582	3765051	2415285.25396264
33	3840352	93007	3846155	20385	3851958	2460000	3840352	0.83752	3846155	0.99982	3851958	1.07344	3840352	111050.48237654	3846155	20388.6699605929	3851958	2291697.71948129	3856935	96206	3862722	21538	3868510	2559508	3856935	0.83831	3862722	0.9999	3868510	1.07321	3856935	114761.842277916	3862722	21540.1540154015	3868510	2384908.82492709	3873486	76447	3879274	21600	3885140	2535403	3873486	0.83899	3879274	1.00018	3885140	1.0732	3873486	91117.8917507956	3879274	21596.1126997141	3885140	2362470.18263138
34	3960363	89853	3966135	22844	3971954	2361316	3960363	0.83835	3966135	0.99887	3971954	1.07325	3960363	107178.386115584	3966135	22869.8429225024	3971954	2200154.67039366	3976930	86727	3982718	24760	3988521	2463310	3976930	0.8391	3982718	0.99969	3988521	1.07349	3976930	103357.168394709	3982718	24767.6779801739	3988521	2294674.37982655	3993497	57914	3999269	24592	4005073	2441894	3993497	0.83777	3999269	0.99951	4005073	1.0742	3993497	69128.7584898003	3999269	24604.0559874338	4005073	2273221.00167567
35	4080374	85186	4086161	25708	4091965	2236509	4080374	0.8384	4086161	0.99893	4091965	1.0735	4080374	101605.438931298	4086161	25735.5370246163	4091965	2083380.53097345	4096941	74100	4102729	28794	4108516	2331378	4096941	0.83793	4102729	0.99903	4108516	1.07346	4096941	88432.2079409975	4102729	28821.9572985796	4108516	2171835.00083841	4113493	46110	4119265	28629	4125068	2314123	4113493	0.83785	4119265	0.99958	4125068	1.0735	4113493	55033.7172524915	4119265	28641.0292322776	4125068	2155680.48439683
36	4200385	78951	4206172	29433	4211976	2084012	4200385	0.83801	4206172	0.99932	4211976	1.07434	4200385	94212.479564683	4206172	29453.0280590802	4211976	1939806.76508368	4216952	62776	4222724	34341	4228527	2174205	4216952	0.83884	4222724	0.99963	4228527	1.07382	4216952	74836.6792236899	4222724	34353.710873023	4228527	2024738.78303626	4233504	38264	4239276	33711	4245079	2162529	4233504	0.83855	4239276	1.0003	4245079	1.07471	4233504	45631.1490072148	4239276	33700.8897330801	4245079	2012197.70914944
37	4320396	72298	4326183	34562	4331987	1918449	4320396	0.83846	4326183	0.99952	4331987	1.07468	4320396	86227.1306919829	4326183	34578.5977269089	4331987	1785135.10998623	4336963	54072	4342735	42229	4348538	2008175	4336963	0.83919	4342735	1.00002	4348538	1.07484	4336963	64433.5609337576	4342735	42228.1554368913	4348538	1868347.84712143	4353562	33149	4359349	39624	4365152	2010681	4353562	0.8386	4359349	0.99911	4365152	1.07479	4353562	39528.9768662056	4359349	39659.296774129	4365152	1870766.38227003
38	4440407	66247	4446195	40347	4451998	1756047	4440407	0.83803	4446195	0.99915	4451998	1.07448	4440407	79050.8693006217	4446195	40381.3241255067	4451998	1634322.64909538	4456974	48146	4462746	50794	4468549	1853385	4456974	0.83824	4462746	1.00091	4468549	1.07484	4456974	57437.0108799389	4462746	50747.8194842693	4468549	1724335.71508318	4473526	30038	4479298	47728	4485101	1864299	4473526	0.8387	4479298	1.0003	4485101	1.07535	4473526	35814.9517109813	4479298	47713.6858942317	4485101	1733667.17812805
39	4560418	60937	4566190	46969	4572009	1611813	4560418	0.83854	4566190	1.00028	4572009	1.07511	4560418	72670.3556180981	4566190	46955.8523613388	4572009	1499207.52295114	4576985	42959	4582773	62244	4588560	1718687	4576985	0.83939	4582773	1.00041	4588560	1.0753	4576985	51178.8322472272	4582773	62218.4904189283	4588560	1598332.55835581	4593552	27503	4599340	56058	4605143	1733237	4593552	0.83903	4599340	1.00066	4605143	1.07513	4593552	32779.519206703	4599340	56021.026122759	4605143	1612118.5345028
40	4680429	56441	4686217	54443	4692020	1483946	4680429	0.83863	4686217	1.00102	4692020	1.07551	4680429	67301.4320975877	4686217	54387.5247247807	4692020	1379760.29976476	4696996	39873	4702784	74892	4708571	1608873	4696996	0.83934	4702784	1.00042	4708571	1.07545	4696996	47505.1826435056	4702784	74860.5585654025	4708571	1495999.81403134	4713548	26073	4719320	65977	4725123	1621223	4713548	0.83856	4719320	1.00045	4725123	1.07602	4713548	31092.5872925014	4719320	65947.3237043331	4725123	1506684.81998476
41	4800440	52232	4806228	62873	4812031	1381049	4800440	0.83921	4806228	1.00036	4812031	1.07542	4800440	62239.4871367119	4806228	62850.3738654085	4812031	1284195.01218129	4817007	36860	4822795	88384	4828582	1521659	4817007	0.83824	4822795	1.00029	4828582	1.07559	4817007	43973.086466883	4822795	88358.3760709394	4828582	1414720.29304847	4833559	24454	4839346	75517	4845134	1531582	4833559	0.83917	4839346	1.00022	4845134	1.07599	4833559	29140.6985473742	4839346	75500.3899142189	4845134	1423416.57450348
42	4920451	48851	4926223	71677	4932026	1298847	4920451	0.83857	4926223	1.00005	4932026	1.07586	4920451	58255.1247957833	4926223	71673.4163291835	4932026	1207263.95627684	4937003	34885	4942790	104071	4948593	1460964	4937003	0.8393	4942790	1.00152	4948593	1.07581	4937003	41564.3989038485	4942790	103913.052160716	4948593	1358013.03204097	4953585	23976	4959357	86575	4965161	1468513	4953585	0.839	4959357	1.00057	4965161	1.07551	4953585	28576.8772348033	4959357	86525.6803621935	4965161	1365410.8283512
43	5040462	46056	5046250	80725	5052068	1241228	5040462	0.83826	5046250	1.00003	5052068	1.07595	5040462	54942.3806456231	5046250	80722.5783226503	5052068	1153611.22728751	5057045	33748	5062832	118872	5068636	1422690	5057045	0.83821	5062832	0.99953	5068636	1.0757	5057045	40261.9868529366	5062832	118927.896111172	5068636	1322571.3488891	5073612	23650	5079384	96951	5085187	1430031	5073612	0.83849	5079384	0.99976	5085187	1.07488	5073612	28205.4645851471	5079384	96974.2738257182	5085187	1330409.90622209
44	5160473	43553	5166261	89542	5172064	1199199	5160473	0.83844	5166261	0.99985	5172064	1.07442	5160473	51945.2793282763	5166261	89555.4333149973	5172064	1116136.14787513	5177040	32424	5182812	133813	5188631	1401595	5177040	0.83878	5182812	1.00046	5188631	1.07577	5177040	38656.1434464341	5182812	133751.474321812	5188631	1302876.07945936	5193607	22888	5199395	107206	5205198	1404020	5193607	0.83827	5199395	1.00004	5205198	1.07558	5193607	27303.8519808654	5199395	107201.711931523	5205198	1305360.82857621
45	5280484	42164	5286272	97644	5292090	1173186	5280484	0.83918	5286272	1.00073	5292090	1.07522	5280484	50244.286088801	5286272	97572.7718765301	5292090	1091112.51650825	5297051	31375	5302839	149452	5308642	1399668	5297051	0.83853	5302839	0.99979	5308642	1.07448	5297051	37416.6696480746	5302839	149483.391512218	5308642	1302646.86173777	5313618	22524	5319406	116617	5325194	1396971	5313618	0.83872	5319406	1.00064	5325194	1.07483	5313618	26855.2079359023	5319406	116542.412855772	5325194	1299713.44305611
46	5400495	40007	5406283	104529	5412086	1154778	5400495	0.83862	5406283	0.99961	5412086	1.07548	5400495	47705.7546922325	5406283	104569.782215064	5412086	1073732.65890579	5417062	30447	5422850	164317	5428653	1417200	5417062	0.83855	5422850	1.00003	5428653	1.07533	5417062	36309.1050026832	5422850	164312.070637881	5428653	1317921.01029451	5433629	22395	5439417	126584	5445220	1405171	5433629	0.83912	5439417	1.0002	5445220	1.07592	5433629	26688.673848794	5439417	126558.688262348	5445220	1306018.10543535
47	5520506	38758	5526294	112643	5532081	1148854	5520506	0.83907	5526294	1.001	5532081	1.07472	5520506	46191.6169091971	5526294	112530.46953047	5532081	1068979.82730386	5537058	30158	5542845	177746	5548633	1450308	5537058	0.8391	5542845	1.00028	5548633	1.07578	5537058	35940.8890477893	5542845	177696.245051386	5548633	1348145.53161427	5553625	22036	5559412	135537	5565216	1426624	5553625	0.83883	5559412	0.9997	5565216	1.07605	5553625	26269.9235840397	5559412	135577.673301991	5565216	1325797.12838623
48	5640517	36930	5646305	118874	5652092	1157883	5640517	0.83855	5646305	1.00073	5652092	1.07592	5640517	44040.307673961	5646305	118787.285281744	5652092	1076179.45572162	5657084	29360	5662856	190301	5668659	1489229	5657084	0.83971	5662856	0.99983	5668659	1.07483	5657084	34964.452013195	5662856	190333.356670634	5668659	1385548.41230706	5673636	22049	5679423	143774	5685227	1455009	5673636	0.8382	5679423	0.99953	5685227	1.07542	5673636	26305.1777618707	5679423	143841.605554611	5685227	1352968.14267914
49	5760528	36066	5766331	124621	5772119	1171472	5760528	0.83816	5766331	1.00038	5772119	1.07505	5760528	43029.9704113773	5766331	124573.662008437	5772119	1089690.7120599	5777111	29045	5782883	202610	5788686	1545766	5777111	0.8389	5782883	1.00005	5788686	1.07527	5777111	34622.7202288711	5782883	202599.8700065	5788686	1437560.79868312	5793662	21951	5799450	151711	5805253	1499930	5793662	0.83833	5799450	0.99958	5805253	1.07544	5793662	26184.1995395608	5799450	151774.745393065	5805253	1394712.86171242
50	5880539	34745	5886327	130268	5892130	1192495	5880539	0.83889	5886327	1.00012	5892130	1.07441	5880539	41417.8259366544	5886327	130252.369715634	5892130	1109906.83258719	5897106	29014	5902894	212030	5908697	1611600	5897106	0.83836	5902894	0.99985	5908697	1.07432	5897106	34608.0442769216	5902894	212061.809271391	5908697	1500111.69856281	5913673	21782	5919461	158546	5925280	1546124	5913673	0.83801	5919461	0.99956	5925280	1.07569	5913673	25992.5299220773	5919461	158615.790948017	5925280	1437332.31693146
51	6000550	34229	6006338	134951	6012141	1217885	6000550	0.83836	6006338	1.00026	6012141	1.07473	6000550	40828.5223531657	6006338	134915.921860316	6012141	1133200.89696947	6017117	28562	6022905	223062	6028708	1683023	6017117	0.83853	6022905	0.99996	6028708	1.0753	6017117	34061.9894338903	6022905	223070.922836914	6028708	1565166.00018599	6033700	21757	6039488	164441	6045291	1600280	6033700	0.83902	6039488	0.99999	6045291	1.07593	6033700	25931.4438273224	6039488	164442.644426444	6045291	1487345.83104849
52	6120561	33478	6126349	139230	6132167	1249537	6120561	0.83844	6126349	0.99913	6132167	1.07486	6120561	39928.9156051715	6126349	139351.23557495	6132167	1162511.39683308	6137128	28527	6142916	231430	6148703	1756989	6137128	0.83922	6142916	0.99978	6148703	1.07541	6137128	33992.2785443626	6142916	231480.925803677	6148703	1633785.25399615	6153680	21962	6159468	170053	6165271	1662667	6153680	0.83863	6159468	1.00001	6165271	1.07524	6153680	26187.9493936539	6159468	170051.299487005	6165271	1546321.75142294
53	6240572	32831	6246360	142574	6252178	1289091	6240572	0.83797	6246360	1.00047	6252178	1.07591	6240572	39179.2068928482	6246360	142507.021699801	6252178	1198140.17901126	6257139	27979	6262927	239357	6268730	1832894	6257139	0.83853	6262927	1.00012	6268730	1.07512	6257139	33366.7251022623	6262927	239328.280606327	6268730	1704827.36810775	6273707	21711	6279494	175244	6285297	1728508	6273707	0.83837	6279494	0.99963	6285297	1.07513	6273707	25896.6804632799	6279494	175308.864279784	6285297	1607719.99665157
54	6360583	32171	6366433	145204	6372236	1332678	6360583	0.83808	6366433	0.99914	6372236	1.07537	6360583	38386.5502100038	6366433	145328.982925316	6372236	1239273.92432372	6377213	27904	6383000	247307	6388804	1903054	6377213	0.83945	6383000	1.0001	6388804	1.0753	6377213	33240.8124367145	6383000	247282.271772823	6388804	1769788.89612201	6393796	21478	6399583	180162	6405402	1794926	6393796	0.83785	6399583	0.9996	6405402	1.07529	6393796	25634.6601420302	6399583	180234.093637455	6405402	1669248.29580857
55	6480594	32063	6486382	147626	6492185	1379030	6480594	0.83886	6486382	0.99966	6492185	1.07517	6480594	38222.1109601125	6486382	147676.20991137	6492185	1282615.77238948	6497161	28163	6502933	252822	6508737	1964050	6497161	0.83856	6502933	0.99988	6508737	1.07482	6497161	33584.9551612288	6502933	252852.342281074	6508737	1827329.22721944	6513713	21798	6519501	182536	6525304	1859979	6513713	0.83907	6519501	1.00014	6525304	1.07516	6513713	25978.7622010083	6519501	182510.448537205	6525304	1729955.5415008
56	6600605	31498	6606393	149467	6612196	1429913	6600605	0.83897	6606393	1.0001	6612196	1.07521	6600605	37543.6547194775	6606393	149452.054794521	6612196	1329891.83508338	6617188	28081	6622960	257295	6628763	2018355	6617188	0.83917	6622960	0.99997	6628763	1.07466	6617188	33462.8263641455	6622960	257302.719081572	6628763	1878133.54921557	6633740	21863	6639527	185819	6645330	1922635	6633740	0.83876	6639527	1.00013	6645330	1.07516	6633740	26065.8591253756	6639527	185794.846669933	6645330	1788231.51902973
57	6720616	30681	6726404	150422	6732207	1480958	6720616	0.83881	6726404	0.99989	6732207	1.07494	6720616	36576.81715764	6726404	150438.548240306	6732207	1377712.24440434	6737183	28103	6742971	262459	6748759	2069943	6737183	0.83805	6742971	1.00012	6748759	1.07592	6737183	33533.7986993616	6742971	262427.508698956	6748759	1923881.88712915	6753735	21856	6759523	188225	6765326	1982893	6753735	0.83808	6759523	0.99919	6765326	1.07511	6753735	26078.6559755632	6759523	188377.585844534	6765326	1844362.90240068
58	6840627	30655	6846415	151548	6852218	1536473	6840627	0.83829	6846415	0.99988	6852218	1.07545	6840627	36568.4906178053	6846415	151566.187942553	6852218	1428679.15756195	6857194	27973	6862982	266019	6868785	2115978	6857194	0.83845	6862982	0.99928	6868785	1.07527	6857194	33362.7526984316	6862982	266210.671683612	6868785	1967857.37535689	6873762	21877	6879549	191523	6885352	2036731	6873762	0.8388	6879549	1.00037	6885352	1.07487	6873762	26081.3066285169	6879549	191452.162699801	6885352	1894862.63455116
59	6960638	30441	6966426	151890	6972229	1595337	6960638	0.83868	6966426	0.99963	6972229	1.07523	6960638	36296.3227929604	6966426	151946.220101438	6972229	1483716.9721827	6977205	28367	6983009	268459	6988796	2149515	6977205	0.83941	6983009	0.99995	6988796	1.07491	6977205	33793.9743391191	6983009	268472.423621181	6988796	1999716.2553144	6993788	21961	6999576	192428	7005379	2082986	6993788	0.83878	6999576	0.9995	7005379	1.07492	6993788	26182.0739645676	6999576	192524.262131066	7005379	1937805.60413798
60	7080649	29956	7086437	151800	7092240	1650520	7080649	0.83853	7086437	0.9999	7092240	1.07478	7080649	35724.422501282	7086437	151815.181518152	7092240	1535681.72091033	7097216	27996	7102988	272057	7108792	2180448	7097216	0.83915	7102988	0.99955	7108792	1.0757	7097216	33362.3309301078	7102988	272179.480766345	7108792	2027003.8114716	7113768	21843	7119556	194741	7125359	2126606	7113768	0.83867	7119556	1.00052	7125359	1.07496	7113768	26044.8090428893	7119556	194639.787310598	7125359	1978311.75113493
61	7200660	30974	7206448	639942	7212251	1643907	7200660	0.83868	7206448	1.00009	7212251	1.07522	7200660	36931.8452806792	7206448	639884.410403064	7212251	1528902.92219267	7217227	29192	7223031	665750	7228818	2087844	7217227	0.83834	7223031	1.00038	7228818	1.0752	7217227	34821.1942648567	7223031	665497.111097783	7228818	1941819.19642857	7233810	23577	7239613	673435	7245417	2113547	7233810	0.83851	7239613	1.00008	7245417	1.0751	7233810	28117.7326448104	7239613	673381.129509639	7245417	1965907.35745512
62	7320671	30931	7326459	649955	7332278	1693185	7320671	0.83903	7326459	0.9999	7332278	1.0753	7320671	36865.1895641395	7326459	650020.0020002	7332278	1574616.3861248	7337254	28928	7343042	680166	7348829	2176256	7337254	0.83876	7343042	1.00007	7348829	1.07578	7337254	34489.007582622	7343042	680118.39171258	7348829	2022956.36654335	7353821	23698	7359593	683887	7365396	2144030	7353821	0.83848	7359593	1	7365396	1.07607	7353821	28263.0474191394	7359593	683887	7365396	1992463.31558356
63	7440682	30806	7446470	653919	7452273	1756331	7440682	0.83882	7446470	0.99979	7452273	1.0747	7440682	36725.3999666198	7446470	654056.351833885	7452273	1634252.34949288	7457249	28741	7463021	684670	7468825	2241285	7457249	0.83823	7463021	1.0001	7468825	1.07516	7457249	34287.7253259845	7463021	684601.539846016	7468825	2084606.01212843	7473801	23817	7479589	689657	7485392	2181471	7473801	0.83881	7479589	1.00012	7485392	1.0758	7473801	28393.7959728663	7479589	689574.251089869	7485392	2027766.31344116
64	7560693	30680	7566481	656938	7572300	1813654	7560693	0.83895	7566481	1.0006	7572300	1.07584	7560693	36569.5214255915	7566481	656544.073555866	7572300	1685802.72159429	7577260	28826	7583048	687437	7588851	2287407	7577260	0.83816	7583048	0.99983	7588851	1.07535	7577260	34392.0015271547	7583048	687553.884160307	7588851	2127127.91184266	7593828	23796	7599615	692266	7605418	2219239	7593828	0.8391	7599615	0.99996	7605418	1.07606	7593828	28358.9560243118	7599615	692293.69174767	7605418	2062374.77464082
65	7680704	30551	7686492	658611	7692311	1868226	7680704	0.83924	7686492	0.99978	7692311	1.07584	7680704	36403.1743005577	7686492	658755.926303787	7692311	1736527.73646639	7697271	28622	7703059	688851	7708862	2323030	7697271	0.83872	7703059	1.00003	7708862	1.07613	7697271	34125.8107592522	7703059	688830.335089947	7708862	2158689.00597511	7713839	23971	7719626	697009	7725429	2253216	7713839	0.83878	7719626	1.00053	7725429	1.07617	7713839	28578.4115024202	7719626	696639.780916115	7725429	2093736.11975803
66	7800715	30706	7806503	660411	7812306	1913616	7800715	0.83938	7806503	1.00063	7812306	1.07625	7800715	36581.7627296338	7806503	659995.203022096	7812306	1778040.41811847	7817282	28847	7823070	692450	7828858	2342953	7817282	0.83953	7823070	1.00081	7828858	1.07618	7817282	34360.8924040832	7823070	691889.569448747	7828858	2177101.41426155	7833834	24198	7839622	697324	7845409	2274938	7833834	0.83929	7839622	1.00014	7845409	1.07699	7833834	28831.5123497242	7839622	697226.388305637	7845409	2112311.16352055
67	7920726	30331	7926514	661397	7932317	1953295	7920726	0.83881	7926514	1.00052	7932317	1.07441	7920726	36159.5593757824	7926514	661053.252308799	7932317	1818016.39969844	7937293	28957	7943065	692255	7948869	2363564	7937293	0.83939	7943065	1.00036	7948869	1.07556	7937293	34497.6709276975	7943065	692005.877883962	7948869	2197519.43173789	7953845	23990	7959633	697630	7965436	2287760	7953845	0.83988	7959633	1.00076	7965436	1.0762	7953845	28563.6043244273	7959633	697100.203845078	7965436	2125775.87808957
68	8040737	30296	8046540	661534	8052344	1996182	8040737	0.83942	8046540	1.0008	8052344	1.07662	8040737	36091.5870481999	8046540	661005.195843325	8052344	1854119.37359514	8057320	29099	8063092	693528	8068895	2373687	8057320	0.83808	8063092	0.99953	8068895	1.07591	8057320	34721.0290187094	8063092	693854.111432373	8068895	2206213.34498239	8073872	24373	8079659	697468	8085447	2299778	8073872	0.83864	8079659	1.00137	8085447	1.0764	8073872	29062.5298101688	8079659	696513.776126707	8085447	2136545.89371981
69	8160748	30082	8166536	663637	8172339	2032485	8160748	0.83952	8166536	1.00066	8172339	1.07627	8160748	35832.3804078521	8166536	663199.28846961	8172339	1888452.71168015	8177315	28994	8183103	696336	8188906	2381095	8177315	0.83969	8183103	1.0011	8188906	1.07583	8177315	34529.40966309	8183103	695570.872040755	8188906	2213263.24791092	8193883	24527	8199670	701596	8205474	2303306	8193883	0.83933	8199670	1.00054	8205474	1.0755	8193883	29222.1176414521	8199670	701217.342634977	8205474	2141614.13296141
70	8280759	30479	8286547	663978	8292350	2065186	8280759	0.84014	8286547	1.00036	8292350	1.07636	8280759	36278.4773966244	8286547	663739.053940581	8292350	1918675.90768888	8297311	29161	8303098	696972	8308902	2390860	8297311	0.83934	8303098	0.99975	8308902	1.07723	8297311	34742.7740843996	8303098	697146.286571643	8308902	2219451.74196783	8313878	24557	8319666	701167	8325469	2314305	8313878	0.8397	8319666	1.0013	8325469	1.07725	8313878	29244.9684411099	8319666	700256.666333766	8325469	2148345.32374101
71	8400770	30440	8406558	663580	8412361	2089760	8400770	0.84016	8406558	1.00131	8412361	1.07705	8400770	36231.1940582746	8406558	662711.847479802	8412361	1940262.75474676	8417337	29369	8423125	697556	8428928	2384685	8417337	0.83942	8423125	1.00119	8428928	1.07673	8417337	34987.2531033332	8423125	696726.894994956	8428928	2214747.42971776	8433920	24486	8439692	702010	8445496	2314066	8433920	0.8395	8439692	1.00102	8445496	1.07755	8433920	29167.3615247171	8439692	701294.679426985	8445496	2147525.4048536
72	8520781	30824	8526569	666155	8532388	2111382	8520781	0.84007	8526569	1.00123	8532388	1.07763	8520781	36692.180413537	8526569	665336.635937796	8532388	1959282.87074413	8537348	29491	8543136	697426	8548939	2390197	8537348	0.84022	8543136	1.00155	8548939	1.07854	8537348	35099.1407012449	8543136	696346.662672857	8548939	2216141.26504348	8553931	24599	8559719	703031	8565522	2316293	8553931	0.83955	8559719	1.00187	8565522	1.07898	8553931	29300.2203561432	8559719	701718.785870422	8565522	2146743.22044894
73	8640792	30610	8646580	666907	8652383	2121849	8640792	0.84003	8646580	1.00132	8652383	1.07697	8640792	36439.1747913765	8646580	666027.843246914	8652383	1970202.51260481	8657360	29462	8663132	700709	8668935	2387365	8657360	0.84047	8663132	1.00112	8668935	1.07713	8657360	35054.1958665985	8663132	699925.083906025	8668935	2216413.06063335	8673911	24472	8679699	703234	8685502	2313397	8673911	0.83955	8679699	1.00175	8685502	1.07679	8673911	29148.9488416414	8679699	702005.490391814	8685502	2148419.84045171
74	8760803	30890	8766591	669233	8772394	2137349	8760803	0.83985	8766591	1.00175	8772394	1.07744	8760803	36780.3774483539	8766591	668063.888195658	8772394	1983729.02435402	8777371	29972	8783158	699299	8788946	2384085	8777371	0.83948	8783158	1.00105	8788946	1.07735	8777371	35703.054271692	8783158	698565.506218471	8788946	2212915.9511765	8793922	24823	8799710	706365	8805497	2315495	8793922	0.83956	8799710	1.00199	8805497	1.07754	8793922	29566.6777836009	8799710	704962.125370513	8805497	2148871.50361008
75	8880814	31022	8886602	670446	8892405	2145786	8880814	0.84015	8886602	1.00107	8892405	1.07742	8880814	36924.3587454621	8886602	669729.389553178	8892405	1991596.59185833	8897382	29800	8903154	703940	8908957	2385071	8897382	0.84025	8903154	1.00132	8908957	1.07679	8897382	35465.6352276108	8903154	703012.024128151	8908957	2214982.49426536	8913918	24794	8919705	706645	8925508	2315326	8913918	0.83984	8919705	1.00026	8925508	1.07789	8913918	29522.2899599924	8919705	706461.320056785	8925508	2148016.9590589
76	9000825	31424	9006613	669615	9012432	2154440	9000825	0.83982	9006613	1.00116	9012432	1.07666	9000825	37417.5418542069	9006613	668839.146589956	9012432	2001040.25411922	9017408	29998	9023196	702518	9028983	2383635	9017408	0.83955	9023196	1.00169	9028983	1.07727	9017408	35731.0463939015	9023196	701332.747656461	9028983	2212662.56370269	9033960	25306	9039747	707945	9045551	2312301	9033960	0.83999	9039747	1.00112	9045551	1.07741	9033960	30126.5491255848	9039747	707152.988652709	9045551	2146166.26910832
77	9120836	31418	9126640	670421	9132443	2159110	9120836	0.84046	9126640	1.00264	9132443	1.07856	9120836	37381.9099064798	9126640	668655.748823107	9132443	2001845.05266281	9137404	30183	9143191	701530	9148994	2381710	9137404	0.84037	9143191	1.00238	9148994	1.07744	9137404	35916.3225722003	9143191	699864.322911471	9148994	2210526.8042768	9153971	25025	9159743	706279	9165546	2308253	9153971	0.84008	9159743	1.00099	9165546	1.0785	9153971	29788.8296352728	9159743	705580.475329424	9165546	2140243.85720909
78	9240847	31622	9246635	670447	9252454	2159916	9240847	0.83967	9246635	1.00076	9252454	1.0763	9240847	37660.0331082449	9246635	669937.8472361	9252454	2006797.36133048	9257399	29936	9263187	703576	9269005	2377589	9257399	0.83957	9263187	1.00075	9269005	1.07679	9257399	35656.3478923735	9263187	703048.713464901	9269005	2208034.06420936	9273982	25012	9279769	703794	9285573	2304707	9273982	0.83988	9279769	1.00114	9285573	1.07784	9273982	29780.4448254513	9279769	702992.588449168	9285573	2138264.49194686
79	9360858	31442	9366646	668536	9372449	2159885	9360858	0.83974	9366646	1.00133	9372449	1.07699	9360858	37442.5417391097	9366646	667648.028122597	9372449	2005482.87356429	9377426	30351	9383213	701375	9389001	2373813	9377426	0.84036	9383213	1.00117	9389001	1.07753	9377426	36116.6642867343	9383213	700555.350240219	9389001	2203013.37317755	9393977	25437	9399765	706293	9405568	2304585	9393977	0.84006	9399765	1.00203	9405568	1.07747	9393977	30279.9800014285	9399765	704862.129876351	9405568	2138885.53741636
80	9480869	31774	9486657	668559	9492476	2163904	9480869	0.84049	9486657	1.00139	9492476	1.07691	9480869	37804.1380623208	9486657	667630.992919841	9492476	2009363.82798934	9497437	30623	9503224	701840	9509012	2376088	9497437	0.84005	9503224	1.00078	9509012	1.07719	9497437	36453.7825129457	9503224	701292.991466656	9509012	2205820.70015503	9513988	25448	9519776	704621	9525579	2296576	9513988	0.84032	9519776	1.00092	9525579	1.07639	9513988	30283.7014470678	9519776	703973.344523039	9525579	2133590.98468027
81	9600880	31965	9606668	669690	9612487	2161827	9600880	0.83957	9606668	1.00086	9612487	1.07752	9600880	38073.0612099051	9606668	669114.56147713	9612487	2006298.72299354	9617463	30207	9623251	702171	9629038	2373181	9617463	0.84061	9623251	1.00213	9629038	1.0776	9617463	35934.618907698	9623251	700678.554678535	9629038	2202283.77876763	9634030	25690	9639802	705708	9645606	2299969	9634030	0.83989	9639802	1.00226	9645606	1.07849	9634030	30587.3388181786	9639802	704116.696266438	9645606	2132582.59232816
82	9720891	32344	9726695	668389	9732498	2160739	9720891	0.83998	9726695	1.00225	9732498	1.07756	9720891	38505.6787066359	9726695	666888.500873036	9732498	2005214.55881807	9737474	30630	9743246	703301	9749034	2368619	9737474	0.84045	9743246	1.0028	9749034	1.07829	9737474	36444.7617347849	9743246	701337.255684085	9749034	2196643.76002745	9754010	25917	9759798	706177	9765601	2298625	9754010	0.84033	9759798	1.00152	9765601	1.07726	9754010	30841.4551426225	9759798	705105.240035147	9765601	2133769.93483467
83	9840902	33012	9846690	668286	9852493	2158792	9840902	0.83957	9846690	1.00159	9852493	1.07785	9840902	39320.1281608442	9846690	667225.112071806	9852493	2002868.67374867	9857470	30644	9863257	701609	9869060	2366193	9857470	0.84065	9863257	1.00217	9869060	1.07834	9857470	36452.7448997799	9863257	700089.805122883	9869060	2194292.15275331	9874037	25657	9879809	704146	9885612	2289302	9874037	0.8401	9879809	1.00154	9885612	1.07687	9874037	30540.4118557315	9879809	703063.282544881	9885612	2125885.20434221
84	9960913	33044	9966701	667255	9972520	2154901	9960913	0.84073	9966701	1.00177	9972520	1.07712	9960913	39303.938244145	9966701	666076.045399643	9972520	2000613.6734997	9977481	31015	9983268	700981	9989071	2358425	9977481	0.83972	9983268	1.00054	9989071	1.07763	9977481	36934.9306911828	9983268	700602.67455574	9989071	2188529.45816282	9994048	25794	9999820	705325	10005623	2290644	9994048	0.84066	9999820	1.00111	10005623	1.07771	9994048	30683.0347584041	9999820	704542.957317378	10005623	2125473.45760919
85	10080924	32843	10086712	670346	10092531	2151897	10080924	0.84012	10086712	1.00185	10092531	1.07741	10080924	39093.2247774128	10086712	669108.149922643	10092531	1997287.01237226	10097507	30980	10103279	700154	10109082	2357515	10097507	0.84007	10103279	1.0017	10109082	1.07724	10097507	36877.8792243504	10103279	698965.758211041	10109082	2188477.03390145	10114059	25874	10119846	705797	10125634	2289007	10114059	0.84024	10119846	1.00088	10125634	1.07761	10114059	30793.5827858707	10119846	705176.444728639	10125634	2124151.59473279
86	10200935	33190	10206723	670098	10212542	2153452	10200935	0.84015	10206723	1.00184	10212542	1.07777	10200935	39504.8503243468	10206723	668867.284197078	10212542	1998062.66643161	10217518	31253	10223306	702110	10229109	2353682	10217518	0.84123	10223306	1.00147	10229109	1.07656	10217518	37151.5518942501	10223306	701079.413262504	10229109	2186298.95221818	10234085	25723	10239873	707049	10245676	2287776	10234085	0.84038	10239873	1.0016	10245676	1.07697	10234085	30608.77222209	10239873	705919.528753994	10245676	2124270.8710549
87	10320946	34105	10326750	669999	10332553	2149761	10320946	0.83985	10326750	1.00158	10332553	1.07889	10320946	40608.4419836876	10326750	668942.071526987	10332553	1992567.3608987	10337529	31344	10343301	703699	10349104	2356098	10337529	0.84055	10343301	1.00174	10349104	1.07837	10337529	37289.8697281542	10343301	702476.690558428	10349104	2184869.75713345	10354081	26008	10359868	707644	10365672	2290080	10354081	0.84052	10359868	1.00145	10365672	1.07781	10354081	30942.7497263599	10359868	706619.401867292	10365672	2124752.97130292
88	10440957	34452	10446745	671167	10452548	2145637	10440957	0.8408	10446745	1.00188	10452548	1.07776	10440957	40975.2616555661	10446745	669907.573761329	10452548	1990830.05492874	10457525	31334	10463312	701383	10469100	2349128	10457525	0.84033	10463312	1.0023	10469100	1.07765	10457525	37287.7322004451	10463312	699773.520901926	10469100	2179861.73618522	10474092	26032	10479864	708632	10485667	2285922	10474092	0.84058	10479864	1.00161	10485667	1.07862	10474092	30969.0927692784	10479864	707492.93637244	10485667	2119302.44200923
89	10560968	34191	10566772	669088	10572575	2140262	10560968	0.84005	10566772	1.00249	10572575	1.07724	10560968	40701.1487411464	10566772	667426.108988619	10572575	1986801.45557165	10577536	31623	10583323	701261	10589111	2342308	10577536	0.84027	10583323	1.00162	10589111	1.07811	10577536	37634.3318219144	10583323	700126.79459276	10589111	2172605.76379034	10594103	26083	10599875	705767	10605678	2281040	10594103	0.84044	10599875	1.0018	10605678	1.07819	10594103	31034.9340821474	10599875	704498.901976442	10605678	2115619.69597195
90	10680979	34410	10686767	668397	10692570	2134160	10680979	0.83983	10686767	1.00056	10692570	1.07663	10680979	40972.5777835991	10686767	668022.907171984	10692570	1982259.45775243	10697547	31507	10703334	701134	10709122	2341347	10697547	0.83959	10703334	1.00119	10709122	1.07749	10697547	37526.6499124573	10703334	700300.64223574	10709122	2172964.01822755	10714098	26075	10719886	705509	10725689	2278601	10714098	0.83968	10719886	1.0012	10725689	1.07842	10714098	31053.496570122	10719886	704663.403915302	10725689	2112906.84519946
91	10800990	34805	10806778	670987	10812597	2130217	10800990	0.83984	10806778	1.00163	10812597	1.0772	10800990	41442.417603353	10806778	669895.071034214	10812597	1977550.12996658	10817558	31538	10823345	701132	10829149	2338983	10817558	0.83921	10823345	1.00133	10829149	1.07699	10817558	37580.5817375865	10823345	700200.733025077	10829149	2171777.82523515	10834125	25986	10839897	705698	10845700	2273194	10834125	0.84004	10839897	1.00127	10845700	1.07726	10834125	30934.2412266083	10839897	704802.900316598	10845700	2110162.82048902
92	10921001	35392	10926805	671124	10932608	2127326	10921001	0.84062	10926805	1.0024	10932608	1.07726	10921001	42102.2578572958	10926805	669517.158818835	10932608	1974756.32623508	10937584	31909	10943372	701582	10949206	2336122	10937584	0.83977	10943372	1.00118	10949206	1.07777	10937584	37997.3087869298	10943372	700755.108971414	10949206	2167551.51841302	10954167	26069	10959955	706257	10965758	2276511	10954167	0.84001	10959955	1.00127	10965758	1.07783	10954167	31034.1543553053	10959955	705361.191287066	10965758	2112124.36098457
93	11041012	35249	11046800	670097	11052619	2124772	11041012	0.8406	11046800	1.00193	11052619	1.07804	11041012	41933.1429931002	11046800	668806.20402623	11052619	1970958.40599607	11057580	31873	11063367	702691	11069171	2334683	11057580	0.83977	11063367	1.00152	11069171	1.07809	11057580	37954.4399061648	11063367	701624.530713316	11069171	2165573.37513566	11074147	26473	11079919	706708	11085722	2273812	11074147	0.84006	11079919	1.00124	11085722	1.07737	11074147	31513.2252458158	11079919	705832.767368463	11085722	2110520.99093162
94	11161024	35768	11166827	670561	11172630	2116137	11161024	0.83988	11166827	1.00197	11172630	1.07734	11161024	42587.0362432729	11166827	669242.592093576	11172630	1964223.92188167	11177591	32211	11183363	700556	11189166	2323771	11177591	0.83987	11183363	1.00126	11189166	1.07687	11177591	38352.3640563421	11183363	699674.410243094	11189166	2157893.71047573	11194142	26279	11199930	706874	11205733	2269235	11194142	0.83984	11199930	1.00116	11205733	1.07799	11194142	31290.4839016956	11199930	706054.976227576	11205733	2105061.27144037
95	11281050	36293	11286838	669262	11292641	2112448	11281050	0.84005	11286838	1.00092	11292641	1.07668	11281050	43203.3807511458	11286838	668646.844902689	11292641	1962001.70895716	11297617	32170	11303389	701487	11309193	2326043	11297617	0.84024	11303389	1.00122	11309193	1.07763	11297617	38286.6799961916	11303389	700632.228681009	11309193	2158480.18336535	11314169	26361	11319957	706682	11325760	2266733	11314169	0.83987	11319957	1.00261	11325760	1.0778	11314169	31387.0003691047	11319957	704842.36143665	11325760	2103110.96678419
96	11401061	36293	11406864	669431	11412668	2106426	11401061	0.83998	11406864	1.00186	11412668	1.07766	11401061	43206.9811185981	11406864	668188.170003793	11412668	1954629.47497355	11417644	32243	11423432	702782	11429250	2326056	11417644	0.83954	11423432	1.00192	11429250	1.07836	11417644	38405.555423208	11423432	701435.244330885	11429250	2157031.04714567	11434227	26303	11440014	706569	11445818	2262661	11434227	0.8407	11440014	1.00181	11445818	1.07747	11434227	31287.0227191626	11440014	705292.4207185	11445818	2099975.86939776
97	11521072	36551	11526875	669856	11532679	2103180	11521072	0.83955	11526875	1.00236	11532679	1.0771	11521072	43536.4183193377	11526875	668278.861885949	11532679	1952632.0675889	11537655	32769	11543427	702912	11549261	2321697	11537655	0.83949	11543427	1.00123	11549261	1.07674	11537655	39034.4137512061	11543427	702048.480369146	11549261	2156228.05876999	11554222	26444	11560010	708581	11565813	2264006	11554222	0.83965	11560010	1.00135	11565813	1.07764	11554222	31494.0749121658	11560010	707625.705297848	11565813	2100892.69143684
98	11641083	37181	11646871	670345	11652674	2098240	11641083	0.83901	11646871	1.00156	11652674	1.07717	11641083	44315.3240128246	11646871	669300.890610647	11652674	1947919.08426711	11657650	32714	11663422	705114	11669241	2317445	11657650	0.83923	11663422	1.00141	11669241	1.07686	11657650	38980.9706516688	11663422	704121.189123336	11669241	2152039.26229965	11674218	26616	11679990	706642	11685793	2264611	11674218	0.83974	11679990	1.00158	11685793	1.07751	11674218	31695.5248052969	11679990	705527.266918269	11685793	2101707.64076436
99	11761094	37153	11766882	669972	11772701	2089511	11761094	0.83947	11766882	1.00104	11772701	1.07667	11761094	44257.6863973698	11766882	669275.953008871	11772701	1940716.28261213	11777677	32720	11783465	701607	11789268	2313423	11777677	0.83914	11783465	1.00056	11789268	1.07697	11777677	38992.3016421575	11783465	701214.319980811	11789268	2148084.904872	11794244	26894	11800032	706853	11805835	2258451	11794244	0.84021	11800032	1.00112	11805835	1.07823	11794244	32008.6645005415	11800032	706062.210324437	11805835	2094591.13547202
100	11881105	37458	11886893	668301	11892712	2084041	11881105	0.83913	11886893	1.00031	11892712	1.07672	11881105	44639.0904865754	11886893	668093.890893823	11892712	1935545.91723011	11897688	33105	11903460	704042	11909263	2310261	11897688	0.84001	11903460	1.00172	11909263	1.07704	11897688	39410.2451161296	11903460	702833.127021523	11909263	2145009.47040036	11914240	26673	11920027	705961	11925830	2254385	11914240	0.8402	11920027	1.00058	11925830	1.07707	11914240	31746.0128540824	11920027	705551.779967619	11925830	2093071.94518462
101	12001116	38024	12006904	668080	12012707	2078434	12001116	0.83974	12006904	1.00034	12012707	1.07687	12001116	45280.682115893	12006904	667852.930003799	12012707	1930069.55342799	12017668	33050	12023471	702076	12029274	2312545	12017668	0.83971	12023471	1.00213	12029274	1.07765	12017668	39358.8262614474	12023471	700583.756598445	12029274	2145914.72184847	12034251	26671	12040038	709466	12045841	2254711	12034251	0.8394	12040038	1.00139	12045841	1.07759	12034251	31773.8861091256	12040038	708481.211116548	12045841	2092364.44287716
102	12121127	38419	12126915	670865	12132718	2077135	12121127	0.83917	12126915	1.00122	12132718	1.07882	12121127	45782.1418782845	12126915	670047.541998761	12132718	1925376.80057841	12137694	33395	12143466	702129	12149270	2312500	12137694	0.84026	12143466	1.00228	12149270	1.07782	12137694	39743.6507747602	12143466	700531.787524444	12149270	2145534.50483383	12154246	26894	12160034	708887	12165837	2252618	12154246	0.84033	12160034	1.00262	12165837	1.07767	12154246	32004.0936298835	12160034	707034.569428099	12165837	2090266.96484081
103	12241138	38799	12246926	671687	12252729	2072101	12241138	0.84047	12246926	1.00201	12252729	1.0773	12241138	46163.4561614335	12246926	670339.617369088	12252729	1923420.58850831	12257690	33057	12263477	703856	12269265	2310391	12257690	0.83983	12263477	1.00194	12269265	1.07815	12257690	39361.5374540086	12263477	702493.163263269	12269265	2142921.67138153	12274241	27057	12280029	707447	12285832	2253574	12274241	0.83976	12280029	1.00202	12285832	1.07874	12274241	32219.9199771363	12280029	706020.837907427	12285832	2089079.85242042
104	12361149	39235	12366937	672539	12372756	2066962	12361149	0.83979	12366937	1.00168	12372756	1.07829	12361149	46720.0133366675	12366937	671411.029470489	12372756	1916888.77760157	12377732	33595	12383520	702350	12389338	2303282	12377732	0.84013	12383520	1.00104	12389338	1.07724	12377732	39987.859021818	12383520	701620.314872533	12389338	2138132.63525305	12394299	26817	12400087	709246	12405890	2249186	12394299	0.83999	12400087	1.00117	12405890	1.07819	12394299	31925.3800640484	12400087	708417.151932239	12405890	2086075.73804246
105	12481160	39438	12486948	671627	12492767	2057528	12481160	0.84032	12486948	1.00185	12492767	1.07736	12481160	46932.1210967251	12486948	670386.78444877	12492767	1909786.88646321	12497743	33832	12503515	702058	12509318	2297369	12497743	0.84036	12503515	1.00099	12509318	1.07792	12497743	40258.9366461992	12503515	701363.649986513	12509318	2131298.24105685	12514310	27016	12520098	707244	12525886	2241598	12514310	0.83995	12520098	1.0017	12525886	1.07679	12514310	32163.8192749568	12520098	706043.725666367	12525886	2081741.10086461
106	12601171	40286	12606974	670142	12612778	2047418	12601171	0.83963	12606974	1.00123	12612778	1.07656	12601171	47980.658147041	12606974	669318.737952319	12612778	1901815.04049937	12617754	33696	12623526	703339	12629329	2297096	12617754	0.84007	12623526	1.00105	12629329	1.0773	12617754	40110.9431356911	12623526	702601.268667899	12629329	2132271.41928896	12634306	26894	12640093	705929	12645881	2237761	12634306	0.83967	12640093	1.00142	12645881	1.07754	12634306	32029.2495861469	12640093	704928.002236824	12645881	2076731.25823635
107	12721182	40068	12726970	671050	12732789	2044180	12721182	0.83972	12726970	1.00128	12732789	1.07741	12721182	47715.9053017673	12726970	670192.154042825	12732789	1897309.28801478	12737765	34380	12743568	702936	12749371	2293421	12737765	0.83998	12743568	1.00048	12749371	1.07693	12737765	40929.54594157	12743568	702598.752598753	12749371	2129591.52405449	12754348	26999	12760136	705541	12765939	2240548	12754348	0.83974	12760136	1.00118	12765939	1.07728	12754348	32151.6183580632	12760136	704709.442857428	12765939	2079819.54552206
108	12841193	40729	12846996	673251	12852800	2040681	12841193	0.83996	12846996	1.00088	12852800	1.07727	12841193	48489.2137720844	12846996	672659.060027176	12852800	1894307.83369072	12857760	34124	12863532	704810	12869336	2296799	12857760	0.84016	12863532	1.00191	12869336	1.07748	12857760	40616.0731289278	12863532	703466.379215698	12869336	2131639.56639566	12874312	26875	12880100	707411	12885903	2237583	12874312	0.83963	12880100	1.00139	12885903	1.07771	12874312	32008.1464454581	12880100	706429.063601594	12885903	2076238.50572046
109	12961204	41114	12966992	669403	12972795	2033981	12961204	0.84078	12966992	1.00074	12972795	1.07713	12961204	48899.8311092081	12966992	668908.008074025	12972795	1888333.81300307	12977771	34505	12983544	704083	12989347	2295343	12977771	0.84079	12983544	1.00153	12989347	1.07767	12977771	41038.7849522473	12983544	703007.39868002	12989347	2129912.68198985	12994323	27004	13000111	707697	13005914	2236867	12994323	0.84042	13000111	1.00073	13005914	1.07872	12994323	32131.5532709836	13000111	707180.758046626	13005914	2073630.78463364
110	13081215	41281	13087003	671789	13092822	2026707	13081215	0.83982	13087003	1.00124	13092822	1.07751	13081215	49154.5807434927	13087003	670957.013303504	13092822	1880917.11445833	13097798	34122	13103586	702884	13109405	2289102	13097798	0.83993	13103586	1.00224	13109405	1.07711	13097798	40624.813972593	13103586	701313.058748404	13109405	2125225.83580136	13114381	27170	13120169	708076	13125956	2232468	13114381	0.84016	13120169	1.00091	13125956	1.07772	13114381	32339.0782708056	13120169	707432.236664635	13125956	2071473.10989868
111	13201226	41349	13207014	668965	13212833	2017967	13201226	0.8397	13207014	1.00112	13212833	1.07763	13201226	49242.586638085	13207014	668216.5974109	13212833	1872597.2736468	13217809	34191	13223581	703401	13229369	2290375	13217809	0.83968	13223581	1.0014	13229369	1.07792	13217809	40719.0834603659	13223581	702417.615338526	13229369	2124809.81891049	13234345	27104	13240133	707072	13245936	2226426	13234345	0.83976	13240133	1.00132	13245936	1.07769	13234345	32275.8883490521	13240133	706139.895338154	13245936	2065924.33816775
112	13321237	41702	13327025	670024	13332844	2012206	13321237	0.84	13327025	1.00197	13332844	1.07874	13321237	49645.2380952381	13327025	668706.64790363	13332844	1865329.92194597	13337820	34628	13343608	702624	13349395	2285723	13337820	0.84022	13343608	1.00132	13349395	1.07772	13337820	41213.0156387613	13343608	701697.758958175	13349395	2120887.61459377	13354372	26995	13360159	706340	13365947	2229760	13354372	0.83988	13360159	1.0013	13365947	1.07811	13354372	32141.4964042482	13360159	705422.950164786	13365947	2068211.96352877
113	13441248	42201	13447036	673689	13452855	2005840	13441248	0.8404	13447036	1.0017	13452855	1.07799	13441248	50215.373631604	13447036	672545.672356993	13452855	1860722.27015093	13457816	34847	13463603	703246	13469406	2282742	13457816	0.8402	13463603	1.00173	13469406	1.07803	13457816	41474.6488931207	13463603	702031.485530033	13469406	2117512.49965214	13474383	27323	13480170	709011	13485974	2223336	13474383	0.83984	13480170	1.00142	13485974	1.07726	13474383	32533.5778243475	13480170	708005.632002556	13485974	2063880.58593097
114	13561259	42638	13567047	670308	13572866	1998798	13561259	0.84016	13567047	1.00159	13572866	1.07739	13561259	50749.8571700629	13567047	669243.902195509	13572866	1855222.34288419	13577827	35314	13583614	704175	13589417	2280591	13577827	0.84101	13583614	1.00194	13589417	1.07811	13577827	41989.9882284396	13583614	702811.545601533	13589417	2115360.21370732	13594409	27129	13600181	706251	13605969	2226695	13594409	0.84018	13600181	1.00177	13605969	1.0775	13594409	32289.5093908448	13600181	705003.144434351	13605969	2066538.28306265
115	13681270	42712	13687074	670548	13692877	1990543	13681270	0.8396	13687074	1.00086	13692877	1.07787	13681270	50871.843735112	13687074	669971.824231161	13692877	1846737.54719957	13697853	35192	13703625	703398	13709428	2278447	13697853	0.8398	13703625	1.00283	13709428	1.07833	13697853	41905.2155275066	13703625	701413.001206585	13709428	2112940.38003209	13714405	26989	13720177	707179	13725980	2221260	13714405	0.83984	13720177	1.00084	13725980	1.07768	13714405	32135.8830253382	13720177	706585.468206707	13725980	2061149.87751466
116	13801281	43362	13807069	671088	13812888	1982245	13801281	0.84002	13807069	1.00167	13812888	1.07771	13801281	51620.1995190591	13807069	669969.151516967	13812888	1839312.05983057	13817864	35283	13823636	703516	13829439	2276292	13817864	0.84072	13823636	1.00124	13829439	1.0784	13817864	41967.5992006851	13823636	702644.720546522	13829439	2110804.89614243	13834431	26863	13840219	706618	13846007	2216636	13834431	0.83972	13840219	1.00251	13846007	1.07731	13834431	31990.4253798885	13840219	704848.82943811	13846007	2057565.60321542
117	13921292	43283	13927080	671022	13932899	1974535	13921292	0.83996	13927080	1.00127	13932899	1.07768	13921292	51529.8347540359	13927080	670170.882978617	13932899	1832209.00452825	13937860	35371	13943647	703124	13949435	2272943	13937860	0.84	13943647	1.00108	13949435	1.07814	13937860	42108.3333333333	13943647	702365.445319055	13949435	2108207.6539225	13954427	27348	13960199	708258	13966002	2213316	13954427	0.83996	13960199	1.00069	13966002	1.07777	13954427	32558.6932711082	13960199	707769.638949125	13966002	2053606.98479267
118	14041303	43627	14047091	670755	14052910	1966060	14041303	0.8396	14047091	1.00188	14052910	1.07794	14041303	51961.6484040019	14047091	669496.346867888	14052910	1823904.85555782	14057886	35536	14063658	702851	14069461	2270711	14057886	0.84027	14063658	1.00208	14069461	1.07758	14057886	42291.1683149464	14063658	701392.1044228	14069461	2107231.94565601	14074438	27374	14080210	706943	14086013	2215974	14074438	0.84053	14080210	1.00174	14086013	1.07945	14074438	32567.5466669839	14080210	705715.055802903	14086013	2052873.22247441
119	14161314	43963	14167102	670278	14172921	1960087	14161314	0.84045	14167102	1.00161	14172921	1.07829	14161314	52308.8821464692	14167102	669200.587054842	14172921	1817773.511764	14177882	35582	14183669	703184	14189472	2274825	14177882	0.84003	14183669	1.00178	14189472	1.07851	14177882	42358.0110234158	14183669	701934.556489449	14189472	2109229.39982012	14194449	27743	14200221	708023	14206024	2211411	14194449	0.8403	14200221	1.00139	14206024	1.07796	14194449	33015.5896703558	14200221	707040.214102398	14206024	2051477.79138373
120	14281325	44179	14287113	671746	14292932	1950319	14281325	0.83936	14287113	1.00171	14292932	1.07796	14281325	52634.1498284407	14287113	670599.275239341	14292932	1809268.43296597	14297908	35707	14303680	703606	14309483	2267427	14297908	0.83988	14303680	1.00184	14309483	1.07871	14297908	42514.4068200219	14303680	702313.742713408	14309483	2101980.14294852	14314460	27561	14320232	707476	14326035	2207094	14314460	0.84004	14320232	1.00184	14326035	1.07789	14314460	32809.1519451455	14320232	706176.634991616	14326035	2047605.97092468
121	14401336	44909	14407124	670163	14412943	1943380	14401336	0.84004	14407124	1.00118	14412943	1.07776	14401336	53460.549497643	14407124	669373.13969516	14412943	1803165.82541568	14417919	35826	14423691	701858	14429494	2261180	14417919	0.8404	14423691	1.00194	14429494	1.07764	14417919	42629.7001427892	14423691	700499.031878156	14429494	2098270.29434691	14434471	27276	14440258	708974	14446062	2206397	14434471	0.84026	14440258	1.00192	14446062	1.07807	14434471	32461.3810011187	14440258	707615.378473331	14446062	2046617.56657731
122	14521347	44501	14527135	669916	14532954	1931855	14521347	0.84016	14527135	1.00089	14532954	1.07744	14521347	52967.2919443916	14527135	669320.304928614	14532954	1793004.71487972	14537915	35926	14543702	703860	14549505	2261290	14537915	0.84015	14543702	1.00186	14549505	1.07825	14537915	42761.4116526811	14543702	702553.250953227	14549505	2097185.25388361	14554497	27592	14560269	706600	14566073	2200287	14554497	0.83981	14560269	1.00159	14566073	1.07813	14554497	32855.0505471476	14560269	705478.289519664	14566073	2040836.44829473
123	14641358	44981	14647146	669019	14652965	1922462	14641358	0.84065	14647146	1.00144	14652965	1.07752	14641358	53507.4049842384	14647146	668056.997922991	14652965	1784154.35444354	14657941	36636	14663713	703211	14669516	2260506	14657941	0.84056	14663713	1.00187	14669516	1.07878	14657941	43585.2288950224	14663713	701898.449898689	14669516	2095428.16885741	14674493	27402	14680280	706371	14686084	2197894	14674493	0.84005	14680280	1.00192	14686084	1.07806	14674493	32619.4869353015	14680280	705017.36665602	14686084	2038749.23473647
124	14761369	44952	14767173	671547	14772976	1917154	14761369	0.84067	14767173	1.0027	14772976	1.07857	14761369	53471.6357191288	14767173	669738.705495163	14772976	1777496.12913395	14777937	36810	14783724	705038	14789527	2262925	14777937	0.83957	14783724	1.00295	14789527	1.07859	14777937	43843.8724585204	14783724	702964.255446433	14789527	2098040.03374776	14794519	27447	14800291	706014	14806095	2198433	14794519	0.84004	14800291	1.0017	14806095	1.07918	14794519	32673.4441217085	14800291	704815.8131177	14806095	2037132.82306937
125	14881380	45212	14887184	671671	14892987	1909950	14881380	0.84061	14887184	1.00301	14892987	1.07916	14881380	53784.75154947	14887184	669655.337434323	14892987	1769848.77126654	14897948	37063	14903735	703438	14909538	2262055	14897948	0.84074	14903735	1.0018	14909538	1.07918	14897948	44083.7833337298	14903735	702174.086644041	14909538	2096086.84371467	14914515	27646	14920287	706146	14926090	2196651	14914515	0.84015	14920287	1.00238	14926090	1.07868	14914515	32906.0286853538	14920287	704469.362916259	14926090	2036425.07509178
126	15001391	46102	15007179	671079	15012998	1904562	15001391	0.84049	15007179	1.00271	15012998	1.07908	15001391	54851.3367202465	15007179	669265.291061224	15012998	1764986.84064203	15017974	36774	15023746	703425	15029549	2254337	15017974	0.84097	15023746	1.00219	15029549	1.07904	15017974	43728.0759123393	15023746	701887.865574392	15029549	2089206.14620403	15034510	27456	15040298	707397	15046101	2195376	15034510	0.84053	15040298	1.00277	15046101	1.07862	15034510	32665.1041604702	15040298	705442.923103005	15046101	2035356.28859098
127	15121402	46105	15127190	670071	15132993	1893397	15121402	0.84105	15127190	1.00252	15132993	1.07916	15121402	54818.3817846739	15127190	668386.665602681	15132993	1754509.9892509	15137954	37134	15143726	703772	15149514	2250696	15137954	0.84138	15143726	1.00246	15149514	1.07936	15137954	44134.6359552164	15143726	702044.969375337	15149514	2085213.45982805	15154506	27584	15160278	707153	15166081	2186513	15154506	0.84118	15160278	1.00318	15166081	1.07905	15154506	32792.0302432298	15160278	704911.381805858	15166081	2026331.49529679
128	15241413	45956	15247201	670662	15253004	1879959	15241413	0.84101	15247201	1.00229	15253004	1.07879	15241413	54643.821119844	15247201	669129.693003023	15253004	1742655.1970263	15257981	37334	15263768	704049	15269572	2247121	15257981	0.84078	15263768	1.00244	15269572	1.07801	15257981	44404.0058041343	15263768	702335.301863453	15269572	2084508.49250007	15274564	27562	15280351	705684	15286139	2190539	15274564	0.841	15280351	1.00214	15286139	1.07908	15274564	32772.8894173603	15280351	704177.061089269	15286139	2030006.11632131
129	15361424	46024	15367212	669996	15373015	1872921	15361424	0.84023	15367212	1.00213	15373015	1.07886	15361424	54775.4781428894	15367212	668571.941764043	15373015	1736018.57516267	15378007	37555	15383795	700941	15389614	2246856	15378007	0.84129	15383795	1.00218	15389614	1.07827	15378007	44639.7793864185	15383795	699416.272525894	15389614	2083760.09719273	15394575	27902	15400362	706730	15406181	2187369	15394575	0.84043	15400362	1.00112	15406181	1.07925	15394575	33199.6715966827	15400362	705939.347930318	15406181	2026749.13134121
130	15481435	46563	15487223	672230	15493026	1862804	15481435	0.84068	15487223	1.00235	15493026	1.07873	15481435	55387.3055145834	15487223	670653.963186512	15493026	1726849.16522207	15498003	37530	15503790	701537	15509594	2249351	15498003	0.84058	15503790	1.00191	15509594	1.07868	15498003	44647.7432249161	15503790	700199.618728229	15509594	2085281.0842882	15514570	27754	15520358	705718	15526161	2183710	15514570	0.8412	15520358	1.00274	15526161	1.07953	15514570	32993.3428435568	15520358	703789.616450925	15526161	2022834.01109742
131	15601447	46769	15607250	671310	15613053	1852973	15601447	0.84057	15607250	1.00251	15613053	1.07888	15601447	55639.6254922255	15607250	669629.230631116	15613053	1717496.84858372	15618045	38179	15623833	702708	15629636	2242812	15618045	0.84026	15623833	1.00263	15629636	1.07917	15618045	45437.1266036703	15623833	700864.725771222	15629636	2078274.97057924	15634612	28082	15640400	706060	15646203	2178365	15634612	0.84098	15640400	1.00186	15646203	1.07891	15634612	33391.9950533901	15640400	704749.166550217	15646203	2019042.36683319
132	15721458	47690	15727245	668127	15733048	1842883	15721458	0.84106	15727245	1.00192	15733048	1.07862	15721458	56702.2566760992	15727245	666846.654423507	15733048	1708556.30342475	15738025	37960	15743812	702351	15749616	2238584	15738025	0.84068	15743812	1.00289	15749616	1.07791	15738025	45153.9230147024	15743812	700327.054811594	15749616	2076781.92056851	15754608	27628	15760380	705358	15766183	2175011	15754608	0.84157	15760380	1.00173	15766183	1.07881	15754608	32829.1170074979	15760380	704139.838080121	15766183	2016120.54022488
133	15841469	47315	15847256	668673	15853059	1829930	15841469	0.84036	15847256	1.00253	15853059	1.07881	15841469	56303.2509876719	15847256	666985.526617657	15853059	1696248.6443396	15858036	38093	15863808	701881	15869627	2236734	15858036	0.84127	15863808	1.00191	15869627	1.07831	15858036	45280.3499471038	15863808	700542.962940783	15869627	2074295.88893732	15874603	27915	15880406	704542	15886209	2169713	15874603	0.84166	15880406	1.00207	15886209	1.07758	15874603	33166.5993394007	15880406	703086.610715818	15886209	2013505.26179031
134	15961480	47370	15967267	668747	15973086	1820363	15961480	0.84037	15967267	1.00238	15973086	1.0772	15961480	56368.0283684568	15967267	667159.161196353	15973086	1689902.52506498	15978047	38404	15983834	703135	15989638	2236053	15978047	0.84075	15983834	1.00203	15989638	1.07785	15978047	45678.2634552483	15983834	701710.527628913	15989638	2074549.33432296	15994614	28137	16000402	705038	16006205	2172231	15994614	0.84075	16000402	1.00211	16006205	1.07821	15994614	33466.5477252453	16000402	703553.502110547	16006205	2014664.11923466
135	16081491	47787	16087278	670535	16093097	1813243	16081491	0.83993	16087278	1.00149	16093097	1.07861	16081491	56894.0268831926	16087278	669537.389289958	16093097	1681092.33179741	16098073	38894	16103861	703185	16109680	2233170	16098073	0.84092	16103861	1.00287	16109680	1.07897	16098073	46251.724301955	16103861	701172.634538873	16109680	2069723.90335227	16114656	27732	16120428	704550	16126231	2167661	16114656	0.84105	16120428	1.00252	16126231	1.07914	16114656	32973.0693775638	16120428	702778.996927742	16126231	2008693.03334136
136	16201502	48475	16207305	671865	16213108	1805002	16201502	0.8407	16207305	1.00196	16213108	1.07915	16201502	57660.2830974188	16207305	670550.720587648	16213108	1672614.55775379	16218084	39262	16223872	702394	16229691	2234134	16218084	0.84106	16223872	1.00268	16229691	1.07967	16218084	46681.5684968968	16223872	700516.615470539	16229691	2069274.87102541	16234652	28021	16240439	705689	16246242	2167163	16234652	0.84081	16240439	1.00233	16246242	1.07869	16234652	33326.1973573102	16240439	704048.566839265	16246242	2009069.3340997
137	16321513	48072	16327316	668144	16333119	1795718	16321513	0.84164	16327316	1.0024	16333119	1.0788	16321513	57117.0571740887	16327316	666544.293695132	16333119	1664551.35335558	16338095	38992	16343883	701128	16349702	2230160	16338095	0.84098	16343883	1.00227	16349702	1.0782	16338095	46364.9551713477	16343883	699540.044099893	16349702	2068410.31348544	16354663	28096	16360435	704919	16366238	2165136	16354663	0.84099	16360435	1.00267	16366238	1.07989	16354663	33408.2450445309	16360435	703041.878185245	16366238	2004959.76442045
138	16441524	48692	16447311	668071	16453114	1779202	16441524	0.84084	16447311	1.00208	16453114	1.07809	16441524	57908.7579087579	16447311	666684.296662941	16453114	1650327.89470267	16458091	39203	16463878	702486	16469682	2225458	16458091	0.84013	16463878	1.00168	16469682	1.07784	16458091	46663.0164379322	16463878	701307.802891143	16469682	2064738.73673272	16474658	27851	16480461	703030	16486264	2159737	16474658	0.84078	16480461	1.00166	16486264	1.07963	16474658	33125.1932729132	16480461	701864.90425893	16486264	2000441.81803025
139	16561535	48503	16567338	667158	16573141	1771332	16561535	0.84055	16567338	1.00223	16573141	1.0795	16561535	57703.88436143	16567338	665673.547987987	16573141	1640881.88976378	16578117	39348	16583905	701895	16589724	2224107	16578117	0.84045	16583905	1.00201	16589724	1.07947	16578117	46817.7761913261	16583905	700487.021087614	16589724	2060369.44055879	16594700	28059	16600503	703608	16606322	2154698	16594700	0.84115	16600503	1.00236	16606322	1.07833	16594700	33357.9028710694	16600503	701951.394708488	16606322	1998180.51987796
140	16681546	49072	16687333	666734	16693136	1762691	16681546	0.84041	16687333	1.00126	16693136	1.07894	16681546	58390.5474708773	16687333	665894.972334858	16693136	1633724.76690085	16698128	39634	16703916	698862	16709704	2220795	16698128	0.84032	16703916	1.00176	16709704	1.07909	16698128	47165.365575019	16703916	697634.163871586	16709704	2058025.74391385	16714680	28137	16720468	703779	16726255	2154738	16714680	0.84108	16720468	1.00251	16726255	1.07836	16714680	33453.4170352404	16720468	702016.937486908	16726255	1998162.02381394
141	16801557	49210	16807344	669320	16813163	1748713	16801557	0.84059	16807344	1.00231	16813163	1.07911	16801557	58542.2143970307	16807344	667777.434127166	16813163	1620514.12738275	16818124	40232	16823911	702080	16829699	2220321	16818124	0.84116	16823911	1.00215	16829699	1.07858	16818124	47829.1882638261	16823911	700573.766402235	16829699	2058559.40217694	16834691	28175	16840479	702409	16846282	2150831	16834691	0.8399	16840479	1.0012	16846282	1.07845	16834691	33545.6601976426	16840479	701567.119456652	16846282	1994372.47902082
142	16921568	49154	16927355	669057	16933158	1736492	16921568	0.84039	16927355	1.00208	16933158	1.07788	16921568	58489.5108223563	16927355	667668.250039917	16933158	1611025.34604965	16938135	40141	16943922	701526	16949741	2214896	16938135	0.84108	16943922	1.00178	16949741	1.07913	16938135	47725.5433490274	16943922	700279.502485576	16949741	2052483.01872805	16954718	28157	16960505	707101	16966308	2151507	16954718	0.84017	16960505	1.00338	16966308	1.07923	16954718	33513.4556101741	16960505	704719.04961231	16966308	1993557.44373303
143	17041594	49116	17047382	667480	17053201	1732242	17041594	0.84084	17047382	1.00333	17053201	1.08003	17041594	58413.0155558727	17047382	665264.668653384	17053201	1603883.22546596	17058161	40588	17063949	700890	17069752	2210754	17058161	0.84086	17063949	1.00219	17069752	1.07918	17058161	48269.62871346	17063949	699358.405092847	17069752	2048549.82486703	17074729	28220	17080516	703471	17086304	2143850	17074729	0.84082	17080516	1.00196	17086304	1.0786	17074729	33562.4747270522	17080516	702094.894007745	17086304	1987622.84442796
144	17161605	49872	17167393	667147	17173212	1717781	17161605	0.84115	17167393	1.00224	17173212	1.07908	17161605	59290.2573857219	17167393	665655.930715198	17173212	1591894.02083256	17178188	40909	17183976	700288	17189763	2207823	17178188	0.8408	17183976	1.00274	17189763	1.07837	17178188	48654.8525214082	17183976	698374.453996051	17189763	2047370.56854326	17194740	28074	17200527	704354	17206331	2141514	17194740	0.8405	17200527	1.00247	17206331	1.07914	17194740	33401.5466983938	17200527	702618.532225403	17206331	1984463.55431177
145	17281616	49652	17287404	667098	17293207	1706195	17281616	0.84064	17287404	1.00261	17293207	1.07968	17281616	59064.5222687476	17287404	665361.406728439	17293207	1580278.41582691	17298183	40747	17303971	701711	17309759	2208035	17298183	0.84069	17303971	1.00184	17309759	1.07848	17298183	48468.5199062675	17303971	700422.223109479	17309759	2047358.31911579	17314751	28385	17320523	702480	17326326	2141449	17314751	0.84073	17320523	1.00219	17326326	1.07936	17314751	33762.3255979922	17320523	700944.930601982	17326326	1983998.85117106
146	17401627	50369	17407430	667429	17413234	1696471	17401627	0.84102	17407430	1.00232	17413234	1.07795	17401627	59890.3712159045	17407430	665884.148774842	17413234	1573793.77522149	17418210	41118	17423998	701363	17429801	2203870	17418210	0.84047	17423998	1.00256	17429801	1.07868	17418210	48922.6266255786	17423998	699572.095435685	17429801	2043117.51399859	17434777	28294	17440565	704107	17446368	2137465	17434777	0.8409	17440565	1.00231	17446368	1.07862	17434777	33647.2826733262	17440565	702484.261356267	17446368	1981666.3885335
147	17521638	50095	17527441	669262	17533245	1685672	17521638	0.841	17527441	1.00281	17533245	1.07854	17521638	59565.9928656362	17527441	667386.643531676	17533245	1562920.2440336	17538206	41127	17543993	701759	17549796	2205109	17538206	0.84102	17543993	1.00161	17549796	1.07943	17538206	48901.334094314	17543993	700630.984115574	17549796	2042845.76118878	17554773	28873	17560560	704448	17566348	2137710	17554773	0.84072	17560560	1.00244	17566348	1.07916	17554773	34343.1820344467	17560560	702733.330673157	17566348	1980901.81252085
148	17641649	50306	17647437	668892	17653256	1673238	17641649	0.84065	17647437	1.00298	17653256	1.07911	17641649	59841.7890917742	17647437	666904.624219825	17653256	1550572.23081984	17658217	41292	17664004	699536	17669807	2198919	17658217	0.84047	17664004	1.00204	17669807	1.07882	17658217	49129.6536461742	17664004	698111.851822283	17669807	2038263.10227842	17674784	28415	17680571	702763	17686359	2133145	17674784	0.84089	17680571	1.00111	17686359	1.07827	17674784	33791.5779709593	17680571	701983.797984238	17686359	1978303.20791638
149	17761660	50997	17767448	665363	17773267	1661716	17761660	0.84047	17767448	1.00216	17773267	1.07897	17761660	60676.7641914643	17767448	663928.913546739	17773267	1540094.71996441	17778228	42074	17784000	699990	17789803	2197192	17778228	0.84	17784000	1.00233	17789803	1.08018	17778228	50088.0952380952	17784000	698362.814641884	17789803	2034098.02070025	17794795	28378	17800567	700290	17806370	2128485	17794795	0.8406	17800567	1.00095	17806370	1.07864	17794795	33759.219605044	17800567	699625.355911884	17806370	1973304.34621375
150	17881671	50998	17887475	666963	17893278	1649063	17881671	0.84032	17887475	1.00279	17893278	1.07847	17881671	60688.7852246763	17887475	665107.350492127	17893278	1529076.37671887	17898254	42159	17904026	699111	17909829	2193967	17898254	0.84099	17904026	1.00141	17909829	1.07798	17898254	50130.20368851	17904026	698126.641435576	17909829	2035257.61145847	17914821	28231	17920593	701599	17926397	2125099	17914821	0.84066	17920593	1.00206	17926397	1.07873	17914821	33581.9475174268	17920593	700156.677244876	17926397	1970000.83431443
151	18001682	50955	18007486	666448	18013289	1640335	18001682	0.84045	18007486	1.00164	18013289	1.07871	18001682	60628.2348741746	18007486	665356.814823689	18013289	1520645.02971141	18018265	42590	18024037	701139	18029840	2191655	18018265	0.84127	18024037	1.00229	18029840	1.07853	18018265	50625.8395045586	18024037	699537.060132297	18029840	2032076.06649792	18034832	28170	18040620	702670	18046408	2123116	18034832	0.84102	18040620	1.00176	18046408	1.07996	18034832	33495.041735036	18040620	701435.473566523	18046408	1965920.96003556
152	18121693	50766	18127481	665440	18133300	1630397	18121693	0.84065	18127481	1.0016	18133300	1.07917	18121693	60388.9847142092	18127481	664376.996805112	18133300	1510787.92034619	18138276	42529	18144048	699657	18149851	2185455	18138276	0.84044	18144048	1.00175	18149851	1.07897	18138276	50603.2554376279	18144048	698434.739206389	18149851	2025501.17241443	18154828	28156	18160615	702373	18166403	2122386	18154828	0.84068	18160615	1.0031	18166403	1.07895	18154828	33491.935100157	18160615	700202.372644801	18166403	1967084.66564716
153	18241704	52007	18247492	666499	18253326	1617755	18241704	0.84133	18247492	1.00138	18253326	1.07864	18241704	61815.2211379601	18247492	665580.498911502	18253326	1499809.94585775	18258303	43047	18264090	701180	18269909	2186230	18258303	0.84076	18264090	1.00228	18269909	1.07895	18258303	51200.1046672059	18264090	699584.946322385	18269909	2026257.00912925	18274870	28890	18280658	702201	18286445	2119395	18274870	0.84067	18280658	1.00191	18286445	1.07963	18274870	34365.4466080626	18280658	700862.35290595	18286445	1963075.31283866
154																																																						
155																																																						
156																																																						
157																																																						
158																																																						
159																																																						
160																																																						
161																																																						
162																																																						
163																																																						
164																																																						
165																																																						
166																																																						
167																																																						
168																																																						
169																																																						
170																																																						
171																																																						
172																																																						
173																																																						
174																																																						
175																																																						
176																																																						
177																																																						
178																																																						
179																																																						
180																																																						
181																																																						
182																																																						
183																																																						
184																																																						
185																																																						
186																																																						
187																																																						
188																																																						
189																																																						
190																																																						
191																																																						
192																																																						
193																																																						
194																																																						
195																																																						
196																																																						
197																																																						
198																																																						
199																																																						
200																																																						
201																																																						
202																																																						
203																																																						
204																																																						
205																																																						
206																																																						
207																																																						
208																																																						
209																																																						
210																																																						
211																																																						
212																																																						
213																																																						
214																																																						
215																																																						
216																																																						
217																																																						
218																																																						
219																																																						
220																																																						
221																																																						
222																																																						
223																																																						
224																																																						
225																																																						
226																																																						
227																																																						
228																																																						
229																																																						
230																																																						
231																																																						
232																																																						
233																																																						
234																																																						
235																																																						
236																																																						
237																																																						
238																																																						
239																																																						
240																																																						
241																																																						
242																																																						
243																																																						
244																																																						
245																																																						
246																																																						
247																																																						
248																																																						
249																																																						
250																																																						
251																																																						
252																																																						
253																																																						
254																																																						
255																																																						
256																																																						
257																																																						
258																																																						
259																																																						
260																																																						
261																																																						
262																																																						
263																																																						
264																																																						
265																																																						
266																																																						
267																																																						
268																																																						
269																																																						
270																																																						
271																																																						
272																																																						
273																																																						
274																																																						
275																																																						
276																																																						
277																																																						
278																																																						
279																																																						
280																																																						
281																																																						
282																																																						
283																																																						
284																																																						
285																																																						
286																																																						
287																																																						
288																																																						
289																																																						
290																																																						
291																																																						
292																																																						
293																																																						
294																																																						
295																																																						
296																																																						
297																																																						
298																																																						
299																																																						
300																																																						
301																																																						