HJY Multigroup Import
Application Version:	3.5.1.20
SystemConfiguration::	FL3-11_1602C-0213-FL
Experiment Time Stamp:	10/6/2025 10:52 AM
Export Time Stamp:	10/6/2025 4:12 PM
Experiment Comment:	None

Integration Time:	1
Time Sequence Interval Points:	301
Time Sequence Experiment Duration:	10:00:00	36000000 (ms)
Repetition Time Sequence Enabled:	False
Repetition Time Sequence Count:	2
Repetition Time Sequence Delay:	0 seconds
Time Sequence Interval Total Points:	301
Time Sequence Experiment Duration Total:	10:00:00	36000000 (ms)

Mono Count:	2
Mono Description:	Excitation 1 (Mono1)	Emission 1 (Mono2)
Mono Slit Width:		5	5
Mono Grating Index:		0	0
Mono Grating Value:		1200	1200

Mono Wavelength Group Count:	3
Mono Wavelength Group Description:	Group 1:(Excitation 1:596 Emission 1:615)	Group 2:(Excitation 1:549 Emission 1:565)	Group 3:(Excitation 1:495 Emission 1:520)

Detector Count:	3
Detector Description:	S1 (SCD1)	R (SCD2)	S1/R (SCD1/SCD2)
Detector High Voltage:	950	None	None

Accessory Sequential Type:	Temperature Controller
Accessory Sequential Description:	Temperature Control (TC1)
Accessory Sequential Scan Position Count:	1
Accessory Sequential Scan Positions:		37

Accessory Interleave Type:	Sample Changer
Accessory Interleave Description:	Sample Changer - 4 Position (SCH1)
Accessory Interleave Scan Position Count:	3
Accessory Interleave Scan Positions:	1	2	3

Axis	X	Y	X	Y	X	Y	X	Y	X	Y	X	Y	X	Y	X	Y	X	Y	X	Y	X	Y	X	Y	X	Y	X	Y	X	Y	X	Y	X	Y	X	Y	X	Y	X	Y	X	Y	X	Y	X	Y	X	Y	X	Y	X	Y	X	Y
Sequential: Temperature Controller	Idx:0(Pos:37.00)	Idx:0(Pos:37.00)	Idx:0(Pos:37.00)	Idx:0(Pos:37.00)	Idx:0(Pos:37.00)	Idx:0(Pos:37.00)	Idx:0(Pos:37.00)	Idx:0(Pos:37.00)	Idx:0(Pos:37.00)	Idx:0(Pos:37.00)	Idx:0(Pos:37.00)	Idx:0(Pos:37.00)	Idx:0(Pos:37.00)	Idx:0(Pos:37.00)	Idx:0(Pos:37.00)	Idx:0(Pos:37.00)	Idx:0(Pos:37.00)	Idx:0(Pos:37.00)	Idx:0(Pos:37.00)	Idx:0(Pos:37.00)	Idx:0(Pos:37.00)	Idx:0(Pos:37.00)	Idx:0(Pos:37.00)	Idx:0(Pos:37.00)	Idx:0(Pos:37.00)	Idx:0(Pos:37.00)	Idx:0(Pos:37.00)	Idx:0(Pos:37.00)	Idx:0(Pos:37.00)	Idx:0(Pos:37.00)	Idx:0(Pos:37.00)	Idx:0(Pos:37.00)	Idx:0(Pos:37.00)	Idx:0(Pos:37.00)	Idx:0(Pos:37.00)	Idx:0(Pos:37.00)	Idx:0(Pos:37.00)	Idx:0(Pos:37.00)	Idx:0(Pos:37.00)	Idx:0(Pos:37.00)	Idx:0(Pos:37.00)	Idx:0(Pos:37.00)	Idx:0(Pos:37.00)	Idx:0(Pos:37.00)	Idx:0(Pos:37.00)	Idx:0(Pos:37.00)	Idx:0(Pos:37.00)	Idx:0(Pos:37.00)	Idx:0(Pos:37.00)	Idx:0(Pos:37.00)	Idx:0(Pos:37.00)	Idx:0(Pos:37.00)	Idx:0(Pos:37.00)	Idx:0(Pos:37.00)
Interleave: Sample Changer	Idx:0(Pos:1)	Idx:0(Pos:1)	Idx:0(Pos:1)	Idx:0(Pos:1)	Idx:0(Pos:1)	Idx:0(Pos:1)	Idx:0(Pos:1)	Idx:0(Pos:1)	Idx:0(Pos:1)	Idx:0(Pos:1)	Idx:0(Pos:1)	Idx:0(Pos:1)	Idx:0(Pos:1)	Idx:0(Pos:1)	Idx:0(Pos:1)	Idx:0(Pos:1)	Idx:0(Pos:1)	Idx:0(Pos:1)	Idx:1(Pos:2)	Idx:1(Pos:2)	Idx:1(Pos:2)	Idx:1(Pos:2)	Idx:1(Pos:2)	Idx:1(Pos:2)	Idx:1(Pos:2)	Idx:1(Pos:2)	Idx:1(Pos:2)	Idx:1(Pos:2)	Idx:1(Pos:2)	Idx:1(Pos:2)	Idx:1(Pos:2)	Idx:1(Pos:2)	Idx:1(Pos:2)	Idx:1(Pos:2)	Idx:1(Pos:2)	Idx:1(Pos:2)	Idx:2(Pos:3)	Idx:2(Pos:3)	Idx:2(Pos:3)	Idx:2(Pos:3)	Idx:2(Pos:3)	Idx:2(Pos:3)	Idx:2(Pos:3)	Idx:2(Pos:3)	Idx:2(Pos:3)	Idx:2(Pos:3)	Idx:2(Pos:3)	Idx:2(Pos:3)	Idx:2(Pos:3)	Idx:2(Pos:3)	Idx:2(Pos:3)	Idx:2(Pos:3)	Idx:2(Pos:3)	Idx:2(Pos:3)
Detector	S1 (SCD1)	S1 (SCD1)	S1 (SCD1)	S1 (SCD1)	S1 (SCD1)	S1 (SCD1)	R (SCD2)	R (SCD2)	R (SCD2)	R (SCD2)	R (SCD2)	R (SCD2)	S1/R (SCD1/SCD2)	S1/R (SCD1/SCD2)	S1/R (SCD1/SCD2)	S1/R (SCD1/SCD2)	S1/R (SCD1/SCD2)	S1/R (SCD1/SCD2)	S1 (SCD1)	S1 (SCD1)	S1 (SCD1)	S1 (SCD1)	S1 (SCD1)	S1 (SCD1)	R (SCD2)	R (SCD2)	R (SCD2)	R (SCD2)	R (SCD2)	R (SCD2)	S1/R (SCD1/SCD2)	S1/R (SCD1/SCD2)	S1/R (SCD1/SCD2)	S1/R (SCD1/SCD2)	S1/R (SCD1/SCD2)	S1/R (SCD1/SCD2)	S1 (SCD1)	S1 (SCD1)	S1 (SCD1)	S1 (SCD1)	S1 (SCD1)	S1 (SCD1)	R (SCD2)	R (SCD2)	R (SCD2)	R (SCD2)	R (SCD2)	R (SCD2)	S1/R (SCD1/SCD2)	S1/R (SCD1/SCD2)	S1/R (SCD1/SCD2)	S1/R (SCD1/SCD2)	S1/R (SCD1/SCD2)	S1/R (SCD1/SCD2)
WL Group	1	1	2	2	3	3	1	1	2	2	3	3	1	1	2	2	3	3	1	1	2	2	3	3	1	1	2	2	3	3	1	1	2	2	3	3	1	1	2	2	3	3	1	1	2	2	3	3	1	1	2	2	3	3
Units	(ms)	CPS	(ms)	CPS	(ms)	CPS	(ms)	MicroAmps	(ms)	MicroAmps	(ms)	MicroAmps	(ms)	CPS	(ms)	CPS	(ms)	CPS	(ms)	CPS	(ms)	CPS	(ms)	CPS	(ms)	MicroAmps	(ms)	MicroAmps	(ms)	MicroAmps	(ms)	CPS	(ms)	CPS	(ms)	CPS	(ms)	CPS	(ms)	CPS	(ms)	CPS	(ms)	MicroAmps	(ms)	MicroAmps	(ms)	MicroAmps	(ms)	CPS	(ms)	CPS	(ms)	CPS
1	0	132587	5787	1292788	11590	3302913	0	0.81966	5787	0.97859	11590	1.04833	0	161758.534026304	5787	1321072.15483502	11590	3150642.45037345	16551	138753	22339	1345411	28142	3457982	16551	0.81962	22339	0.97725	28142	1.04788	16551	169289.426807545	22339	1376731.64492197	28142	3299979.00522961	33118	128889	38890	1335781	44694	3313395	33118	0.81979	38890	0.97892	44694	1.04777	33118	157221.971480501	38890	1364545.62170555	44694	3162330.47329089
2	120011	131845	125814	1100721	131617	3192403	120011	0.82123	125814	0.97964	131617	1.04909	120011	160545.76671578	125814	1123597.44395901	131617	3043021.09447235	136578	138330	142365	1159558	148169	3357457	136578	0.82138	142365	0.98087	148169	1.05013	136578	168411.697387324	142365	1182172.96889496	148169	3197182.25362574	153145	129064	158933	1145080	164751	3213521	153145	0.82141	158933	0.98079	164751	1.04982	153145	157124.943694379	158933	1167507.82532448	164751	3061020.93692252
3	240022	133214	245809	1070563	251612	3171725	240022	0.82295	245809	0.98192	251612	1.0517	240022	161873.746886202	245809	1090275.17516702	251612	3015807.73984977	256573	139874	262361	1126021	268148	3331706	256573	0.82279	262361	0.98165	268148	1.05138	256573	169999.635386915	262361	1147069.729537	268148	3168888.50843653	273125	128976	278912	1106552	284716	3183132	273125	0.82264	278912	0.98234	284716	1.05151	273125	156783.039968881	278912	1126445.01903618	284716	3027200.88254035
4	360033	132076	365820	1057547	371623	3159635	360033	0.82321	365820	0.98326	371623	1.05229	360033	160440.227888388	365820	1075551.73606167	371623	3002627.60265706	376584	140459	382372	1121883	388175	3330354	376584	0.82429	382372	0.98311	388175	1.0526	376584	170399.980589356	382372	1141157.14416495	388175	3163931.21793654	393151	129687	398923	1099433	404727	3174390	393151	0.82379	398923	0.98302	404727	1.05339	393151	157427.256946552	398923	1118423.83674798	404727	3013499.27377325
5	480044	133719	485831	1058892	491634	3160274	480044	0.82512	485831	0.98351	491634	1.05371	480044	162060.063990692	485831	1076645.89073827	491634	2999187.63227074	496611	140360	502414	1119206	508217	3325067	496611	0.82463	502414	0.98481	508217	1.05387	496611	170209.6697913	502414	1136468.96355642	508217	3155101.67288185	513194	129736	518981	1096202	524769	3177225	513194	0.82474	518981	0.98451	524769	1.0543	513194	157305.332589665	518981	1113449.33012361	524769	3013587.21426539
6	600055	134276	605858	1060247	611645	3159525	600055	0.82569	605858	0.98538	611645	1.0552	600055	162622.776102411	605858	1075977.79536828	611645	2994242.79757392	616622	141666	622409	1115731	628197	3323363	616622	0.82584	622409	0.98601	628197	1.05575	616622	171541.702993316	622409	1131561.54602894	628197	3147869.28723656	633173	129866	638961	1099575	644764	3177920	633173	0.82566	638961	0.98714	644764	1.05548	633173	157287.503330669	638961	1113899.75079523	644764	3010876.56800697
7	720066	134883	725869	1059259	731672	3158478	720066	0.82674	725869	0.98627	731672	1.0554	720066	163150.446331374	725869	1074005.08988411	731672	2992683.34280841	736633	141232	742420	1114280	748224	3319182	736633	0.8259	742420	0.9858	748224	1.05531	736633	171003.753481051	742420	1130330.69588152	748224	3145219.887995	753200	129533	758988	1094547	764775	3171215	753200	0.82618	758988	0.98641	764775	1.05593	753200	156785.446270788	758988	1109626.82860068	764775	3003243.58622257
8	840077	133965	845864	1057799	851683	3150174	840077	0.82687	845864	0.98689	851683	1.0561	840077	162014.585122208	845864	1071850.96616644	851683	2982836.85257078	856644	140833	862447	1114054	868235	3311624	856644	0.82591	862447	0.98658	868235	1.05625	856644	170518.579506242	862447	1129207.97097042	868235	3135265.32544379	873211	130252	878999	1094990	884802	3166390	873211	0.82681	878999	0.98742	884802	1.05558	873211	157535.588587463	878999	1108940.47112677	884802	2999668.42873112
9	960088	135270	965875	1060271	971678	3150996	960088	0.8268	965875	0.98779	971678	1.05645	960088	163606.676342525	965875	1073376.93234392	971678	2982626.72156751	976655	140936	982427	1114154	988230	3311012	976655	0.82721	982427	0.98825	988230	1.05668	976655	170375.116354976	982427	1127400.96129522	988230	3133410.30397093	993206	129467	998994	1094824	1004797	3168175	993206	0.82762	998994	0.98896	1004797	1.05785	993206	156432.903989754	998994	1107045.78547161	1004797	2994918.93935813
10	1080099	134935	1085886	1060703	1091705	3150238	1080099	0.82794	1085886	0.98844	1091705	1.05738	1080099	162976.785757422	1085886	1073108.1299826	1091705	2979286.53842516	1096681	141145	1102469	1116880	1108257	3305719	1096681	0.82811	1102469	0.98914	1108257	1.05693	1096681	170442.332540363	1102469	1129142.48741331	1108257	3127661.2453048	1113233	130484	1119021	1094573	1124824	3168638	1113233	0.82757	1119021	0.98866	1124824	1.05852	1113233	157671.254395399	1119021	1107127.82958752	1124824	2993460.68095076
11	1200110	124495	1205913	665309	1211716	2966666	1200110	0.82788	1205913	0.98897	1211716	1.05754	1200110	150378.074117022	1205913	672729.203110307	1211716	2805251.81080621	1216692	131112	1222496	706563	1228299	3084393	1216692	0.82769	1222496	0.98821	1228299	1.05724	1216692	158407.13310539	1222496	714992.764695763	1228299	2917400.96855965	1233260	120055	1239047	721768	1244850	3018226	1233260	0.82751	1239047	0.98815	1244850	1.05846	1233260	145079.817766553	1239047	730423.518696554	1244850	2851525.80163634
12	1320121	122910	1325908	344425	1331711	2959801	1320121	0.82823	1325908	0.99021	1331711	1.0577	1320121	148400.806539246	1325908	347830.258228053	1331711	2798336.9575494	1336688	130690	1342460	357948	1348263	3073323	1336688	0.82845	1342460	0.98845	1348263	1.05761	1336688	157752.429235319	1342460	362130.608528504	1348263	2905913.33289209	1353239	118906	1359027	359605	1364830	2998731	1353239	0.8282	1359027	0.98919	1364830	1.05779	1353239	143571.601062545	1359027	363534.811310264	1364830	2834902.01268683
13	1440132	121818	1445919	192163	1451722	2953964	1440132	0.82867	1445919	0.98972	1451722	1.05864	1440132	147004.235702994	1445919	194158.954047609	1451722	2790338.54757047	1456699	129629	1462486	197361	1468290	3070751	1456699	0.82886	1462486	0.98963	1468290	1.05878	1456699	156394.324735178	1462486	199429.079554985	1468290	2900272.95566595	1473266	118385	1479054	198366	1484841	3000781	1473266	0.82867	1479054	0.98937	1484841	1.05921	1473266	142861.452689249	1479054	200497.286151794	1484841	2833036.88598106
14	1560143	123336	1565930	116893	1571733	2951449	1560143	0.82885	1565930	0.9903	1571733	1.05865	1560143	148803.764251674	1565930	118037.968292437	1571733	2787936.52293015	1576710	129683	1582482	117394	1588285	3069624	1576710	0.82894	1582482	0.9897	1588285	1.05957	1576710	156444.374743649	1582482	118615.742144084	1588285	2897046.91525808	1593277	118741	1599049	117882	1604852	2993922	1593277	0.82941	1599049	0.99042	1604852	1.05961	1593277	143163.212403998	1599049	119022.232992064	1604852	2825494.28563339
15	1680154	122847	1685941	78420	1691744	2950645	1680154	0.82977	1685941	0.99144	1691744	1.05932	1680154	148049.459488774	1685941	79097.0709271363	1691744	2785414.22799532	1696721	128917	1702508	75427	1708296	3060756	1696721	0.82956	1702508	0.99093	1708296	1.05974	1696721	155404.069627272	1702508	76117.3846790389	1708296	2888214.09024855	1713273	118325	1719060	77018	1724863	2990988	1713273	0.82955	1719060	0.99002	1724863	1.05938	1713273	142637.574588632	1719060	77794.3879921618	1724863	2823338.17893485
16	1800165	123539	1805952	58455	1811755	2944253	1800165	0.82964	1805952	0.99158	1811755	1.05972	1800165	148906.754736994	1805952	58951.3705399464	1811755	2778331.06858415	1816747	128456	1822520	53022	1828323	3060610	1816747	0.82985	1822520	0.99098	1828323	1.06005	1816747	154794.239922878	1822520	53504.6115966013	1828323	2887231.73435215	1833299	119193	1839087	55146	1844890	2989990	1833299	0.82984	1839087	0.99089	1844890	1.06038	1833299	143633.712522896	1839087	55652.9988192433	1844890	2819734.43482525
17	1920176	122737	1925963	46796	1931766	2944020	1920176	0.83033	1925963	0.99094	1931766	1.06032	1920176	147817.132947142	1925963	47223.8480634549	1931766	2776539.15799004	1936727	128657	1942515	41535	1948318	3055678	1936727	0.83	1942515	0.99114	1948318	1.06062	1936727	155008.43373494	1942515	41906.2897269811	1948318	2881029.96360619	1953295	118355	1959082	42349	1964885	2982133	1953295	0.83018	1959082	0.99176	1964885	1.06042	1953295	142565.46772989	1959082	42700.8550455755	1964885	2812218.74351672
18	2040187	123482	2045974	40604	2051793	2935191	2040187	0.83059	2045974	0.99173	2051793	1.06021	2040187	148667.814445153	2045974	40942.5952628236	2051793	2768499.6368644	2056754	128930	2062542	34126	2068345	3052006	2056754	0.83088	2062542	0.99246	2068345	1.06121	2056754	155172.828808011	2062542	34385.2648973258	2068345	2875967.99879383	2073321	118527	2079109	35295	2084912	2977944	2073321	0.83084	2079109	0.99228	2084912	1.06057	2073321	142659.236435415	2079109	35569.5972910872	2084912	2807871.2390507
19	2160198	122549	2165985	36595	2171789	2936055	2160198	0.83008	2165985	0.99126	2171789	1.06138	2160198	147635.16769468	2165985	36917.6603514719	2171789	2766261.84778307	2176765	127932	2182568	30359	2188371	3046368	2176765	0.83138	2182568	0.99176	2188371	1.06127	2176765	153879.092593038	2182568	30611.2365894975	2188371	2870492.90001602	2193348	118023	2199151	30699	2204954	2976198	2193348	0.83059	2199151	0.99217	2204954	1.0607	2193348	142095.377984324	2199151	30941.2701452372	2204954	2805881.02196663
20	2280209	123665	2285996	34423	2291815	2934195	2280209	0.83059	2285996	0.99194	2291815	1.06133	2280209	148888.139756077	2285996	34702.7037925681	2291815	2764639.65025016	2296792	127917	2302595	27885	2308414	3041771	2296792	0.83106	2302595	0.99175	2308414	1.06123	2296792	153920.294563569	2302595	28116.9649609277	2308414	2866269.32898618	2313390	118798	2319193	28078	2324996	2968436	2313390	0.83038	2319193	0.99203	2324996	1.06062	2313390	143064.621016884	2319193	28303.5795288449	2324996	2798774.30182346
21	2400220	122704	2406023	32961	2411826	2923101	2400220	0.82981	2406023	0.99193	2411826	1.06046	2400220	147869.994336053	2406023	33229.1593156775	2411826	2756446.25917055	2416803	127747	2422590	25724	2428425	3033847	2416803	0.83049	2422590	0.99162	2428425	1.06047	2416803	153821.238064275	2422590	25941.3888384663	2428425	2860851.32064085	2433385	117783	2439173	26163	2444992	2966045	2433385	0.83106	2439173	0.99223	2444992	1.06016	2433385	141726.22915313	2439173	26367.8784152868	2444992	2797733.36100211
22	2520231	123197	2526034	31619	2531837	2922072	2520231	0.83126	2526034	0.99245	2531837	1.06085	2520231	148205.134374323	2526034	31859.5395234017	2531837	2754462.9306688	2536829	128308	2542617	24266	2548436	3033352	2536829	0.83107	2542617	0.99208	2548436	1.06021	2536829	154388.920307555	2542617	24459.7209902427	2548436	2861086.01126192	2553412	118382	2559215	24616	2565018	2956801	2553412	0.83094	2559215	0.99226	2565018	1.06081	2553412	142467.566851999	2559215	24808.0140285812	2565018	2787304.98392738
23	2640242	123198	2646045	30958	2651848	2917081	2640242	0.83174	2646045	0.99226	2651848	1.06074	2640242	148120.806982951	2646045	31199.4840062081	2651848	2750043.36595207	2656825	128060	2662628	23235	2668447	3028857	2656825	0.83134	2662628	0.99305	2668447	1.06111	2656825	154040.464791782	2662628	23397.6134132219	2668447	2854423.1983489	2673423	117293	2679211	23681	2685045	2954550	2673423	0.83076	2679211	0.99225	2685045	1.0615	2673423	141187.587269488	2679211	23865.9611992945	2685045	2783372.58596326
24	2760253	123130	2766056	30431	2771875	2915948	2760253	0.83198	2766056	0.99282	2771875	1.06158	2760253	147996.346066011	2766056	30651.0747164642	2771875	2746800.05275156	2776851	128615	2782654	22880	2788473	3021587	2776851	0.83102	2782654	0.9928	2788473	1.062	2776851	154767.634954634	2782654	23045.9307010475	2788473	2845185.49905838	2793450	118328	2799253	23118	2805072	2956423	2793450	0.83135	2799253	0.99311	2805072	1.06172	2793450	142332.350995369	2799253	23278.3880939674	2805072	2784559.95931131
25	2880264	123086	2886067	29466	2891886	2914343	2880264	0.83157	2886067	0.99281	2891886	1.06102	2880264	148016.40270813	2886067	29679.3948489641	2891886	2746737.10203389	2896862	128474	2902650	21949	2908469	3024466	2896862	0.83156	2902650	0.99244	2908469	1.06173	2896862	154497.570830728	2902650	22116.1984603603	2908469	2848620.64743391	2913445	118413	2919233	22549	2925051	2954926	2913445	0.83161	2919233	0.99351	2925051	1.06176	2913445	142390.062649559	2919233	22696.2989803827	2925051	2783045.13261001
26	3000275	117102	3006078	29323	3011897	2814305	3000275	0.83224	3006078	0.99333	3011897	1.06123	3000275	140707.007593963	3006078	29519.8977177776	3011897	2651927.48037654	3016873	121660	3022676	21658	3028480	2923034	3016873	0.83164	3022676	0.99194	3028480	1.06107	3016873	146289.259775865	3022676	21833.9818940662	3028480	2754798.45816016	3033456	111379	3039259	21428	3045062	2855752	3033456	0.83142	3039259	0.99224	3045062	1.06065	3033456	133962.377619013	3039259	21595.5817141014	3045062	2692454.62687974
27	3120286	116916	3126089	28428	3131908	2803891	3120286	0.8317	3126089	0.99285	3131908	1.06168	3120286	140574.726463869	3126089	28632.7239764315	3131908	2640994.46160802	3136884	122140	3142687	20692	3148506	2911819	3136884	0.83123	3142687	0.99267	3148506	1.06087	3136884	146938.873717262	3142687	20844.7923277625	3148506	2744746.29313677	3153467	111457	3159286	20801	3165089	2837216	3153467	0.83163	3159286	0.99336	3165089	1.06199	3153467	134022.341666366	3159286	20940.0418780704	3165089	2671603.31076564
28	3240297	117178	3246100	27766	3251919	2797057	3240297	0.83155	3246100	0.99211	3251919	1.06186	3240297	140915.15843906	3246100	27986.815978067	3251919	2634110.89974196	3256911	122497	3262714	20245	3268533	2906613	3256911	0.83133	3262714	0.9925	3268533	1.06104	3256911	147350.630916724	3262714	20397.9848866499	3268533	2739400.02261932	3273509	111917	3279297	19836	3285116	2831994	3273509	0.83164	3279297	0.99229	3285116	1.06175	3273509	134573.854071473	3279297	19990.1238549214	3285116	2667288.9098187
29	3360308	116531	3366095	27632	3371914	2789021	3360308	0.83148	3366095	0.99377	3371914	1.0615	3360308	140148.891133882	3366095	27805.226561478	3371914	2627433.82006594	3376891	122711	3382678	19853	3388497	2900358	3376891	0.83215	3382678	0.99337	3388497	1.06141	3376891	147462.59688758	3382678	19985.503890796	3388497	2732551.98273994	3393489	111549	3399277	19421	3405095	2826788	3393489	0.83151	3399277	0.99335	3405095	1.06095	3393489	134152.32528773	3399277	19551.0142447274	3405095	2664393.23248032
30	3480319	116333	3486106	26910	3491925	2789028	3480319	0.8325	3486106	0.99415	3491925	1.06213	3480319	139739.339339339	3486106	27068.3498466026	3491925	2625881.9541864	3496902	122536	3502705	19186	3508524	2900015	3496902	0.83146	3502705	0.99365	3508524	1.06277	3496902	147374.497871215	3502705	19308.6096714135	3508524	2728732.46327992	3513500	111788	3519288	19219	3525106	2824282	3513500	0.83199	3519288	0.99381	3525106	1.06214	3513500	134362.191853267	3519288	19338.7065938157	3525106	2659048.71297569
31	3600330	107986	3606133	19751	3611952	2677538	3600330	0.83393	3606133	0.99387	3611952	1.0618	3600330	129490.484812874	3606133	19872.8203889845	3611952	2521697.11810134	3616913	116391	3622716	20098	3628519	2798676	3616913	0.83235	3622716	0.99364	3628519	1.06197	3616913	139834.204361146	3622716	20226.6414395556	3628519	2635362.58086387	3633511	105952	3639299	19842	3645118	2728782	3633511	0.8329	3639299	0.99438	3645118	1.06215	3633511	127208.548445192	3639299	19954.1422796114	3645118	2569111.70738596
32	3720341	105492	3726144	21258	3731947	2648421	3720341	0.83286	3726144	0.99415	3731947	1.06318	3720341	126662.344211512	3726144	21383.0910828346	3731947	2491037.26556181	3736924	114168	3742711	22070	3748530	2766984	3736924	0.83301	3742711	0.99427	3748530	1.06266	3736924	137054.777253574	3742711	22197.1898981162	3748530	2603828.1294111	3753506	102732	3759294	21627	3765097	2698573	3753506	0.83238	3759294	0.99415	3765097	1.06249	3753506	123419.592013263	3759294	21754.2624352462	3765097	2539857.31630415
33	3840352	103651	3846155	23734	3851974	2562179	3840352	0.83295	3846155	0.99466	3851974	1.06369	3840352	124438.441683174	3846155	23861.4199827077	3851974	2408764.771691	3856966	111203	3862753	24625	3868572	2685735	3856966	0.83278	3862753	0.99419	3868572	1.06311	3856966	133532.265424242	3862753	24768.9073517135	3868572	2526300.19471174	3873549	91785	3879352	24655	3885171	2619041	3873549	0.83357	3879352	0.99488	3885171	1.06343	3873549	110110.728553091	3879352	24781.8832422001	3885171	2462824.06928524
34	3960363	100490	3966166	26933	3971985	2418896	3960363	0.83363	3966166	0.99499	3971985	1.06296	3960363	120545.085949402	3966166	27068.6137549121	3971985	2275622.78919244	3976961	103686	3982764	28251	3988583	2545938	3976961	0.83306	3982764	0.99518	3988583	1.06287	3976961	124464.024199938	3982764	28387.8293374063	3988583	2395342.7982726	3993575	72809	3999363	28315	4005166	2489139	3993575	0.83385	3999363	0.99484	4005166	1.06283	3993575	87316.6636685255	3999363	28461.8632141852	4005166	2341991.66376561
35	4080374	96638	4086177	29771	4091965	2234201	4080374	0.83325	4086177	0.99511	4091965	1.06312	4080374	115977.197719772	4086177	29917.2955753635	4091965	2101551.09489051	4096941	94364	4102729	32588	4108532	2362747	4096941	0.83324	4102729	0.99473	4108532	1.06379	4096941	113249.483942202	4102729	32760.648618218	4108532	2221065.24784027	4113508	58592	4119296	33081	4125084	2316608	4113508	0.83372	4119296	0.99461	4125084	1.06306	4113508	70277.7911049273	4119296	33260.2728707735	4125084	2179188.38071228
36	4200385	92454	4206188	34764	4211976	2029068	4200385	0.83268	4206188	0.9949	4211976	1.06352	4200385	111031.848969592	4206188	34942.2052467585	4211976	1907879.4945088	4216952	84239	4222740	38236	4228559	2148046	4216952	0.833	4222740	0.99462	4228559	1.06357	4216952	101127.25090036	4222740	38442.8223844282	4228559	2019656.44010267	4233535	48990	4239323	39197	4245126	2118433	4233535	0.83318	4239323	0.99552	4245126	1.0632	4233535	58798.8189826928	4239323	39373.3927997428	4245126	1992506.58389767
37	4320396	87746	4326183	40880	4332002	1821162	4320396	0.83332	4326183	0.99517	4332002	1.06283	4320396	105296.884750156	4326183	41078.408714089	4332002	1713502.62977146	4336963	75344	4342751	44550	4348538	1942919	4336963	0.83408	4342751	0.99493	4348538	1.06389	4336963	90331.8626510647	4342751	44777.0194888083	4348538	1826240.494788	4353530	42556	4359318	46643	4365106	1928394	4353530	0.83355	4359318	0.99409	4365106	1.06444	4353530	51053.9259792454	4359318	46920.2989668944	4365106	1811651.19687347
38	4440407	83555	4446195	47833	4451998	1637038	4440407	0.83283	4446195	0.99548	4451998	1.0639	4440407	100326.597264748	4446195	48050.1868445373	4451998	1538714.16486512	4456974	67666	4462762	51692	4468565	1753365	4456974	0.83446	4462762	0.99513	4468565	1.06391	4456974	81089.5669055437	4462762	51944.9720137068	4468565	1648038.83787162	4473541	38386	4479329	53824	4485132	1750502	4473541	0.83355	4479329	0.99538	4485132	1.06463	4473541	46051.2266810629	4479329	54073.8210532661	4485132	1644235.08636803
39	4560418	79355	4566221	54724	4572024	1474170	4560418	0.83375	4566221	0.99586	4572024	1.06407	4560418	95178.4107946027	4566221	54951.4992067158	4572024	1385406.97510502	4576985	62201	4582757	59383	4588560	1600454	4576985	0.83424	4582757	0.99625	4588560	1.06468	4576985	74560.0786344457	4582757	59606.5244667503	4588560	1503225.38227449	4593537	34757	4599324	62127	4605112	1605511	4593537	0.83393	4599324	0.99521	4605112	1.0638	4593537	41678.5581523629	4599324	62426.0206388602	4605112	1509222.59823275
40	4680429	75800	4686217	61400	4692020	1352159	4680429	0.83326	4686217	0.9959	4692020	1.06402	4680429	90968.0051844562	4686217	61652.776383171	4692020	1270802.24055939	4696996	57685	4702784	67090	4708571	1478137	4696996	0.83353	4702784	0.99632	4708571	1.06453	4696996	69205.6674624789	4702784	67337.8031154649	4708571	1388534.84636412	4713548	33220	4719335	69737	4725123	1492180	4713548	0.83314	4719335	0.996	4725123	1.06441	4713548	39873.2505941378	4719335	70017.0682730924	4725123	1401884.61213254
41	4800440	75555	4806228	793357	4812046	1255508	4800440	0.83419	4806228	0.99597	4812046	1.06442	4800440	90572.8910679821	4806228	796567.165677681	4812046	1179523.12057271	4817023	56638	4822826	834135	4828629	1383058	4817023	0.83356	4822826	0.99572	4828629	1.06481	4817023	67947.1183837996	4822826	837720.443498172	4828629	1298877.73405584	4833606	33399	4839393	830243	4845196	1406690	4833606	0.8329	4839393	0.99522	4845196	1.06477	4833606	40099.6518189459	4839393	834230.622374952	4845196	1321120.99326615
42	4920451	73077	4926239	795898	4932042	1181550	4920451	0.83457	4926239	0.99645	4932042	1.06456	4920451	87562.457313347	4926239	798733.503938983	4932042	1109895.16795671	4937034	53922	4942806	838748	4948609	1317715	4937034	0.83418	4942806	0.99516	4948609	1.06489	4937034	64640.7250233762	4942806	842827.284054825	4948609	1237418.88833588	4953585	31897	4959373	838682	4965176	1350815	4953585	0.83442	4959373	0.99677	4965176	1.06479	4953585	38226.5525754416	4959373	841399.72109915	4965176	1268621.04264691
43	5040462	71227	5046250	800445	5052053	1134802	5040462	0.83521	5046250	0.99727	5052053	1.06609	5040462	85280.3486548293	5046250	802636.196817311	5052053	1064452.34454877	5057029	51144	5062817	841378	5068620	1278441	5057029	0.83472	5062817	0.9966	5068620	1.06607	5057029	61270.8453133985	5062817	844248.444712021	5068620	1199209.24517152	5073596	31520	5079368	837711	5085172	1314604	5073596	0.83513	5079368	0.9966	5085172	1.06572	5073596	37742.6268964113	5079368	840568.934376882	5085172	1233536.01321173
44	5160473	70203	5166276	801109	5172079	1094734	5160473	0.83437	5166276	0.99665	5172079	1.06611	5160473	84138.931169625	5166276	803801.73581498	5172079	1026849.01182805	5177056	49531	5182843	842721	5188647	1255317	5177056	0.83493	5182843	0.9965	5188647	1.06528	5177056	59323.5361048232	5182843	845680.883090818	5188647	1178391.59657555	5193623	30505	5199411	840553	5205214	1301609	5193623	0.83554	5199411	0.99655	5205214	1.06611	5193623	36509.3233118702	5199411	843462.947167729	5205214	1220895.59238728
45	5280484	69503	5286287	801237	5292090	1068767	5280484	0.83516	5286287	0.997	5292090	1.06599	5280484	83221.1791752479	5286287	803647.943831495	5292090	1002605.09010403	5297051	48264	5302839	844682	5308642	1245424	5297051	0.83464	5302839	0.99689	5308642	1.06505	5297051	57826.1286303077	5302839	847317.156356268	5308642	1169357.30716868	5313618	29885	5319406	843817	5325194	1301797	5313618	0.83477	5319406	0.99698	5325194	1.0662	5313618	35800.280316734	5319406	846373.046600734	5325194	1220968.86137685
46	5400495	69246	5406283	803762	5412086	1052745	5400495	0.83514	5406283	0.99674	5412086	1.06578	5400495	82915.4393275379	5406283	806390.834119229	5412086	987769.52091426	5417047	47411	5422834	843018	5428637	1243684	5417047	0.83552	5422834	0.9966	5428637	1.06588	5417047	56744.3029490617	5422834	845894.0397351	5428637	1166814.2755282	5433614	29322	5439401	843090	5445189	1310302	5433614	0.83538	5439401	0.99666	5445189	1.0655	5433614	35100.1939237233	5439401	845915.35729336	5445189	1229753.16752698
47	5520506	68613	5526309	801563	5532112	1037225	5520506	0.83479	5526309	0.99645	5532112	1.06523	5520506	82191.9285089663	5526309	804418.686336495	5532112	973709.903025638	5537089	46859	5542876	844755	5548680	1246679	5537089	0.83528	5542876	0.99643	5548680	1.06617	5537089	56099.7509817067	5542876	847781.580241462	5548680	1169306.02061585	5553656	28990	5559444	844021	5565231	1325777	5553656	0.83472	5559444	0.9968	5565231	1.06568	5553656	34730.2089323366	5559444	846730.537720706	5565231	1244066.69919676
48	5640517	68263	5646305	804126	5652108	1028480	5640517	0.83531	5646305	0.99749	5652108	1.06645	5640517	81721.7559947804	5646305	806149.435082056	5652108	964395.892915748	5657084	46567	5662872	844874	5668675	1254676	5657084	0.83561	5662872	0.99779	5668675	1.0657	5657084	55728.1506923086	5662872	846745.307128755	5668675	1177325.70141691	5673651	28880	5679439	844723	5685242	1353501	5673651	0.83517	5679439	0.99739	5685242	1.066	5673651	34579.7861513225	5679439	846933.496425671	5685242	1269700.75046904
49	5760528	68931	5766316	803610	5772119	1019136	5760528	0.83554	5766316	0.99697	5772119	1.06618	5760528	82498.7433276683	5766316	806052.338585915	5772119	955876.118479056	5777095	46804	5782883	845829	5788686	1267700	5777095	0.8362	5782883	0.99723	5788686	1.06748	5777095	55972.255441282	5782883	848178.454318462	5788686	1187563.23303481	5793662	28231	5799450	846341	5805253	1378016	5793662	0.83489	5799450	0.99707	5805253	1.06588	5793662	33814.0353819066	5799450	848828.066234066	5805253	1292843.47206064
50	5880539	68269	5886327	804291	5892130	1011869	5880539	0.83561	5886327	0.99822	5892130	1.06707	5880539	81699.5967018107	5886327	805725.190839695	5892130	948268.623426767	5897091	47128	5902878	847856	5908681	1278366	5897091	0.83584	5902878	0.99777	5908681	1.06572	5897091	56383.9969372129	5902878	849750.944606472	5908681	1199532.71028037	5913658	28763	5919445	845473	5925249	1409897	5913658	0.83582	5919445	0.99794	5925249	1.06703	5913658	34412.911870977	5919445	847218.269635449	5925249	1321328.36002737
51	6000550	68677	6006338	804729	6012156	1004347	6000550	0.83612	6006338	0.99714	6012156	1.06593	6000550	82137.7314261111	6006338	807037.126180877	6012156	942226.03735705	6017117	47085	6022905	848503	6028708	1294028	6017117	0.83579	6022905	0.99814	6028708	1.06642	6017117	56335.9217028201	6022905	850084.156531148	6028708	1213431.85611673	6033684	28187	6039457	846086	6045260	1442542	6033684	0.8357	6039457	0.99753	6045260	1.06726	6033684	33728.6107454828	6039457	848181.007087506	6045260	1351631.28010044
52	6120561	68403	6126349	808450	6132152	998502	6120561	0.83606	6126349	0.99793	6132152	1.06655	6120561	81815.898380499	6126349	810126.962813023	6132152	936198.021658619	6137128	47440	6142916	849213	6148703	1303513	6137128	0.83551	6142916	0.99812	6148703	1.06642	6137128	56779.6914459432	6142916	850812.527551797	6148703	1222326.10041072	6153696	28492	6159468	848437	6165271	1475551	6153696	0.83569	6159468	0.99875	6165271	1.06634	6153696	34093.9822182867	6159468	849498.87359199	6165271	1383752.83680627
53	6240572	69313	6246360	805607	6252163	992150	6240572	0.83603	6246360	0.99773	6252163	1.06664	6240572	82907.3119385668	6246360	807439.888547002	6252163	930163.879096977	6257139	48005	6262927	849376	6268730	1311088	6257139	0.83592	6262927	0.9981	6268730	1.06696	6257139	57427.7442817495	6262927	850992.88648432	6268730	1228807.07805354	6273722	28199	6279510	849785	6285313	1507425	6273722	0.83684	6279510	0.99895	6285313	1.06705	6273722	33697.0030113283	6279510	850678.212122729	6285313	1412703.24727051
54	6360583	68530	6366371	808977	6372174	985358	6360583	0.83631	6366371	0.99887	6372174	1.06738	6360583	81943.2985376236	6366371	809892.178161322	6372174	923155.764582435	6377150	48770	6382938	850221	6388741	1317871	6377150	0.83554	6382938	0.99793	6388741	1.06738	6377150	58369.4377288939	6382938	851984.608138847	6388741	1234678.37133917	6393718	28187	6399490	848986	6405308	1537112	6393718	0.83585	6399490	0.99859	6405308	1.06746	6393718	33722.5578752169	6399490	850184.760512322	6405308	1439971.52118112
55	6480594	69206	6486382	803275	6492185	980018	6480594	0.83638	6486382	0.99772	6492185	1.06635	6480594	82744.6854300677	6486382	805110.652287215	6492185	919039.714915366	6497161	48964	6502933	848641	6508752	1323848	6497161	0.83615	6502933	0.99844	6508752	1.06783	6497161	58558.871015966	6502933	849966.948439566	6508752	1239755.39177584	6513729	28625	6519516	846842	6525319	1563082	6513729	0.83723	6519516	0.99761	6525319	1.06772	6513729	34190.1269663056	6519516	848870.801214904	6525319	1463943.73056607
56	6600605	68730	6606393	804238	6612196	973282	6600605	0.83621	6606393	0.99764	6612196	1.06855	6600605	82192.2722761029	6606393	806140.491560082	6612196	910843.666651069	6617172	49880	6622960	849253	6628748	1325502	6617172	0.8363	6622960	0.99894	6628748	1.06795	6617172	59643.6685399976	6622960	850154.163413218	6628748	1241164.8485416	6633724	28629	6639496	846616	6645299	1593746	6633724	0.83592	6639496	0.99864	6645299	1.06808	6633724	34248.4926787252	6639496	847768.965793479	6645299	1492159.76331361
57	6720616	69251	6726404	809014	6732207	966215	6720616	0.83687	6726404	0.99872	6732207	1.0685	6720616	82750.0089619654	6726404	810050.865107337	6732207	904272.344408049	6737183	50368	6742971	847931	6748774	1324177	6737183	0.83621	6742971	0.99827	6748774	1.06832	6737183	60233.6733595628	6742971	849400.462800645	6748774	1239494.72068294	6753751	28649	6759538	847050	6765341	1617486	6753751	0.83622	6759538	0.99816	6765341	1.06727	6753751	34260.1229341561	6759538	848611.445058908	6765341	1515535.90000656
58	6840627	68912	6846415	804889	6852218	956810	6840627	0.83678	6846415	0.99798	6852218	1.06772	6840627	82353.7847462894	6846415	806518.166696728	6852218	896124.452103548	6857194	50910	6862982	847641	6868785	1321272	6857194	0.83687	6862982	0.99805	6868785	1.06772	6857194	60833.8212625617	6862982	849297.129402335	6868785	1237470.49788334	6873746	28718	6879518	850947	6885321	1640464	6873746	0.8369	6879518	0.99875	6885321	1.06732	6873746	34314.7329430039	6879518	852012.015018774	6885321	1536993.59142525
59	6960638	69728	6966426	805658	6972229	949243	6960638	0.83662	6966426	0.99848	6972229	1.06661	6960638	83344.8877626641	6966426	806884.464385867	6972229	889962.591762687	6977205	51956	6982993	847544	6988796	1312136	6977205	0.83631	6982993	0.99811	6988796	1.06667	6977205	62125.2884695866	6982993	849148.891404755	6988796	1230123.65586358	6993773	28709	6999560	848595	7005363	1659131	6993773	0.83664	6999560	0.99947	7005363	1.06703	6993773	34314.6395104226	6999560	849044.993846739	7005363	1554905.67275522
60	7080649	69392	7086437	804532	7092240	940538	7080649	0.83649	7086437	0.99822	7092240	1.067	7080649	82956.1620581238	7086437	805966.620584641	7092240	881478.912839738	7097216	52324	7103004	847581	7108807	1307568	7097216	0.83587	7103004	0.99757	7108807	1.06848	7097216	62598.2509241868	7103004	849645.638902533	7108807	1223764.60017969	7113784	29019	7119587	846521	7125390	1677187	7113784	0.83636	7119587	0.99817	7125390	1.06837	7113784	34696.7812903534	7119587	848072.973541581	7125390	1569855.94878179
61	7200660	69686	7206448	803977	7212267	934174	7200660	0.83715	7206448	0.99835	7212267	1.06763	7200660	83241.951860479	7206448	805305.754494917	7212267	874997.892528311	7217243	53005	7223031	849901	7228834	1299154	7217243	0.83611	7223031	0.99855	7228834	1.06902	7217243	63394.7686309218	7223031	851135.145961644	7228834	1215275.67304634	7233810	28607	7239598	846542	7245401	1689020	7233810	0.83672	7239598	0.99777	7245401	1.06644	7233810	34189.4540587054	7239598	848434.007837477	7245401	1583792.80597127
62	7320671	70474	7326459	804907	7332262	926667	7320671	0.83604	7326459	0.99864	7332262	1.0671	7320671	84295.0098081432	7326459	806003.164303453	7332262	868397.526005061	7337238	53716	7343026	847777	7348829	1284793	7337238	0.83569	7343026	0.99837	7348829	1.06743	7337238	64277.4234464933	7343026	849161.132646213	7348829	1203632.08828682	7353790	29268	7359578	848272	7365381	1707307	7353790	0.83595	7359578	0.9987	7365381	1.06757	7353790	35011.6633769962	7359578	849376.18904576	7365381	1599245.95108517
63	7440682	70050	7446470	804162	7452273	918942	7440682	0.83585	7446470	0.99862	7452273	1.06723	7440682	83806.9031524795	7446470	805273.277122429	7452273	861053.381183063	7457249	54468	7463037	847388	7468840	1273809	7457249	0.83675	7463037	0.99812	7468840	1.06719	7457249	65094.7116821034	7463037	848984.090089368	7468840	1193610.32243556	7473848	29087	7479620	847919	7485423	1716980	7473848	0.83599	7479620	0.99771	7485423	1.06817	7473848	34793.4783908898	7479620	849865.19128805	7485423	1607403.31595158
64	7560693	70339	7566481	803008	7572284	911498	7560693	0.83666	7566481	0.99749	7572284	1.06832	7560693	84071.1878182296	7566481	805028.62184082	7572284	853206.904298338	7577260	55085	7583048	846375	7588851	1256637	7577260	0.83632	7583048	0.9983	7588851	1.06837	7577260	65865.9364836426	7583048	847816.287689071	7588851	1176218.91292343	7593843	29452	7599615	845972	7605418	1726230	7593843	0.83626	7599615	0.99829	7605418	1.06937	7593843	35218.7118838639	7599615	847421.090064009	7605418	1614249.51139456
65	7680704	70905	7686476	803944	7692295	900576	7680704	0.83628	7686476	0.99881	7692295	1.06667	7680704	84786.1960109054	7686476	804901.833181486	7692295	844287.361601995	7697287	55601	7703075	848112	7708878	1246091	7697287	0.83626	7703075	0.99861	7708878	1.06801	7697287	66487.695214407	7703075	849292.516598072	7708878	1166740.94811846	7713854	29665	7719642	845384	7725445	1724558	7713854	0.83591	7719642	0.99903	7725445	1.06727	7713854	35488.2702683303	7719642	846204.818674114	7725445	1615859.15466564
66	7800715	70402	7806503	803403	7812306	892920	7800715	0.83611	7806503	0.99804	7812306	1.06818	7800715	84201.839470883	7806503	804980.762294097	7812306	835926.529236646	7817282	56389	7823070	848959	7828858	1229872	7817282	0.83673	7823070	0.99761	7828858	1.0678	7817282	67392.1097606157	7823070	850992.87296639	7828858	1151781.23244053	7833850	29941	7839637	844723	7845440	1732042	7833850	0.83622	7839637	0.9982	7845440	1.06745	7833850	35805.1708880438	7839637	846246.243237828	7845440	1622597.77975549
67	7920726	70282	7926514	804355	7932317	886215	7920726	0.83578	7926514	0.99904	7932317	1.06733	7920726	84091.507334466	7926514	805127.922805894	7932317	830310.213336082	7937309	56665	7943081	847806	7948884	1214901	7937309	0.83649	7943081	0.99894	7948884	1.06778	7937309	67741.3955934919	7943081	848705.627965644	7948884	1137782.12740452	7953861	30237	7959664	846828	7965467	1736981	7953861	0.83615	7959664	0.99857	7965467	1.06853	7953861	36162.1718591162	7959664	848040.698198424	7965467	1625580.00243325
68	8040737	70703	8046525	804535	8052328	879508	8040737	0.83644	8046525	0.99877	8052328	1.06769	8040737	84528.4778346325	8046525	805525.796729978	8052328	823748.466315129	8057304	57493	8063092	846820	8068895	1198304	8057304	0.83669	8063092	0.99942	8068895	1.06741	8057304	68714.8167182589	8063092	847311.440635569	8068895	1122627.66884327	8073872	30525	8079659	845902	8085478	1735043	8073872	0.83725	8079659	0.99917	8085478	1.06764	8073872	36458.6443714542	8079659	846604.681885965	8085478	1625119.89059983
69	8160748	71053	8166536	804045	8172339	876624	8160748	0.83596	8166536	0.99925	8172339	1.06842	8160748	84995.6935738552	8166536	804648.486364774	8172339	820486.325602291	8177315	58388	8183087	846397	8188891	1185643	8177315	0.83667	8183087	0.99835	8188891	1.06845	8177315	69786.1761506926	8183087	847795.863174238	8188891	1109685.057794	8193851	30512	8199639	844267	8205442	1735094	8193851	0.83627	8199639	0.9987	8205442	1.06772	8193851	36485.8239563777	8199639	845365.975768499	8205442	1625045.89218147
70	8280759	71230	8286547	804086	8292350	866193	8280759	0.83784	8286547	0.99932	8292350	1.06808	8280759	85016.2322161749	8286547	804633.150542369	8292350	810981.38716201	8297326	59048	8303114	846010	8308902	1169158	8297326	0.83758	8303114	0.99971	8308902	1.06903	8297326	70498.340457031	8303114	846255.41407008	8308902	1093662.47906981	8313878	30738	8319666	845271	8325453	1732996	8313878	0.83724	8319666	0.9986	8325453	1.06824	8313878	36713.487172137	8319666	846456.038453835	8325453	1622290.87096533
71	8400770	71677	8406558	803452	8412361	858581	8400770	0.83671	8406558	0.99898	8412361	1.06931	8400770	85665.2842681455	8406558	804272.357804961	8412361	802929.92677521	8417337	59848	8423109	847402	8428913	1153535	8417337	0.83729	8423109	0.99964	8428913	1.06969	8417337	71478.2214047702	8423109	847707.17458285	8428913	1078382.5220391	8433889	30909	8439661	846333	8445464	1731882	8433889	0.83721	8439661	1.00007	8445464	1.06835	8433889	36919.0525674562	8439661	846273.760836741	8445464	1621081.106379
72	8520781	71189	8526569	802338	8532372	854319	8520781	0.8373	8526569	0.99884	8532372	1.06904	8520781	85022.0948286158	8526569	803269.792959833	8532372	799145.962732919	8537348	60164	8543121	844951	8548924	1139432	8537348	0.83721	8543121	0.99896	8548924	1.06864	8537348	71862.4956701425	8543121	845830.663890446	8548924	1066244.94684833	8553900	31558	8559672	844362	8565475	1726771	8553900	0.83797	8559672	0.99937	8565475	1.06865	8553900	37660.0594293352	8559672	844894.283398541	8565475	1615843.3537641
73	8640792	71799	8646564	802547	8652383	848665	8640792	0.83652	8646564	0.99932	8652383	1.06874	8640792	85830.5838473677	8646564	803093.103310251	8652383	794079.944607669	8657360	60909	8663147	844503	8668935	1122185	8657360	0.83673	8663147	0.99897	8668935	1.06876	8657360	72794.0912839267	8663147	845373.734946996	8668935	1049987.83637112	8673927	31558	8679714	843800	8685518	1722848	8673927	0.83696	8679714	0.99915	8685518	1.06926	8673927	37705.5056394571	8679714	844517.840164139	8685518	1611252.6420141
74	8760803	71805	8766591	804931	8772394	841896	8760803	0.83709	8766591	1	8772394	1.06974	8760803	85779.3068845644	8766591	804931	8772394	787009.92764597	8777371	60818	8783158	845149	8788961	1109697	8777371	0.83723	8783158	0.99989	8788961	1.06932	8777371	72641.9263523763	8783158	845241.976617428	8788961	1037759.51071709	8793938	31856	8799725	844325	8805529	1714531	8793938	0.83716	8799725	0.99962	8805529	1.06846	8793938	38052.463089493	8799725	844645.965466878	8805529	1604674.95273571
75	8880814	71919	8886602	801731	8892390	836808	8880814	0.83736	8886602	0.99988	8892390	1.06875	8880814	85887.7901977644	8886602	801827.219266312	8892390	782978.245614035	8897366	61637	8903154	844317	8908957	1093519	8897366	0.83671	8903154	0.99917	8908957	1.0689	8897366	73665.9057499014	8903154	845018.365243152	8908957	1023032.08906352	8913933	32712	8919705	841983	8925508	1704165	8913933	0.83743	8919705	0.9994	8925508	1.06985	8913933	39062.3693920686	8919705	842488.493095858	8925508	1592900.87395429
76	9000825	72371	9006613	803572	9012416	827743	9000825	0.83715	9006613	0.99957	9012416	1.06899	9000825	86449.2623783074	9006613	803917.68460438	9012416	774322.491323586	9017393	62371	9023180	843003	9028983	1079349	9017393	0.83737	9023180	0.99979	9028983	1.0692	9017393	74484.3975781315	9023180	843180.067814241	9028983	1009492.14365881	9033960	32743	9039747	845186	9045551	1696756	9033960	0.83767	9039747	0.99964	9045551	1.06963	9033960	39088.1850848186	9039747	845490.376535553	9045551	1586301.80529716
77	9120836	72100	9126624	800526	9132427	821763	9120836	0.83745	9126624	1.00018	9132427	1.06921	9120836	86094.6922204311	9126624	800381.931252375	9132427	768570.252803472	9137404	62512	9143176	843243	9148979	1066397	9137404	0.83796	9143176	1.00014	9148979	1.06895	9137404	74600.2195808869	9143176	843124.962505249	9148979	997611.675008186	9153955	33443	9159743	844106	9165530	1686103	9153955	0.83741	9159743	1.00001	9165530	1.0694	9153955	39936.2319532845	9159743	844097.55902441	9165530	1576681.31662615
78	9240847	72273	9246651	799316	9252454	818955	9240847	0.83744	9246651	0.99956	9252454	1.06936	9240847	86302.3022544899	9246651	799667.853855697	9252454	765836.575147752	9257430	62696	9263218	841350	9269037	1048953	9257430	0.83717	9263218	0.99904	9269037	1.06856	9257430	74890.404577326	9263218	842158.472133248	9269037	981651.006962641	9273982	33712	9279769	843811	9285573	1672042	9273982	0.83717	9279769	0.99943	9285573	1.06887	9273982	40269.0015170157	9279769	844292.246580551	9285573	1564308.10107871
79	9360858	72503	9366646	799487	9372465	814864	9360858	0.83749	9366646	0.99899	9372465	1.06955	9360858	86571.7799615518	9366646	800295.298251234	9372465	761875.555140012	9377426	63783	9383213	843819	9389016	1038676	9377426	0.83652	9383213	0.9997	9389016	1.06881	9377426	76248.0275426768	9383213	844072.2216665	9389016	971806.027263967	9393993	34075	9399780	842369	9405584	1662978	9393993	0.83759	9399780	0.99935	9405584	1.06885	9393993	40682.1953461718	9399780	842916.895982389	9405584	1555857.22973289
80	9480869	73042	9486657	800471	9492460	808432	9480869	0.83692	9486657	0.9991	9492460	1.06886	9480869	87274.7693925345	9486657	801192.072865579	9492460	756349.755814606	9497437	64113	9503209	842893	9509012	1023632	9497437	0.83708	9503209	0.99884	9509012	1.06855	9497437	76591.2457590672	9503209	843871.891394017	9509012	957963.595526648	9514004	34481	9519791	842743	9525595	1650549	9514004	0.83727	9519791	1.00065	9525595	1.06882	9514004	41182.6531465358	9519791	842195.57287763	9525595	1544272.18802043
81	9600880	73494	9606668	799775	9612487	803598	9600880	0.83738	9606668	1.00009	9612487	1.06889	9600880	87766.6053643507	9606668	799703.026727595	9612487	751806.07920366	9617448	64766	9623235	841024	9629038	1012761	9617448	0.83798	9623235	0.99939	9629038	1.06904	9617448	77288.2407694695	9623235	841537.337776044	9629038	947355.571353738	9634030	34913	9639802	838942	9645590	1634759	9634030	0.83772	9639802	0.99974	9645590	1.06904	9634030	41676.2163968868	9639802	839160.181647228	9645590	1529184.12781561
82	9720891	72802	9726679	800459	9732498	797622	9720891	0.83695	9726679	1.00025	9732498	1.06888	9720891	86984.8855965111	9726679	800258.935266184	9732498	746222.213906145	9737474	65369	9743262	842469	9749065	1000149	9737474	0.83777	9743262	1.00015	9749065	1.06829	9737474	78027.3822170763	9743262	842342.64860271	9749065	936214.885471174	9754041	35369	9759829	838245	9765632	1618413	9754041	0.83738	9759829	0.99955	9765632	1.06864	9754041	42237.6937591058	9759829	838622.380071032	9765632	1514460.43569397
83	9840902	72842	9846690	796794	9852509	793255	9840902	0.83745	9846690	0.99923	9852509	1.06929	9840902	86980.7152665831	9846690	797408.004163206	9852509	741852.070065183	9857470	65691	9863242	843972	9869045	990018	9857470	0.83763	9863242	0.99951	9869045	1.06995	9857470	78424.8415171377	9863242	844385.749017018	9869045	925293.705313332	9874021	36183	9879809	841182	9885612	1605273	9874021	0.83772	9879809	0.99932	9885612	1.06888	9874021	43192.236069331	9879809	841754.392987231	9885612	1501827.14617169
84	9960913	73419	9966701	797392	9972520	790531	9960913	0.83813	9966701	0.99998	9972520	1.06909	9960913	87598.5825587916	9966701	797407.948158963	9972520	739442.89068273	9977481	66643	9983268	840029	9989056	979541	9977481	0.83697	9983268	0.99969	9989056	1.06931	9977481	79624.1203388413	9983268	840289.48974182	9989056	916049.602079846	9994048	36831	9999820	839598	10005623	1596059	9994048	0.83777	9999820	0.99905	10005623	1.07006	9994048	43963.140241355	9999820	840396.37655773	10005623	1491560.28633908
85	10080924	73583	10086712	799764	10092531	787550	10080924	0.83743	10086712	1.00012	10092531	1.06903	10080924	87867.642668641	10086712	799668.03983522	10092531	736695.883183821	10097507	66453	10103279	840693	10109082	969082	10097507	0.83747	10103279	0.99966	10109082	1.0689	10097507	79349.7080492436	10103279	840978.932837165	10109082	906616.147441295	10114074	37252	10119862	837737	10125650	1576495	10114074	0.83743	10119862	0.99872	10125650	1.06875	10114074	44483.718042105	10119862	838810.677667414	10125650	1475083.04093567
86	10200935	73515	10206739	798034	10212542	783363	10200935	0.83774	10206739	1.00014	10212542	1.0701	10200935	87753.9570749875	10206739	797922.290879277	10212542	732046.537706757	10217503	66924	10223290	840475	10229093	956265	10217503	0.83785	10223290	0.9995	10229093	1.06952	10217503	79875.8727695888	10223290	840895.447723862	10229093	894106.702071958	10234070	37826	10239857	837245	10245645	1560799	10234070	0.83735	10239857	0.9994	10245645	1.06943	10234070	45173.4639039828	10239857	837747.648589154	10245645	1459468.12788121
87	10320946	73871	10326734	797493	10332553	778653	10320946	0.83752	10326734	0.99958	10332553	1.07039	10320946	88202.0727863215	10326734	797828.087796875	10332553	727447.939536057	10337514	67395	10343301	840032	10349104	947518	10337514	0.83819	10343301	1.00062	10349104	1.06978	10337514	80405.3973442775	10343301	839511.502868222	10349104	885712.950326235	10354081	38028	10359868	840393	10365656	1546069	10354081	0.83686	10359868	1.00077	10365656	1.06991	10354081	45441.2924503501	10359868	839746.395275638	10365656	1445045.84497762
88	10440957	73840	10446745	798650	10452564	774516	10440957	0.83835	10446745	1.00016	10452564	1.07031	10440957	88077.7718136816	10446745	798522.236442169	10452564	723637.077108501	10457540	68114	10463312	841289	10469115	939046	10457540	0.83828	10463312	1.00102	10469115	1.07028	10457540	81254.4734456268	10463312	840431.759605203	10469115	877383.488432933	10474092	38768	10479880	838899	10485683	1524254	10474092	0.83878	10479880	1.00052	10485683	1.06954	10474092	46219.5092872982	10479880	838462.999240395	10485683	1425149.12953232
89	10560968	73644	10566756	797008	10572575	771041	10560968	0.83878	10566756	0.99989	10572575	1.06933	10560968	87798.9460883664	10566756	797095.680524858	10572575	721050.564372084	10577551	68290	10583339	838024	10589126	928585	10577551	0.83785	10583339	0.99991	10589126	1.06932	10577551	81506.2361997971	10583339	838099.428948606	10589126	868388.321550144	10594119	39641	10599891	838526	10605709	1505736	10594119	0.83777	10599891	1.00042	10605709	1.06958	10594119	47317.282786445	10599891	838173.966933888	10605709	1407782.49406309
90	10680979	73937	10686783	796328	10692586	770092	10680979	0.83745	10686783	1.00028	10692586	1.06897	10680979	88288.2560152845	10686783	796105.090574639	10692586	720405.624105447	10697562	68577	10703350	839015	10709138	921662	10697562	0.83726	10703350	0.99886	10709138	1.06921	10697562	81906.456775673	10703350	839972.56872835	10709138	862002.787104498	10714114	40098	10719886	838091	10725689	1494315	10714114	0.83751	10719886	0.99971	10725689	1.06941	10714114	47877.6372819429	10719886	838334.116893899	10725689	1397326.56324515
91	10800990	74462	10806778	797122	10812597	767071	10800990	0.83776	10806778	1.00069	10812597	1.06993	10800990	88882.2574484339	10806778	796572.365068103	10812597	716935.687381417	10817573	68993	10823345	838746	10829149	913297	10817573	0.83836	10823345	0.99979	10829149	1.06859	10817573	82295.1953814591	10823345	838922.173656468	10829149	854674.851907654	10834125	40948	10839913	836155	10845716	1470962	10834125	0.83731	10839913	1.00008	10845716	1.06878	10834125	48904.2290191208	10839913	836088.112950964	10845716	1376300.08046558
92	10921001	73915	10926789	796247	10932608	764874	10921001	0.8377	10926789	0.9999	10932608	1.06995	10921001	88235.6452190522	10926789	796326.632663266	10932608	714868.91910837	10937569	69769	10943356	838707	10949144	903918	10937569	0.83781	10943356	1.00017	10949144	1.06951	10937569	83275.4443131498	10943356	838564.444044512	10949144	845170.218137278	10954120	41312	10959908	835761	10965711	1453862	10954120	0.83755	10959908	0.99963	10965711	1.07053	10954120	49324.8164288699	10959908	836070.346028031	10965711	1358076.84044352
93	11041012	74363	11046800	795124	11052603	759307	11041012	0.83816	11046800	0.99971	11052603	1.06942	11041012	88721.7237758901	11046800	795354.652849326	11052603	710017.579622599	11057580	69224	11063352	837985	11069155	896012	11057580	0.83837	11063352	0.99937	11069155	1.06881	11057580	82569.7484404261	11063352	838513.263355914	11069155	838326.737212414	11074147	42332	11079935	836717	11085722	1436917	11074147	0.83778	11079935	0.99934	11085722	1.06965	11074147	50528.7784382535	11079935	837269.597934637	11085722	1343352.49848081
94	11161024	74425	11166811	794311	11172614	755888	11161024	0.83771	11166811	0.99969	11172614	1.06943	11161024	88843.3944921274	11166811	794557.312766958	11172614	706813.910213852	11177591	70543	11183363	838116	11189166	889536	11177591	0.83763	11183363	0.99987	11189166	1.06919	11177591	84217.3752133997	11183363	838224.969246002	11189166	831971.866553185	11194142	42640	11199930	837665	11205733	1417627	11194142	0.83763	11199930	0.99898	11205733	1.06941	11194142	50905.5310817425	11199930	838520.29069651	11205733	1325615.99386578
95	11281035	74615	11286822	795789	11292641	753541	11281035	0.8377	11286822	0.99968	11292641	1.06951	11281035	89071.2665632088	11286822	796043.733994878	11292641	704566.577217604	11297602	70968	11303389	837902	11309193	882792	11297602	0.83806	11303389	0.99996	11309193	1.06973	11297602	84681.2877359616	11303389	837935.517420697	11309193	825247.492357885	11314169	42855	11319941	840104	11325744	1400319	11314169	0.83734	11319941	1.00064	11325744	1.06959	11314169	51179.9269114099	11319941	839566.677326511	11325744	1309211.00608644
96	11401046	74997	11406849	795388	11412652	751840	11401046	0.83844	11406849	1.00034	11412652	1.06954	11401046	89448.2610562473	11406849	795117.659995602	11412652	702956.411167418	11417628	70784	11423400	839452	11429188	873819	11417628	0.83847	11423400	0.99987	11429188	1.06956	11417628	84420.4324543514	11423400	839561.142948583	11429188	816989.229215752	11434164	43723	11439952	836144	11445755	1382536	11434164	0.83814	11439952	0.9995	11445755	1.06946	11434164	52166.7024602095	11439952	836562.28114057	11445755	1292742.13154302
97	11521057	74782	11526844	795428	11532663	749737	11521057	0.83745	11526844	1.00016	11532663	1.06864	11521057	89297.2714788943	11526844	795300.751879699	11532663	701580.513549933	11537624	71354	11543411	837479	11549215	869279	11537624	0.83761	11543411	0.99964	11549215	1.0697	11537624	85187.6171487924	11543411	837780.601016366	11549215	812638.122838179	11554207	44646	11559979	833266	11565782	1363044	11554207	0.83792	11559979	0.99949	11565782	1.06981	11554207	53281.9362230285	11559979	833691.182503077	11565782	1274099.13909947
98	11641068	74793	11646855	795825	11652674	744652	11641068	0.83734	11646855	1.00074	11652674	1.06924	11641068	89322.139154943	11646855	795236.524971521	11652674	696431.109947252	11657635	72010	11663422	836375	11669226	862710	11657635	0.83787	11663422	0.99972	11669226	1.06899	11657635	85944.1202095791	11663422	836609.250590165	11669226	807032.806667976	11674202	44881	11679990	835211	11685777	1342637	11674202	0.83797	11679990	1.00008	11685777	1.06884	11674202	53559.196629951	11679990	835144.188464923	11685777	1256162.75588488
99	11761079	74982	11766866	794677	11772685	743897	11761079	0.83772	11766866	1.00021	11772685	1.07014	11761079	89507.2339206418	11766866	794510.152867898	11772685	695139.888238922	11777661	71992	11783433	837346	11789252	856862	11777661	0.83818	11783433	1.0009	11789252	1.06933	11777661	85890.8587654203	11783433	836593.066240384	11789252	801307.360683793	11794229	45254	11800016	833980	11805804	1326479	11794229	0.83838	11800016	0.99964	11805804	1.06909	11794229	53977.9097783821	11800016	834280.340922732	11805804	1240755.22173063
100	11881090	75228	11886877	794365	11892696	741986	11881090	0.83816	11886877	0.9997	11892696	1.07036	11881090	89753.7463014222	11886877	794603.381014304	11892696	693211.629732053	11897672	72398	11903444	835303	11909248	852521	11897672	0.83762	11903444	0.99968	11909248	1.06956	11897672	86432.9887060959	11903444	835570.382522407	11909248	797076.367852201	11914224	46103	11920012	837337	11925815	1312442	11914224	0.83843	11920012	1.00068	11925815	1.07027	11914224	54987.2976873442	11920012	836767.997761522	11925815	1226271.87532118
101	12001101	75341	12006904	796120	12012707	741114	12001101	0.8383	12006904	1.00012	12012707	1.06977	12001101	89873.5536204223	12006904	796024.477062753	12012707	692778.821615861	12017683	72757	12023471	839536	12029259	845385	12017683	0.83707	12023471	0.99997	12029259	1.06901	12017683	86918.6567431637	12023471	839561.186835605	12029259	790811.124311279	12034251	46975	12040023	833343	12045826	1292550	12034251	0.83817	12040023	0.99986	12045826	1.07057	12034251	56044.7164656335	12040023	833459.68435581	12045826	1207347.48778688
102	12121112	75361	12126899	792504	12132702	738578	12121112	0.83833	12126899	0.99954	12132702	1.06994	12121112	89894.1944103157	12126899	792868.719611021	12132702	690298.521412416	12137679	73348	12143466	835259	12149270	838601	12137679	0.8381	12143466	0.99998	12149270	1.06915	12137679	87517.0027443026	12143466	835275.70551411	12149270	784362.343918066	12154230	47732	12160018	833663	12165821	1274340	12154230	0.83796	12160018	0.99997	12165821	1.06984	12154230	56962.1461644947	12160018	833688.010640319	12165821	1191150.07851641
103	12241123	75634	12246910	793794	12252729	736856	12241123	0.8384	12246910	1.00049	12252729	1.07104	12241123	90212.3091603053	12246910	793405.231436596	12252729	687981.774723633	12257690	73561	12263477	837462	12269281	834668	12257690	0.83732	12263477	1.00018	12269281	1.06928	12257690	87852.911670568	12263477	837311.283968886	12269281	780588.807421817	12274257	47786	12280045	829978	12285832	1257168	12274257	0.83743	12280045	1.00008	12285832	1.06977	12274257	57062.6798657798	12280045	829911.607071434	12285832	1175175.97240528
104	12361134	75868	12366937	793522	12372740	731770	12361134	0.83733	12366937	0.9996	12372740	1.06961	12361134	90607.0485949387	12366937	793839.535814326	12372740	684146.558091267	12377716	73933	12383488	836713	12389292	830970	12377716	0.83791	12383488	0.99975	12389292	1.07044	12377716	88235.0133069184	12383488	836922.230557639	12389292	776288.255296887	12394268	48468	12400056	831345	12405859	1240255	12394268	0.83829	12400056	1.00037	12405859	1.07043	12394268	57817.7003185055	12400056	831037.516119036	12405859	1158651.19624824
105	12481145	75643	12486948	792154	12492751	731019	12481145	0.83825	12486948	1.00045	12492751	1.07049	12481145	90239.1887861616	12486948	791797.691039033	12492751	682882.605162122	12497712	73824	12503515	837954	12509318	826639	12497712	0.83859	12503515	1.00095	12509318	1.07039	12497712	88033.4847780203	12503515	837158.699235726	12509318	772278.32845972	12514295	49267	12520082	830817	12525870	1225737	12514295	0.83891	12520082	1.00047	12525870	1.07121	12514295	58727.3962642	12520082	830426.699451258	12525870	1144254.6279441
106	12601156	75936	12606943	793478	12612762	730905	12601156	0.83825	12606943	1.00073	12612762	1.06967	12601156	90588.7265135699	12606943	792899.183595975	12612762	683299.522282573	12617723	74215	12623510	837199	12629314	822732	12617723	0.83834	12623510	0.9999	12629314	1.0697	12617723	88526.134981034	12623510	837282.728272827	12629314	769124.053472936	12634290	50129	12640078	835005	12645881	1213169	12634290	0.83856	12640078	0.99945	12645881	1.07125	12634290	59779.8607136043	12640078	835464.505478013	12645881	1132479.81330222
107	12721167	76220	12726954	794844	12732757	727696	12721167	0.83777	12726954	1.00076	12732757	1.06939	12721167	90979.6244792724	12726954	794240.377313242	12732757	680477.655485838	12737734	74952	12743506	836784	12749325	817132	12737734	0.83895	12743506	1.00071	12749325	1.07041	12737734	89340.2467369927	12743506	836190.304883533	12749325	763382.255397465	12754286	50479	12760073	832089	12765876	1191934	12754286	0.83822	12760073	1.00087	12765876	1.06986	12754286	60221.6601846771	12760073	831365.711830707	12765876	1114102.77980296
108	12841178	76076	12846965	792692	12852768	727276	12841178	0.83821	12846965	1.00061	12852768	1.07053	12841178	90760.0720583147	12846965	792208.752660877	12852768	679360.690499099	12857760	74775	12863532	834682	12869336	813895	12857760	0.83883	12863532	1.0008	12869336	1.07041	12857760	89142.0192410858	12863532	834014.788169464	12869336	760358.180510272	12874297	51026	12880084	833845	12885887	1178503	12874297	0.83804	12880084	1.00113	12885887	1.07034	12874297	60887.3084816954	12880084	832903.818684886	12885887	1101054.80501523
109	12961189	76588	12966976	791464	12972795	725281	12961189	0.83831	12966976	1.00046	12972795	1.07036	12961189	91359.9980913982	12966976	791100.09395678	12972795	677604.731118502	12977756	75024	12983544	834837	12989347	811022	12977756	0.8385	12983544	1.00064	12989347	1.07075	12977756	89474.060822898	12983544	834303.046050527	12989347	757433.574597245	12994308	50916	13000095	831764	13005898	1163941	12994308	0.83929	13000095	1.00052	13005898	1.07095	12994308	60665.5625588295	13000095	831331.707512094	13005898	1086830.38423829
110	13081200	75636	13086987	792422	13092790	725946	13081200	0.83801	13086987	1.00139	13092790	1.0717	13081200	90256.6795145643	13086987	791322.062333357	13092790	677377.997573948	13097767	75681	13103539	835578	13109342	806862	13097767	0.83889	13103539	1.00128	13109342	1.07083	13097767	90215.6420984873	13103539	834509.827420901	13109342	753492.15094833	13114319	51459	13120106	832908	13125909	1149048	13114319	0.83838	13120106	1.00054	13125909	1.07098	13114319	61379.0882416088	13120106	832458.472424891	13125909	1072893.98494837
111	13201211	76619	13206998	793585	13212802	723693	13201211	0.8381	13206998	1.00072	13212802	1.06991	13201211	91419.8782961461	13206998	793014.029898473	13212802	676405.492050733	13217778	75811	13223566	834396	13229384	803260	13217778	0.83855	13223566	1.00097	13229384	1.07046	13217778	90407.2506111741	13223566	833587.420202404	13229384	750387.683799488	13234361	52462	13240148	832347	13245952	1135195	13234361	0.83828	13240148	1.00069	13245952	1.07133	13234361	62582.9078589493	13240148	831773.076577162	13245952	1059612.81771256
112	13321222	75777	13327009	792659	13332813	724679	13321222	0.83881	13327009	1.00134	13332813	1.07105	13321222	90338.6941023593	13327009	791598.258333833	13332813	676606.134167406	13337789	76685	13343577	833303	13349380	801525	13337789	0.83888	13343577	1.00024	13349380	1.07099	13337789	91413.5514018692	13343577	833103.055266736	13349380	748396.343569968	13354356	52686	13360128	833148	13365931	1122289	13354356	0.839	13360128	1.00115	13365931	1.07089	13354356	62796.1859356377	13360128	832190.980372572	13365931	1047996.52625386
113	13441233	77070	13447020	792471	13452824	720619	13441233	0.83921	13447020	1.0015	13452824	1.07079	13441233	91836.3699193289	13447020	791284.073889166	13452824	672978.828715248	13457800	76423	13463588	835091	13469391	797682	13457800	0.83886	13463588	1.00102	13469391	1.07129	13457800	91103.4022363684	13463588	834240.075123374	13469391	744599.501535532	13474367	52992	13480170	829559	13485974	1106480	13474367	0.83905	13480170	1.00076	13485974	1.07145	13474367	63157.1420058399	13480170	828929.013949398	13485974	1032694.01278641
114	13561244	76935	13567047	791690	13572850	720065	13561244	0.8394	13567047	1.00222	13572850	1.07117	13561244	91654.7533952824	13567047	789936.341322265	13572850	672222.896459012	13577827	76951	13583614	834060	13589417	793527	13577827	0.83925	13583614	1.00214	13589417	1.07102	13577827	91690.199582961	13583614	832278.923104556	13589417	740907.732815447	13594394	53670	13600197	831527	13605985	1094504	13594394	0.83889	13600197	1.00195	13605985	1.07128	13594394	63977.3987054322	13600197	829908.678077749	13605985	1021678.73945187
115	13681255	76778	13687042	790087	13692846	716887	13681255	0.83792	13687042	1.0006	13692846	1.07114	13681255	91629.2724842467	13687042	789613.232060764	13692846	669274.791343802	13697822	77223	13703610	833724	13709413	790146	13697822	0.83897	13703610	1.00119	13709413	1.07157	13697822	92045.0075688046	13703610	832733.047673269	13709413	737372.266860775	13714389	54053	13720177	828981	13725980	1080952	13714389	0.83863	13720177	1.00107	13725980	1.07082	13714389	64453.9308157352	13720177	828094.938415895	13725980	1009461.90769691
116	13801266	76687	13807053	792034	13812872	715216	13801266	0.83879	13807053	1.00137	13812872	1.07108	13801266	91425.7442268029	13807053	790950.397954802	13812872	667752.175374389	13817849	77588	13823621	834385	13829424	788666	13817849	0.83858	13823621	1.00218	13829424	1.07055	13817849	92523.0747215531	13823621	832569.997405656	13829424	736692.354397273	13834385	54798	13840172	828356	13845975	1070729	13834385	0.83904	13840172	1.00066	13845975	1.07016	13834385	65310.3546910755	13840172	827809.645633882	13845975	1000531.69619496
117	13921277	76993	13927064	790224	13932868	716431	13921277	0.83838	13927064	1.00071	13932868	1.07119	13921277	91835.4445478184	13927064	789663.339029289	13932868	668817.856776109	13937844	78098	13943632	835273	13949435	786228	13937844	0.83915	13943632	1.00178	13949435	1.07028	13937844	93067.9854614789	13943632	833788.855836611	13949435	734600.291512501	13954411	55399	13960183	831601	13966002	1060422	13954411	0.83918	13960183	1.00155	13966002	1.07176	13954411	66015.6343096833	13960183	830314.013279417	13966002	989421.139060984
118	14041288	76994	14047075	787953	14052879	714653	14041288	0.8385	14047075	1.00069	14052879	1.0708	14041288	91823.4943351222	14047075	787409.687315752	14052879	667401.008591707	14057855	77788	14063627	832285	14069430	783197	14057855	0.83772	14063627	1.00016	14069430	1.0705	14057855	92856.8017953493	14063627	832151.855703088	14069430	731617.935544138	14074407	55412	14080179	833010	14085982	1048689	14074407	0.83856	14080179	1.00166	14085982	1.07053	14074407	66079.9465750811	14080179	831629.495038236	14085982	979597.95615256
119	14161299	77034	14167086	789572	14172890	713209	14161299	0.83854	14167086	1.00106	14172890	1.07042	14161299	91866.8161328023	14167086	788735.939903702	14172890	666288.933315895	14177866	77839	14183654	831749	14189457	779100	14177866	0.83868	14183654	1.00069	14189457	1.07079	14177866	92811.3225544904	14183654	831175.48891265	14189457	727593.645812905	14194418	55734	14200205	829965	14205993	1038900	14194418	0.83853	14200205	1.00136	14205993	1.07052	14194418	66466.3160530929	14200205	828837.780618359	14205993	970462.952583791
120	14281310	77485	14287097	790851	14292901	710800	14281310	0.83842	14287097	1.00079	14292901	1.06961	14281310	92417.8812528327	14287097	790226.720890497	14292901	664541.281401632	14297877	78724	14303665	834872	14309468	778297	14297877	0.83791	14303665	1.00159	14309468	1.07017	14297877	93952.8111611032	14303665	833546.660809313	14309468	727264.827083547	14314444	56242	14320232	832032	14326035	1026201	14314444	0.83805	14320232	1.00153	14326035	1.07058	14314444	67110.5542628721	14320232	830760.935768275	14326035	958546.769041081
121	14401321	77249	14407108	788454	14412912	711422	14401321	0.83914	14407108	1.00074	14412912	1.07033	14401321	92057.3444240532	14407108	787870.975478146	14412912	664675.380490129	14417904	78369	14423676	833003	14429479	774936	14417904	0.83844	14423676	1.00056	14429479	1.07049	14417904	93470.0157435237	14423676	832536.779403534	14429479	723907.743183028	14434455	56890	14440243	829175	14446046	1016253	14434455	0.83814	14440243	1.00094	14446046	1.07053	14434455	67876.4884148233	14440243	828396.307470977	14446046	949298.945382194
122	14521332	78012	14527119	790841	14532938	710635	14521332	0.83892	14527119	1.00123	14532938	1.07067	14521332	92990.9884136747	14527119	789869.460563507	14532938	663729.253644914	14537915	78727	14543702	834737	14549521	774079	14537915	0.83901	14543702	1.00126	14549521	1.07115	14537915	93833.2081858381	14543702	833686.554940775	14549521	722661.625355926	14554497	56730	14560285	828617	14566088	1007747	14554497	0.83871	14560285	1.00092	14566088	1.07082	14554497	67639.5893693887	14560285	827855.373056788	14566088	941098.410563867
123	14641343	77461	14647115	790586	14652934	710738	14641343	0.83905	14647115	1.0021	14652934	1.0702	14641343	92319.8855848877	14647115	788929.248577986	14652934	664116.987478976	14657910	79439	14663698	834404	14669501	770747	14657910	0.8383	14663698	1.00125	14669501	1.07098	14657910	94762.0183705118	14663698	833362.297128589	14669501	719665.166483034	14674477	57566	14680265	831492	14686068	997887	14674477	0.83864	14680265	1.00141	14686068	1.07143	14674477	68642.0871887818	14680265	830321.247041671	14686068	931359.958186722
124	14761354	77017	14767141	791112	14772945	709885	14761354	0.8391	14767141	1.00104	14772945	1.07142	14761354	91785.2460970087	14767141	790290.09829777	14772945	662564.633850404	14777905	79260	14783709	832898	14789512	769822	14777905	0.83886	14783709	1.00118	14789512	1.0711	14777905	94485.3730062227	14783709	831916.33872031	14789512	718720.941088601	14794473	57904	14800245	829223	14806048	987039	14794473	0.83935	14800245	1.00042	14806048	1.07118	14794473	68986.7159111217	14800245	828874.872553528	14806048	921450.176440934
125	14881365	77855	14887152	790294	14892956	707050	14881365	0.83875	14887152	1.00104	14892956	1.07014	14881365	92822.652757079	14887152	789472.948133941	14892956	660707.944754892	14897948	79879	14903720	829901	14909523	767589	14897948	0.83855	14903720	1.00012	14909523	1.07	14897948	95258.4819032854	14903720	829801.423829141	14909523	717372.897196262	14914499	58240	14920271	828417	14926090	978585	14914499	0.83949	14920271	1.00051	14926090	1.0708	14914499	69375.4541447784	14920271	827994.722691428	14926090	913882.144191259
126	15001376	77669	15007163	789181	15012967	706018	15001376	0.83904	15007163	1.00158	15012967	1.07046	15001376	92568.8882532418	15007163	787936.061023583	15012967	659546.363245707	15017943	80458	15023731	832619	15029534	766789	15017943	0.8393	15023731	1.00034	15029534	1.072	15017943	95863.2193494579	15023731	832336.005758042	15029534	715288.246268657	15034510	58750	15040298	829424	15046101	969817	15034510	0.83854	15040298	1.00169	15046101	1.07093	15034510	70062.2510554058	15040298	828024.63836117	15046101	905583.931722895
127	15121387	77412	15127174	786923	15132978	705309	15121387	0.83856	15127174	1.00117	15132978	1.0709	15121387	92315.3978248426	15127174	786003.376050022	15132978	658613.315902512	15137970	80413	15143742	830993	15149545	763549	15137970	0.83843	15143742	1.00049	15149545	1.07047	15137970	95909.0204310438	15143742	830586.012853702	15149545	713283.884648799	15154506	59135	15160293	828965	15166081	961176	15154506	0.83896	15160293	1.00094	15166081	1.07014	15154506	70486.078001335	15160293	828186.504685596	15166081	898177.808511036
128	15241398	77728	15247185	790236	15252989	706310	15241398	0.83793	15247185	1.001	15252989	1.06991	15241398	92761.9252204838	15247185	789446.553446554	15252989	660158.331074576	15257965	80968	15263753	831287	15269556	761281	15257965	0.8381	15263753	1.00025	15269556	1.06969	15257965	96608.9965397924	15263753	831079.230192452	15269556	711683.758846021	15274532	59192	15280320	828919	15286123	955485	15274532	0.83866	15280320	1.00125	15286123	1.07092	15274532	70579.2573867837	15280320	827884.144818976	15286123	892209.502110335
129	15361409	78094	15367196	789895	15373000	705671	15361409	0.83804	15367196	1.00093	15373000	1.07004	15361409	93186.4827454537	15367196	789161.080195418	15373000	659480.953983029	15377976	80915	15383764	833138	15389551	760618	15377976	0.83864	15383764	1.00101	15389551	1.07029	15377976	96483.5924830678	15383764	832297.379646557	15389551	710665.333694606	15394528	59617	15400300	829972	15406119	948069	15394528	0.83862	15400300	1.0009	15406119	1.07094	15394528	71089.4087906322	15400300	829225.696872814	15406119	885268.082245504
130	15481420	77593	15487208	791111	15493011	704308	15481420	0.83849	15487208	1.00116	15493011	1.0706	15481420	92538.9688606901	15487208	790194.37452555	15493011	657862.880627685	15498003	81177	15503775	832716	15509578	759132	15498003	0.83862	15503775	1.00098	15509578	1.07029	15498003	96798.3115117693	15503775	831900.737277468	15509578	709276.924945576	15514539	60103	15520311	832302	15526114	937180	15514539	0.83882	15520311	1.00103	15526114	1.06983	15514539	71651.8442574092	15520311	831445.611020649	15526114	876008.337773291
131	15601431	78295	15607219	789451	15613022	703686	15601431	0.83857	15607219	1.00114	15613022	1.07072	15601431	93367.2800124021	15607219	788552.050662245	15613022	657208.233711895	15618014	81326	15623786	833438	15629589	755832	15618014	0.83798	15623786	1.00016	15629589	1.0702	15618014	97050.0489271821	15623786	833304.6712526	15629589	706253.036815549	15634565	60294	15640353	831973	15646141	929629	15634565	0.83808	15640353	1.0002	15646141	1.07011	15634565	71943.0126002291	15640353	831806.638672266	15646141	868722.841577034
132	15721442	78133	15727230	790351	15733048	704159	15721442	0.83812	15727230	1.0003	15733048	1.07022	15721442	93224.1206509808	15727230	790113.965810257	15733048	657957.242436135	15738009	82221	15743797	835058	15749600	755927	15738009	0.83839	15743797	1.00036	15749600	1.06923	15738009	98070.1105690669	15743797	834757.48730457	15749600	706982.594951507	15754576	61136	15760364	832954	15766152	923157	15754576	0.83796	15760364	0.99967	15766152	1.06892	15754576	72958.1364265598	15760364	833228.965558634	15766152	863635.258017438
133	15841453	78220	15847241	792353	15853059	703768	15841453	0.83839	15847241	1.00018	15853059	1.07021	15841453	93297.8685337373	15847241	792210.402127617	15853059	657598.041505873	15858020	81883	15863808	836025	15869611	755785	15858020	0.83815	15863808	1.00045	15869611	1.07015	15858020	97694.923343077	15863808	835648.957968914	15869611	706242.115591272	15874587	61158	15880375	832715	15886163	914637	15874587	0.83747	15880375	1.00035	15886163	1.06971	15874587	73027.0935078272	15880375	832423.651721897	15886163	855032.67240654
134	15961464	78584	15967252	790606	15973055	701778	15961464	0.83845	15967252	0.99982	15973055	1.06953	15961464	93725.3264953187	15967252	790748.334700246	15973055	656155.507559395	15978031	81840	15983803	834748	15989622	753373	15978031	0.83744	15983803	1.00071	15989622	1.07006	15978031	97726.4042797096	15983803	834155.749417913	15989622	704047.436592341	15994598	61382	16000386	831988	16006174	909119	15994598	0.83847	16000386	1.00027	16006174	1.07002	15994598	73207.1511204933	16000386	831763.423875554	16006174	849628.04433562
135	16081475	78288	16087263	793081	16093066	703604	16081475	0.83823	16087263	1.00046	16093066	1.07017	16081475	93396.8004008446	16087263	792716.35047878	16093066	657469.374024688	16098042	82671	16103830	837608	16109617	753685	16098042	0.83901	16103830	0.99972	16109617	1.06912	16098042	98533.9864840705	16103830	837842.59592686	16109617	704958.283448069	16114594	62121	16120381	830421	16126185	906268	16114594	0.83753	16120381	1.0008	16126185	1.07055	16114594	74171.6714625148	16120381	829757.194244604	16126185	846544.299659054
136	16201486	78673	16207274	790217	16213092	702149	16201486	0.83818	16207274	0.99921	16213092	1.07092	16201486	93861.70035076	16207274	790841.764994346	16213092	655650.282000523	16218053	82546	16223841	837374	16229644	753677	16218053	0.83835	16223841	1.00006	16229644	1.0714	16218053	98462.456014791	16223841	837323.760574366	16229644	703450.625350009	16234620	62277	16240408	830343	16246196	901299	16234620	0.83834	16240408	1.00059	16246196	1.0707	16234620	74286.0891762292	16240408	829853.386501964	16246196	841784.813673298
137	16321497	78473	16327285	789737	16333088	701266	16321497	0.83906	16327285	1.00092	16333088	1.06954	16321497	93524.8969084452	16327285	789011.109779003	16333088	655670.662153823	16338064	83091	16343836	832146	16349639	750921	16338064	0.83869	16343836	1.00069	16349639	1.07062	16338064	99072.36285159	16343836	831572.215171532	16349639	701388.914834395	16354616	62880	16360403	829393	16366207	893878	16354616	0.83851	16360403	1.00008	16366207	1.07093	16354616	74990.161119128	16360403	829326.653867691	16366207	834674.535217054
138	16441508	78790	16447311	790152	16453114	701050	16441508	0.83811	16447311	1.00083	16453114	1.07082	16441508	94009.1396117455	16447311	789496.717724289	16453114	654685.194523823	16458091	83098	16463863	834089	16469666	749894	16458091	0.83876	16463863	1.00036	16469666	1.07096	16458091	99072.4402689685	16463863	833788.836019033	16469666	700207.290655113	16474627	62578	16480414	828708	16486218	887536	16474627	0.8383	16480414	1.00072	16486218	1.07079	16474627	74648.6937850412	16480414	828111.759533136	16486218	828860.934450266
139	16561519	79118	16567322	788740	16573125	699565	16561519	0.83922	16567322	1.00089	16573125	1.07031	16561519	94275.6369009318	16567322	788038.645605411	16573125	653609.701862077	16578102	82549	16583889	833285	16589693	750111	16578102	0.8384	16583889	1.00112	16589693	1.07076	16578102	98460.1622137404	16583889	832352.764903308	16589693	700540.73742015	16594669	63245	16600457	831579	16606260	882797	16594669	0.83839	16600457	1.00169	16606260	1.07057	16594669	75436.252817901	16600457	830176.002555681	16606260	824604.649859421
140	16681530	78668	16687333	788423	16693136	699630	16681530	0.83938	16687333	1.00126	16693136	1.07071	16681530	93721.556386857	16687333	787430.837145197	16693136	653426.231192386	16698113	83136	16703900	833048	16709688	749083	16698113	0.83863	16703900	1.00042	16709688	1.07058	16698113	99133.1099531379	16703900	832698.266727974	16709688	699698.294382484	16714664	63604	16720452	831072	16726240	877722	16714664	0.83921	16720452	1.00082	16726240	1.07091	16714664	75790.326616699	16720452	830391.079314962	16726240	819603.888281929
141	16801541	79485	16807329	790224	16813147	701095	16801541	0.83892	16807329	1.00073	16813147	1.07099	16801541	94746.8173365756	16807329	789647.557283183	16813147	654623.292467717	16818124	83951	16823927	831966	16829746	747646	16818124	0.83896	16823927	1.00058	16829746	1.07064	16818124	100065.557356727	16823927	831483.73943113	16829746	698316.894567735	16834738	64330	16840525	827958	16846344	873959	16834738	0.8394	16840525	1.0006	16846344	1.0708	16834738	76638.0748153443	16840525	827461.523086148	16846344	816173.88868136
142	16921552	79329	16927355	791886	16933158	698681	16921552	0.83947	16927355	1.00125	16933158	1.07106	16921552	94498.9100265644	16927355	790897.378277154	16933158	652326.667040128	16938150	83498	16943954	832177	16949757	746707	16938150	0.83866	16943954	1.00127	16949757	1.07068	16938150	99561.2047790523	16943954	831121.475725828	16949757	697413.793103448	16954749	63860	16960552	830193	16966371	869810	16954749	0.83864	16960552	1.00026	16966371	1.07162	16954749	76147.0952971478	16960552	829977.205926459	16966371	811677.646927082
143	17041563	78772	17047366	788593	17053169	701998	17041563	0.83912	17047366	1.00065	17053169	1.07156	17041563	93874.5352273811	17047366	788080.747514116	17053169	655117.772219941	17058146	83810	17063933	830701	17069752	745006	17058146	0.83883	17063933	1.0002	17069752	1.07028	17058146	99912.974023342	17063933	830534.893021396	17069752	696085.136599768	17074729	64179	17080532	828246	17086366	863197	17074729	0.83887	17080532	1.0015	17086366	1.07083	17074729	76506.490874629	17080532	827005.491762357	17086366	806100.875022179
144	17161574	78935	17167377	787112	17173196	700485	17161574	0.83879	17167377	1.00018	17173196	1.07079	17161574	94105.7952526854	17167377	786970.345337839	17173196	654175.888829743	17178172	83898	17183960	831141	17189779	745030	17178172	0.83813	17183960	1.00039	17189779	1.07026	17178172	100101.416248076	17183960	830816.981377263	17189779	696120.568833741	17194755	64907	17200574	828519	17206377	856007	17194755	0.83818	17200574	1.00036	17206377	1.07038	17194755	77438.0204729294	17200574	828220.840497421	17206377	799722.528447841
145	17281585	78829	17287388	787493	17293191	699545	17281585	0.83854	17287388	1.00025	17293191	1.07077	17281585	94007.4415054738	17287388	787296.175956011	17293191	653310.234690923	17298168	85246	17303987	834194	17309790	743444	17298168	0.83894	17303987	1.00061	17309790	1.0708	17298168	101611.557441533	17303987	833685.451874357	17309790	694288.382517744	17314766	64479	17320570	826540	17326388	855091	17314766	0.83793	17320570	0.99997	17326388	1.07064	17314766	76950.3419140024	17320570	826564.796943908	17326388	798672.756482104
146	17401596	79520	17407399	788166	17413202	697784	17401596	0.83861	17407399	0.99957	17413202	1.06935	17401596	94823.5771097411	17407399	788505.057174585	17413202	652530.976761584	17418179	84442	17423982	830994	17429785	741653	17418179	0.8381	17423982	0.99927	17429785	1.06875	17418179	100754.086624508	17423982	831601.06878021	17429785	693944.32748538	17434762	65494	17440565	829524	17446368	851006	17434762	0.83852	17440565	0.99915	17446368	1.07	17434762	78106.6641225016	17440565	830229.695240955	17446368	795332.710280374
147	17521607	79243	17527410	789938	17533213	700303	17521607	0.8381	17527410	0.99992	17533213	1.0704	17521607	94550.7695979	17527410	790001.200096008	17533213	654244.207772795	17538190	84744	17544009	833213	17549812	742835	17538190	0.83799	17544009	1.00087	17549812	1.07013	17538190	101127.698421222	17544009	832488.734800723	17549812	694153.981291993	17554788	65504	17560607	829927	17566410	848134	17554788	0.83879	17560607	1.00022	17566410	1.06998	17554788	78093.4441278508	17560607	829744.456219632	17566410	792663.414269425
148	17641618	79131	17647406	789635	17653209	697138	17641618	0.83825	17647406	1.00003	17653209	1.06962	17641618	94400.2385923054	17647406	789611.31166065	17653209	651762.308109422	17658201	85148	17663989	832680	17669792	742333	17658201	0.83819	17663989	1.00013	17669792	1.0703	17658201	101585.55936005	17663989	832571.765670463	17669792	693574.698682612	17674768	65733	17680556	830366	17686359	845046	17674768	0.83755	17680556	0.99969	17686359	1.07026	17674768	78482.4786579906	17680556	830623.493282918	17686359	789570.758507279
149	17761629	79781	17767432	787811	17773236	698989	17761629	0.83792	17767432	1.00037	17773236	1.06995	17761629	95213.1468397938	17767432	787519.617741436	17773236	653291.275293238	17778212	84767	17784000	831161	17789803	742165	17778212	0.83794	17784000	0.99965	17789803	1.07041	17778212	101161.180991479	17784000	831452.008202871	17789803	693346.474715296	17794779	66475	17800582	830793	17806370	839142	17794779	0.83804	17800582	0.99943	17806370	1.07053	17794779	79321.9894038471	17800582	831266.822088591	17806370	783856.594397168
150	17881640	79541	17887428	787474	17893231	699074	17881640	0.83818	17887428	0.99949	17893231	1.07083	17881640	94897.2774344413	17887428	787875.8166665	17893231	652833.783140181	17898207	85285	17903995	831616	17909814	741292	17898207	0.83829	17903995	1.00057	17909814	1.06944	17898207	101736.869102578	17903995	831142.248918117	17909814	693159.036505087	17914790	66480	17920578	825905	17926381	836645	17914790	0.83849	17920578	0.99958	17926381	1.07077	17914790	79285.3820558385	17920578	826252.025850857	17926381	781348.935812546
151	18001651	79292	18007439	786113	18013242	695619	18001651	0.83868	18007439	0.99889	18013242	1.06931	18001651	94543.8069347069	18007439	786986.555076135	18013242	650530.716069241	18018218	85676	18023990	832090	18029794	740860	18018218	0.83766	18023990	0.99976	18029794	1.06965	18018218	102280.161402001	18023990	832289.74953989	18029794	692619.081007806	18034770	66495	18040558	829711	18046361	831285	18034770	0.8373	18040558	0.99997	18046361	1.06983	18034770	79415.979935507	18040558	829735.892076762	18046361	777025.321780096
152	18121662	79694	18127450	789737	18133253	698017	18121662	0.83924	18127450	1.00046	18133253	1.07026	18121662	94959.7254658977	18127450	789373.888011515	18133253	652193.859436025	18138229	86167	18144017	834107	18149820	741713	18138229	0.83901	18144017	1.00068	18149820	1.07061	18138229	102700.802135851	18144017	833540.192668985	18149820	692794.761864731	18154797	66632	18160584	831497	18166372	829210	18154797	0.83899	18160584	1.00018	18166372	1.0707	18154797	79419.3017795206	18160584	831347.357475654	18166372	774455.963388438
153	18241673	79374	18247461	788458	18253264	698401	18241673	0.83781	18247461	0.99991	18253264	1.06992	18241673	94739.8574855874	18247461	788528.967607085	18253264	652760.019440706	18258225	85837	18264012	831876	18269816	741732	18258225	0.8383	18264012	1.00066	18269816	1.07138	18258225	102394.130979363	18264012	831327.323966182	18269816	692314.58492785	18274808	67101	18280580	829837	18286383	827096	18274808	0.83851	18280580	0.99988	18286383	1.07003	18274808	80024.0903507412	18280580	829936.592391087	18286383	772965.243965123
154	18361684	79375	18367487	787039	18373291	696166	18361684	0.83842	18367487	1.00133	18373291	1.06957	18361684	94672.1213711505	18367487	785993.62847413	18373291	650884.000112195	18378267	86235	18384070	833159	18389889	739981	18378267	0.83889	18384070	1.00105	18389889	1.07042	18378267	102796.552587348	18384070	832285.100644324	18389889	691299.676762392	18394865	67514	18400653	829416	18406456	825379	18394865	0.83839	18400653	1.00033	18406456	1.0709	18394865	80528.1551545224	18400653	829142.383013606	18406456	770733.962087963
155	18481695	79498	18487498	786682	18493302	697795	18481695	0.8386	18487498	1.00087	18493302	1.07106	18481695	94798.4736465538	18487498	785998.181582024	18493302	651499.449143839	18498278	86540	18504066	831834	18509884	739296	18498278	0.83839	18504066	1.00063	18509884	1.07051	18498278	103221.651021601	18504066	831310.274527048	18509884	690601.675836751	18514861	67862	18520664	829846	18526467	822643	18514861	0.83899	18520664	1.00001	18526467	1.07071	18514861	80885.3502425535	18520664	829837.701622984	18526467	768315.416872916
156	18601706	79970	18607509	787326	18613313	697855	18601706	0.83894	18607509	1.00112	18613313	1.07142	18601706	95322.6690824135	18607509	786445.181396836	18613313	651336.544025686	18618289	86777	18624092	831608	18629895	740584	18618289	0.83912	18624092	1.00122	18629895	1.07038	18618289	103414.29116217	18624092	830594.674497114	18629895	691888.861899512	18634872	67657	18640659	830402	18646447	818198	18634872	0.8388	18640659	1.0009	18646447	1.07085	18634872	80659.2751549833	18640659	829655.310220801	18646447	764064.061259747
157	18721717	79737	18727505	784771	18733324	698405	18721717	0.83831	18727505	1.00047	18733324	1.0697	18721717	95116.365067815	18727505	784402.330904475	18733324	652898.008787511	18738300	86120	18744088	831843	18749891	738908	18738300	0.83882	18744088	1.00079	18749891	1.0698	18738300	102668.033666341	18744088	831186.362773409	18749891	690697.326603103	18754867	68096	18760639	827273	18766442	811905	18754867	0.83802	18760639	1.00113	18766442	1.07015	18754867	81258.203861483	18760639	826339.236662571	18766442	758683.362145494
158	18841728	79285	18847516	787510	18853319	698239	18841728	0.83844	18847516	0.99976	18853319	1.07019	18841728	94562.5208720958	18847516	787699.047771465	18853319	652443.958549417	18858295	86618	18864067	832080	18869871	738485	18858295	0.83777	18864067	0.99934	18869871	1.06975	18858295	103391.145541139	18864067	832629.535493426	18869871	690334.190231362	18874863	68085	18880635	830612	18886438	812991	18874863	0.8382	18880635	1.00045	18886438	1.0713	18874863	81227.6306370795	18880635	830238.392723275	18886438	758882.66591991
159	18961739	80053	18967542	788445	18973330	696891	18961739	0.839	18967542	0.99949	18973330	1.07065	18961739	95414.7794994041	18967542	788847.312129186	18973330	650904.59066922	18978306	87855	18984078	831757	18989882	737900	18978306	0.83859	18984078	0.99982	18989882	1.07026	18978306	104765.141487497	18984078	831906.743213779	18989882	689458.636219236	18994858	68937	19000646	829418	19006433	808492	18994858	0.83821	19000646	0.99973	19006433	1.07045	18994858	82243.1133009628	19000646	829642.003340902	19006433	755282.35788687
160	19081750	80404	19087538	786761	19093341	698641	19081750	0.83777	19087538	1.00033	19093341	1.07072	19081750	95973.8353008582	19087538	786501.454520008	19093341	652496.450986252	19098317	86763	19104105	831621	19109893	741092	19098317	0.8393	19104105	1.00004	19109893	1.07065	19098317	103375.431907542	19104105	831587.73649054	19109893	692188.857236258	19114869	68390	19120672	827728	19126475	808331	19114869	0.83863	19120672	0.99911	19126475	1.07063	19114869	81549.6702956012	19120672	828465.334147391	19126475	755004.997057807
161																																																						
162																																																						
163																																																						
164																																																						
165																																																						
166																																																						
167																																																						
168																																																						
169																																																						
170																																																						
171																																																						
172																																																						
173																																																						
174																																																						
175																																																						
176																																																						
177																																																						
178																																																						
179																																																						
180																																																						
181																																																						
182																																																						
183																																																						
184																																																						
185																																																						
186																																																						
187																																																						
188																																																						
189																																																						
190																																																						
191																																																						
192																																																						
193																																																						
194																																																						
195																																																						
196																																																						
197																																																						
198																																																						
199																																																						
200																																																						
201																																																						
202																																																						
203																																																						
204																																																						
205																																																						
206																																																						
207																																																						
208																																																						
209																																																						
210																																																						
211																																																						
212																																																						
213																																																						
214																																																						
215																																																						
216																																																						
217																																																						
218																																																						
219																																																						
220																																																						
221																																																						
222																																																						
223																																																						
224																																																						
225																																																						
226																																																						
227																																																						
228																																																						
229																																																						
230																																																						
231																																																						
232																																																						
233																																																						
234																																																						
235																																																						
236																																																						
237																																																						
238																																																						
239																																																						
240																																																						
241																																																						
242																																																						
243																																																						
244																																																						
245																																																						
246																																																						
247																																																						
248																																																						
249																																																						
250																																																						
251																																																						
252																																																						
253																																																						
254																																																						
255																																																						
256																																																						
257																																																						
258																																																						
259																																																						
260																																																						
261																																																						
262																																																						
263																																																						
264																																																						
265																																																						
266																																																						
267																																																						
268																																																						
269																																																						
270																																																						
271																																																						
272																																																						
273																																																						
274																																																						
275																																																						
276																																																						
277																																																						
278																																																						
279																																																						
280																																																						
281																																																						
282																																																						
283																																																						
284																																																						
285																																																						
286																																																						
287																																																						
288																																																						
289																																																						
290																																																						
291																																																						
292																																																						
293																																																						
294																																																						
295																																																						
296																																																						
297																																																						
298																																																						
299																																																						
300																																																						
301																																																						