HJY Multigroup Import
Application Version:	3.5.1.20
SystemConfiguration::	FL3-11_1602C-0213-FL
Experiment Time Stamp:	3/6/2025 11:18 AM
Export Time Stamp:	3/12/2025 1:54 PM
Experiment Comment:	None

Integration Time:	1
Time Sequence Interval Points:	301
Time Sequence Experiment Duration:	10:00:00	36000000 (ms)
Repetition Time Sequence Enabled:	False
Repetition Time Sequence Count:	2
Repetition Time Sequence Delay:	0 seconds
Time Sequence Interval Total Points:	301
Time Sequence Experiment Duration Total:	10:00:00	36000000 (ms)

Mono Count:	2
Mono Description:	Excitation 1 (Mono1)	Emission 1 (Mono2)
Mono Slit Width:		5	5
Mono Grating Index:		0	0
Mono Grating Value:		1200	1200

Mono Wavelength Group Count:	3
Mono Wavelength Group Description:	Group 1:(Excitation 1:596 Emission 1:615)	Group 2:(Excitation 1:549 Emission 1:565)	Group 3:(Excitation 1:495 Emission 1:520)

Detector Count:	3
Detector Description:	S1 (SCD1)	R (SCD2)	S1/R (SCD1/SCD2)
Detector High Voltage:	950	None	None

Accessory Sequential Type:	Temperature Controller
Accessory Sequential Description:	Temperature Control (TC1)
Accessory Sequential Scan Position Count:	1
Accessory Sequential Scan Positions:		37

Accessory Interleave Type:	Sample Changer
Accessory Interleave Description:	Sample Changer - 4 Position (SCH1)
Accessory Interleave Scan Position Count:	3
Accessory Interleave Scan Positions:	1	2	3

Axis	X	Y	X	Y	X	Y	X	Y	X	Y	X	Y	X	Y	X	Y	X	Y	X	Y	X	Y	X	Y	X	Y	X	Y	X	Y	X	Y	X	Y	X	Y	X	Y	X	Y	X	Y	X	Y	X	Y	X	Y	X	Y	X	Y	X	Y
Sequential: Temperature Controller	Idx:0(Pos:37.00)	Idx:0(Pos:37.00)	Idx:0(Pos:37.00)	Idx:0(Pos:37.00)	Idx:0(Pos:37.00)	Idx:0(Pos:37.00)	Idx:0(Pos:37.00)	Idx:0(Pos:37.00)	Idx:0(Pos:37.00)	Idx:0(Pos:37.00)	Idx:0(Pos:37.00)	Idx:0(Pos:37.00)	Idx:0(Pos:37.00)	Idx:0(Pos:37.00)	Idx:0(Pos:37.00)	Idx:0(Pos:37.00)	Idx:0(Pos:37.00)	Idx:0(Pos:37.00)	Idx:0(Pos:37.00)	Idx:0(Pos:37.00)	Idx:0(Pos:37.00)	Idx:0(Pos:37.00)	Idx:0(Pos:37.00)	Idx:0(Pos:37.00)	Idx:0(Pos:37.00)	Idx:0(Pos:37.00)	Idx:0(Pos:37.00)	Idx:0(Pos:37.00)	Idx:0(Pos:37.00)	Idx:0(Pos:37.00)	Idx:0(Pos:37.00)	Idx:0(Pos:37.00)	Idx:0(Pos:37.00)	Idx:0(Pos:37.00)	Idx:0(Pos:37.00)	Idx:0(Pos:37.00)	Idx:0(Pos:37.00)	Idx:0(Pos:37.00)	Idx:0(Pos:37.00)	Idx:0(Pos:37.00)	Idx:0(Pos:37.00)	Idx:0(Pos:37.00)	Idx:0(Pos:37.00)	Idx:0(Pos:37.00)	Idx:0(Pos:37.00)	Idx:0(Pos:37.00)	Idx:0(Pos:37.00)	Idx:0(Pos:37.00)	Idx:0(Pos:37.00)	Idx:0(Pos:37.00)	Idx:0(Pos:37.00)	Idx:0(Pos:37.00)	Idx:0(Pos:37.00)	Idx:0(Pos:37.00)
Interleave: Sample Changer	Idx:0(Pos:1)	Idx:0(Pos:1)	Idx:0(Pos:1)	Idx:0(Pos:1)	Idx:0(Pos:1)	Idx:0(Pos:1)	Idx:0(Pos:1)	Idx:0(Pos:1)	Idx:0(Pos:1)	Idx:0(Pos:1)	Idx:0(Pos:1)	Idx:0(Pos:1)	Idx:0(Pos:1)	Idx:0(Pos:1)	Idx:0(Pos:1)	Idx:0(Pos:1)	Idx:0(Pos:1)	Idx:0(Pos:1)	Idx:1(Pos:2)	Idx:1(Pos:2)	Idx:1(Pos:2)	Idx:1(Pos:2)	Idx:1(Pos:2)	Idx:1(Pos:2)	Idx:1(Pos:2)	Idx:1(Pos:2)	Idx:1(Pos:2)	Idx:1(Pos:2)	Idx:1(Pos:2)	Idx:1(Pos:2)	Idx:1(Pos:2)	Idx:1(Pos:2)	Idx:1(Pos:2)	Idx:1(Pos:2)	Idx:1(Pos:2)	Idx:1(Pos:2)	Idx:2(Pos:3)	Idx:2(Pos:3)	Idx:2(Pos:3)	Idx:2(Pos:3)	Idx:2(Pos:3)	Idx:2(Pos:3)	Idx:2(Pos:3)	Idx:2(Pos:3)	Idx:2(Pos:3)	Idx:2(Pos:3)	Idx:2(Pos:3)	Idx:2(Pos:3)	Idx:2(Pos:3)	Idx:2(Pos:3)	Idx:2(Pos:3)	Idx:2(Pos:3)	Idx:2(Pos:3)	Idx:2(Pos:3)
Detector	S1 (SCD1)	S1 (SCD1)	S1 (SCD1)	S1 (SCD1)	S1 (SCD1)	S1 (SCD1)	R (SCD2)	R (SCD2)	R (SCD2)	R (SCD2)	R (SCD2)	R (SCD2)	S1/R (SCD1/SCD2)	S1/R (SCD1/SCD2)	S1/R (SCD1/SCD2)	S1/R (SCD1/SCD2)	S1/R (SCD1/SCD2)	S1/R (SCD1/SCD2)	S1 (SCD1)	S1 (SCD1)	S1 (SCD1)	S1 (SCD1)	S1 (SCD1)	S1 (SCD1)	R (SCD2)	R (SCD2)	R (SCD2)	R (SCD2)	R (SCD2)	R (SCD2)	S1/R (SCD1/SCD2)	S1/R (SCD1/SCD2)	S1/R (SCD1/SCD2)	S1/R (SCD1/SCD2)	S1/R (SCD1/SCD2)	S1/R (SCD1/SCD2)	S1 (SCD1)	S1 (SCD1)	S1 (SCD1)	S1 (SCD1)	S1 (SCD1)	S1 (SCD1)	R (SCD2)	R (SCD2)	R (SCD2)	R (SCD2)	R (SCD2)	R (SCD2)	S1/R (SCD1/SCD2)	S1/R (SCD1/SCD2)	S1/R (SCD1/SCD2)	S1/R (SCD1/SCD2)	S1/R (SCD1/SCD2)	S1/R (SCD1/SCD2)
WL Group	1	1	2	2	3	3	1	1	2	2	3	3	1	1	2	2	3	3	1	1	2	2	3	3	1	1	2	2	3	3	1	1	2	2	3	3	1	1	2	2	3	3	1	1	2	2	3	3	1	1	2	2	3	3
Units	(ms)	CPS	(ms)	CPS	(ms)	CPS	(ms)	MicroAmps	(ms)	MicroAmps	(ms)	MicroAmps	(ms)	CPS	(ms)	CPS	(ms)	CPS	(ms)	CPS	(ms)	CPS	(ms)	CPS	(ms)	MicroAmps	(ms)	MicroAmps	(ms)	MicroAmps	(ms)	CPS	(ms)	CPS	(ms)	CPS	(ms)	CPS	(ms)	CPS	(ms)	CPS	(ms)	MicroAmps	(ms)	MicroAmps	(ms)	MicroAmps	(ms)	CPS	(ms)	CPS	(ms)	CPS
1	0	32229	5818	468242	11606	3527196	0	0.8322	5818	1.01708	11606	1.09054	0	38727.4693583273	5818	460378.73126991	11606	3234357.29088342	16598	36496	22386	854003	28189	3804399	16598	0.83189	22386	1.01714	28189	1.09	16598	43871.1848922334	22386	839612.049472049	28189	3490274.31192661	33150	34675	38937	2267269	44740	3705945	33150	0.83157	38937	1.01823	44740	1.09076	33150	41698.2334620056	38937	2226676.68404977	44740	3397580.58601342
2	120011	32834	125814	435283	131617	3471869	120011	0.83273	125814	1.01909	131617	1.09177	120011	39429.3468471173	125814	427129.105378328	131617	3180037.00413091	136593	35725	142397	793004	148200	3738548	136593	0.83244	142397	1.01791	148200	1.09212	136593	42916.0059583874	142397	779051.193131023	148200	3423202.57847123	153176	34169	158948	2120563	164751	3659048	153176	0.83297	158948	1.01861	164751	1.09265	153176	41020.6850186681	158948	2081820.32377456	164751	3348783.23342333
3	240022	32459	245825	401826	251628	3410493	240022	0.83373	245825	1.01988	251628	1.09327	240022	38932.2682403176	245825	393993.410989528	251628	3119534.05837533	256604	35987	262392	735126	268195	3678038	256604	0.83487	262392	1.01955	268195	1.09427	256604	43104.9145375927	262392	721029.866117405	268195	3361179.59918485	273172	34164	278959	1968312	284747	3605824	273172	0.83426	278959	1.02019	284747	1.0937	273172	40951.2621964376	278959	1929358.2567953	284747	3296904.08704398
4	360033	32257	365820	380763	371639	3378582	360033	0.83491	365820	1.02106	371639	1.09567	360033	38635.3020085997	365820	372909.525395178	371639	3083576.25927515	376600	35824	382403	698359	388206	3632160	376600	0.83516	382403	1.02176	388206	1.09569	376600	42894.7746539585	382403	683486.337300345	388206	3314952.22188758	393183	34565	398970	1876416	404773	3575856	393183	0.83556	398970	1.02195	404773	1.09719	393183	41367.4661304993	398970	1836113.31278438	404773	3259103.71038744
5	480044	32444	485831	368619	491634	3349990	480044	0.83567	485831	1.0216	491634	1.0957	480044	38823.9376787488	485831	360825.176194205	491634	3057397.09774573	496611	36131	502398	677889	508202	3613826	496611	0.83534	502398	1.02212	508202	1.09677	496611	43253.046663634	502398	663218.604469143	508202	3294971.59842082	513162	34541	518950	1830615	524753	3544042	513162	0.83544	518950	1.0215	524753	1.09548	513162	41344.6806473236	518950	1792085.16886931	524753	3235149.88863329
6	600055	32460	605842	364091	611645	3342138	600055	0.83606	605842	1.02221	611645	1.09684	600055	38824.964715451	605842	356180.236937616	611645	3047060.64694942	616622	35586	622409	668190	628213	3597535	616622	0.83586	622409	1.02261	628213	1.0969	616622	42574.1152824636	622409	653416.25839763	628213	3279729.23694047	633189	34297	638977	1815013	644780	3541387	633189	0.83607	638977	1.02232	644780	1.09731	633189	41021.684787159	638977	1775386.37608577	644780	3227335.0283876
7	720066	32292	725853	361361	731656	3328476	720066	0.83627	725853	1.0226	731656	1.09581	720066	38614.3231253064	725853	353374.731077645	731656	3037457.22342377	736633	35831	742405	665440	748208	3589882	736633	0.83667	742405	1.02341	748208	1.09641	736633	42825.7257939211	742405	650218.387547513	748208	3274214.9378426	753184	34430	758972	1801158	764760	3525959	753184	0.83593	758972	1.0232	764760	1.0956	753184	41187.6592537653	758972	1760318.60828772	764760	3218290.43446513
8	840077	32069	845864	359352	851667	3326581	840077	0.8367	845864	1.02349	851667	1.0983	840077	38327.9550615513	845864	351104.554025931	851667	3028845.4884822	856644	36030	862431	663157	868235	3593324	856644	0.83667	862431	1.02363	868235	1.09901	856644	43063.5734518986	862431	647848.343639792	868235	3269600.82255849	873211	34625	878999	1800544	884802	3532174	873211	0.83732	878999	1.02459	884802	1.0983	873211	41352.1712129174	878999	1757331.225173	884802	3216037.51251935
9	960088	32313	965875	359149	971678	3319553	960088	0.83744	965875	1.02423	971678	1.09805	960088	38585.4508979748	965875	350652.685431983	971678	3023134.64778471	976655	36280	982442	661207	988246	3585201	976655	0.83683	982442	1.02401	988246	1.09903	976655	43354.0862540779	982442	645703.655237742	988246	3262150.25977453	993238	34157	999010	1797548	1004797	3522673	993238	0.83727	999010	1.02442	1004797	1.09832	993238	40795.6812020018	999010	1754698.2682884	1004797	3207328.46529245
10	1080099	32284	1085886	358161	1091705	3311611	1080099	0.83697	1085886	1.02361	1091705	1.09935	1080099	38572.4697420457	1085886	349899.864206094	1091705	3012335.47096011	1096666	36033	1102453	663073	1108257	3580401	1096666	0.83748	1102453	1.02508	1108257	1.09932	1096666	43025.5050866886	1102453	646850.001951067	1108257	3256923.37081105	1113233	35048	1119021	1806748	1124824	3529136	1113233	0.838	1119021	1.02492	1124824	1.10074	1113233	41823.3890214797	1119021	1762818.5614487	1124824	3206148.59094791
11	1200110	32110	1205913	360531	1211716	3308058	1200110	0.83726	1205913	1.02432	1211716	1.09986	1200110	38351.288727516	1205913	351971.063730084	1211716	3007708.25377775	1216692	36031	1222464	660336	1228268	3575162	1216692	0.83727	1222464	1.02438	1228268	1.09869	1216692	43033.9078194609	1222464	644620.160487319	1228268	3254022.51772566	1233244	34968	1239047	1803469	1244835	3523525	1233244	0.83762	1239047	1.02428	1244835	1.0989	1233244	41746.8541820873	1239047	1760718.74877963	1244835	3206410.95641096
12	1320136	32096	1325924	358216	1331727	3302998	1320136	0.83759	1325924	1.02469	1331727	1.09977	1320136	38319.464176984	1325924	349584.75246172	1331727	3003353.42844413	1336703	35924	1342491	660834	1348279	3572214	1336703	0.83752	1342491	1.02448	1348279	1.10031	1336703	42893.3040405005	1342491	645043.339059816	1348279	3246552.33525098	1353255	34625	1359043	1793525	1364830	3516906	1353255	0.83787	1359043	1.0248	1364830	1.1003	1353255	41325.0265554322	1359043	1750121.97501952	1364830	3196315.55030446
13	1440147	32331	1445935	357562	1451754	3294137	1440147	0.83784	1445935	1.02588	1451754	1.10053	1440147	38588.5133199656	1445935	348541.739774633	1451754	2993227.80841958	1456730	36424	1462502	661791	1468321	3566119	1456730	0.83794	1462502	1.02545	1468321	1.09992	1456730	43468.5060982887	1462502	645366.424496563	1468321	3242162.1572478	1473282	34855	1479069	1795845	1484873	3513376	1473282	0.83789	1479069	1.02538	1484873	1.10041	1473282	41598.5391877215	1479069	1751394.60492695	1484873	3192788.14260139
14	1560158	32186	1565961	355285	1571765	3287654	1560158	0.83787	1565961	1.0255	1571765	1.1005	1560158	38414.073782329	1565961	346450.511945393	1571765	2987418.44616084	1576741	36076	1582529	656605	1588332	3561418	1576741	0.83863	1582529	1.02593	1588332	1.10085	1576741	43017.778996697	1582529	640009.552308637	1588332	3235152.83644457	1593308	34410	1599096	1794795	1604899	3507631	1593308	0.83822	1599096	1.026	1604899	1.10016	1593308	41051.2753215146	1599096	1749312.86549708	1604899	3188291.70302501
15	1680169	31927	1685957	354637	1691760	3280676	1680169	0.83843	1685957	1.02595	1691760	1.10113	1680169	38079.5057428766	1685957	345666.942833471	1691760	2979372.09957044	1696736	36342	1702508	657420	1708312	3559701	1696736	0.83905	1702508	1.02652	1708312	1.10076	1696736	43313.2709612061	1702508	640435.64665082	1708312	3233857.51662488	1713288	34611	1719076	1794471	1724879	3508853	1713288	0.83856	1719076	1.02703	1724879	1.10174	1713288	41274.3274184316	1719076	1747243.02113862	1724879	3184828.54393959
16	1800180	31964	1805968	354906	1811755	3280348	1800180	0.83856	1805968	1.02591	1811755	1.10195	1800180	38117.7256248808	1805968	345942.626546188	1811755	2976857.38917374	1816732	36214	1822504	658112	1828307	3553458	1816732	0.83841	1822504	1.02649	1828307	1.10164	1816732	43193.6641977076	1822504	641128.505879259	1828307	3225607.27642424	1833284	34695	1839071	1792694	1844890	3507777	1833284	0.83911	1839071	1.02635	1844890	1.10217	1833284	41347.3799621027	1839071	1746669.26487066	1844890	3182609.76074471
17	1920191	31992	1925963	354816	1931782	3276273	1920191	0.83888	1925963	1.02685	1931782	1.10336	1920191	38136.5630364295	1925963	345538.296732726	1931782	2969359.9550464	1936759	35887	1942546	656567	1948334	3549729	1936759	0.83935	1942546	1.0268	1948334	1.10194	1936759	42755.7038184309	1942546	639430.26879626	1948334	3221345.08230938	1953310	34803	1959098	1790757	1964901	3494477	1953310	0.83872	1959098	1.02772	1964901	1.10197	1953310	41495.3739030904	1959098	1742456.11645195	1964901	3171118.08851421
18	2040202	32221	2045990	353716	2051793	3262581	2040202	0.839	2045990	1.02677	2051793	1.10259	2040202	38404.052443385	2045990	344493.898341401	2051793	2959015.59056403	2056770	35799	2062557	653754	2068360	3544144	2056770	0.83897	2062557	1.02612	2068360	1.10235	2056770	42670.1789098537	2062557	637112.618407204	2068360	3215080.50981993	2073337	34708	2079124	1789660	2084928	3491944	2073337	0.83958	2079124	1.02755	2084928	1.10195	2073337	41339.7174777865	2079124	1741676.80404846	2084928	3168876.99078906
19	2160213	32164	2166001	355156	2171804	3258601	2160213	0.83949	2166001	1.02776	2171804	1.10219	2160213	38313.7381028958	2166001	345563.166498015	2171804	2956478.46560031	2176781	36352	2182568	656480	2188356	3535597	2176781	0.84003	2182568	1.02812	2188356	1.10321	2176781	43274.6449531564	2182568	638524.685834339	2188356	3204826.82354221	2193348	34943	2199135	1789116	2204939	3489596	2193348	0.84027	2199135	1.02719	2204939	1.10282	2193348	41585.4427743463	2199135	1741757.61056864	2204939	3164248.01871566
20	2280224	31954	2286012	352805	2291831	3251704	2280224	0.83956	2286012	1.0271	2291831	1.10352	2280224	38060.4125970747	2286012	343496.251582124	2291831	2946665.21676091	2296807	36244	2302610	653823	2308398	3534830	2296807	0.84055	2302610	1.0276	2308398	1.10418	2296807	43119.3861162334	2302610	636262.164266252	2308398	3201316.81428753	2313374	34603	2319162	1786959	2324965	3483956	2313374	0.84057	2319162	1.02814	2324965	1.10307	2313374	41166.1134706211	2319162	1738050.26552804	2324965	3158417.8701261
21	2400235	32268	2406023	351907	2411826	3246385	2400235	0.83997	2406023	1.02801	2411826	1.10266	2400235	38415.6577020608	2406023	342318.654487797	2411826	2944139.62599532	2416818	36161	2422606	653141	2428393	3521645	2416818	0.83995	2422606	1.02809	2428393	1.10242	2416818	43051.3721054825	2422606	635295.548055131	2428393	3194467.62576876	2433370	34537	2439157	1783089	2444976	3483882	2433370	0.84064	2439157	1.029	2444976	1.10387	2433370	41084.1739626951	2439157	1732836.73469388	2444976	3156061.85510975
22	2520246	31850	2526034	352205	2531837	3245569	2520246	0.83979	2526034	1.02808	2531837	1.10452	2520246	37926.1482037176	2526034	342585.207376858	2531837	2938442.94354109	2536814	35886	2542601	652473	2548389	3525767	2536814	0.84034	2542601	1.02904	2548389	1.10412	2536814	42704.1435609396	2542601	634059.900489777	2548389	3193282.43306887	2553381	35095	2559168	1784015	2564972	3474974	2553381	0.84072	2559168	1.02886	2564972	1.10327	2553381	41743.9813493196	2559168	1733972.55214509	2564972	3149704.06156245
23	2640257	31933	2646045	351028	2651864	3234360	2640257	0.84046	2646045	1.02903	2651864	1.1033	2640257	37994.6695857031	2646045	341125.137265191	2651864	2931532.67470316	2656840	36296	2662628	651062	2668431	3514301	2656840	0.84007	2662628	1.02741	2668431	1.10259	2656840	43205.9233159142	2662628	633692.488879805	2668431	3187314.41424283	2673407	34510	2679195	1783317	2684998	3473260	2673407	0.84077	2679195	1.02825	2684998	1.10381	2673407	41045.7081009075	2679195	1734322.3924143	2684998	3146610.37678586
24	2760268	30477	2766056	235137	2771875	3168591	2760268	0.84051	2766056	1.02767	2771875	1.10396	2760268	36260.1277795624	2766056	228805.939649888	2771875	2870204.53639625	2776851	34216	2782654	454410	2788458	3402321	2776851	0.8401	2782654	1.0285	2788458	1.10372	2776851	40728.4847042019	2782654	441818.181818182	2788458	3082594.31739934	2793434	32584	2799222	1235447	2805025	3359511	2793434	0.84047	2799222	1.0277	2805025	1.10338	2793434	38768.7841326877	2799222	1202147.51386591	2805025	3044745.23736156
25	2880279	30439	2886098	134070	2891901	3143159	2880279	0.84108	2886098	1.02906	2891901	1.10422	2880279	36190.3742806867	2886098	130283.948457816	2891901	2846497.07485827	2896878	33654	2902665	265608	2908469	3401346	2896878	0.84036	2902665	1.02887	2908469	1.10454	2896878	40047.1226617164	2902665	258155.063321897	2908469	3079423.10826226	2913445	31191	2919233	729211	2925036	3350606	2913445	0.8401	2919233	1.02851	2925036	1.10416	2913445	37127.7228901321	2919233	708997.481794052	2925036	3034529.41602666
26	3000290	30160	3006078	79818	3011897	3145802	3000290	0.84181	3006078	1.02872	3011897	1.10434	3000290	35827.5620389399	3006078	77589.6259429194	3011897	2848581.0529366	3016873	33605	3022661	163107	3028448	3385266	3016873	0.84133	3022661	1.02943	3028448	1.10329	3016873	39942.7097571702	3022661	158443.993277833	3028448	3068337.42714971	3033440	30964	3039228	451771	3045031	3341397	3033440	0.84089	3039228	1.02909	3045031	1.1038	3033440	36822.8900331791	3039228	439000.476148831	3045031	3027176.11886211
27	3120301	30229	3126089	50356	3131908	3128012	3120301	0.84115	3126089	1.02922	3131908	1.10381	3120301	35937.7043333531	3126089	48926.3714269058	3131908	2833831.90947717	3136884	33129	3142656	103475	3148459	3379932	3136884	0.84105	3142656	1.02864	3148459	1.10388	3136884	39390.0481540931	3142656	100593.988178566	3148459	3061865.42015436	3153436	30622	3159223	289099	3165027	3331567	3153436	0.84091	3159223	1.02896	3165027	1.10299	3153436	36415.3119834465	3159223	280962.330897217	3165027	3020487.03977371
28	3240312	30322	3246100	33110	3251903	3129261	3240312	0.84174	3246100	1.02932	3251903	1.10463	3240312	36022.9999762397	3246100	32166.8674464695	3251903	2832858.96635072	3256895	33584	3262683	68255	3268470	3377722	3256895	0.84144	3262683	1.02937	3268470	1.10473	3256895	39912.5308994105	3262683	66307.5473347776	3268470	3057509.07461552	3273462	30723	3279250	190703	3285038	3332135	3273462	0.84188	3279250	1.02899	3285038	1.10401	3273462	36493.3244642942	3279250	185330.275318516	3285038	3018210.88577096
29	3360323	30084	3366111	23792	3371914	3123728	3360323	0.8412	3366111	1.02916	3371914	1.10512	3360323	35763.1954350927	3366111	23117.8825449881	3371914	2826596.20674678	3376891	33626	3382663	47127	3388466	3373924	3376891	0.84151	3382663	1.02826	3388466	1.10475	3376891	39959.1211037302	3382663	45831.7935152588	3388466	3054015.84068794	3393442	30362	3399230	130543	3405033	3325258	3393442	0.8413	3399230	1.02896	3405033	1.10475	3393442	36089.3854748603	3399230	126868.877313015	3405033	3009964.24530437
30	3480334	29768	3486122	17759	3491941	3113892	3480334	0.84124	3486122	1.02801	3491941	1.10484	3480334	35385.8589700918	3486122	17275.1237828426	3491941	2818409.90550668	3496917	33306	3502705	34466	3508524	3366429	3496917	0.84174	3502705	1.02976	3508524	1.10476	3496917	39568.0376363248	3502705	33469.9347420758	3508524	3047203.91759296	3513500	30634	3519288	92898	3525091	3320369	3513500	0.84186	3519288	1.02911	3525091	1.10532	3513500	36388.4731428028	3519288	90270.2335027354	3525091	3003988.89009518
31	3600345	30155	3606133	14279	3611936	3114788	3600345	0.84219	3606133	1.03029	3611936	1.10548	3600345	35805.4595756302	3606133	13859.2046899417	3611936	2817588.73973297	3616928	33515	3622716	26209	3628519	3362449	3616928	0.8417	3622716	1.03068	3628519	1.10521	3616928	39818.2250207913	3622716	25428.8430938798	3628519	3042362.08503361	3633495	30336	3639283	69429	3645086	3314438	3633495	0.84244	3639283	1.02971	3645086	1.10409	3633495	36009.6861497555	3639283	67425.7800740014	3645086	3001963.6080392
32	3720356	29959	3726144	12298	3731947	3108133	3720356	0.8423	3726144	1.02974	3731947	1.10572	3720356	35568.0873797934	3726144	11942.8205178006	3731947	2810958.47049886	3736924	33345	3742711	21077	3748514	3355511	3736924	0.84182	3742711	1.03027	3748514	1.10558	3736924	39610.6055926445	3742711	20457.7440865016	3748514	3035068.47084788	3753475	30211	3759263	54327	3765066	3311845	3753475	0.84162	3759263	1.0298	3765066	1.10557	3753475	35896.2477127445	3759263	52754.9038648281	3765066	2995599.55498069
33	3840367	29854	3846171	10969	3851958	3102098	3840367	0.84198	3846171	1.03004	3851958	1.10588	3840367	35456.8992137581	3846171	10649.1010057862	3851958	2805094.58530763	3856935	33331	3862722	17975	3868525	3349928	3856935	0.84207	3862722	1.02992	3868525	1.1043	3856935	39582.2200054627	3862722	17452.811868883	3868525	3033530.74345739	3873502	30146	3879290	44247	3885093	3305473	3873502	0.8415	3879290	1.02893	3885093	1.10489	3873502	35824.1235888295	3879290	43002.9253690727	3885093	2991676.09445284
34	3960378	30052	3966166	10236	3972000	3091674	3960378	0.84127	3966166	1.02999	3972000	1.10366	3960378	35722.181939211	3966166	9937.96056272391	3972000	2801292.06458511	3976977	33292	3982780	15806	3988599	3340099	3976977	0.84172	3982780	1.02931	3988599	1.10455	3976977	39552.3451979281	3982780	15355.9180421836	3988599	3023945.49816667	3993560	30013	3999347	37377	4005166	3295296	3993560	0.84151	3999347	1.02929	4005166	1.10476	3993560	35665.6486553933	3999347	36313.3810685035	4005166	2982816.17726927
35	4080389	30183	4086177	9839	4091980	3088278	4080389	0.84256	4086177	1.03142	4091980	1.10525	4080389	35822.9680972275	4086177	9539.27594966163	4091980	2794189.54987559	4096957	33106	4102744	14449	4108548	3340794	4096957	0.84285	4102744	1.02971	4108548	1.10575	4096957	39278.6379545589	4102744	14032.1061269678	4108548	3021292.33551888	4113540	30293	4119327	33250	4125115	3297626	4113540	0.84238	4119327	1.03045	4125115	1.10488	4113540	35961.2051568176	4119327	32267.4559658402	4125115	2984601.04264717
36	4200400	30046	4206188	9297	4211991	3087272	4200400	0.84116	4206188	1.02965	4211991	1.10534	4200400	35719.7203861334	4206188	9029.28179478464	4211991	2793051.911629	4216968	33267	4222755	13428	4228559	3334448	4216968	0.84162	4222755	1.03014	4228559	1.10493	4216968	39527.3401297498	4222755	13035.1214398043	4228559	3017791.17229146	4233535	30516	4239323	30003	4245126	3290302	4233535	0.84154	4239323	1.03013	4245126	1.10412	4233535	36262.0909285358	4239323	29125.4501858989	4245126	2980022.0990472
37	4320411	28746	4326199	9169	4332002	2997956	4320411	0.84214	4326199	1.03044	4332002	1.10629	4320411	34134.4669532382	4326199	8898.14060013198	4332002	2709918.73740159	4336994	32038	4342766	12659	4348570	3240796	4336994	0.84176	4342766	1.02976	4348570	1.10524	4336994	38060.7298992587	4342766	12293.155686762	4348570	2932210.19868988	4353546	28785	4359349	29032	4365152	3187247	4353546	0.84215	4359349	1.03017	4365152	1.10611	4353546	34180.3716677551	4359349	28181.7564091364	4365152	2881491.89501948
38	4440422	28636	4446210	8546	4452013	2971082	4440422	0.84259	4446210	1.03061	4452013	1.10594	4440422	33985.686988927	4446210	8292.17647800817	4452013	2686476.66238675	4456990	31979	4462777	12027	4468565	3228329	4456990	0.84262	4462777	1.0301	4468565	1.10542	4456990	37951.8644228715	4462777	11675.5654790797	4468565	2920454.66881366	4473557	28858	4479345	26482	4485148	3179381	4473557	0.84204	4479345	1.03022	4485148	1.10576	4473557	34271.5310436559	4479345	25705.189182893	4485148	2875290.29807553
39	4560434	28226	4566221	8355	4572024	2964090	4560434	0.84258	4566221	1.03077	4572024	1.10539	4560434	33499.4896627027	4566221	8105.59096597689	4572024	2681487.98161735	4577001	31792	4582788	11586	4588592	3224781	4577001	0.84298	4582788	1.03029	4588592	1.10697	4577001	37713.8247645258	4582788	11245.3775150686	4588592	2913160.24824521	4593552	28990	4599340	24754	4605143	3163084	4593552	0.8432	4599340	1.03095	4605143	1.1052	4593552	34380.9297912714	4599340	24010.863766429	4605143	2862001.44770177
40	4680445	28311	4686232	8060	4692035	2958007	4680445	0.84283	4686232	1.03029	4692035	1.10614	4680445	33590.4037587651	4686232	7823.0401149191	4692035	2674170.53899145	4697027	31438	4702799	11187	4708603	3214706	4697027	0.84279	4702799	1.03125	4708603	1.1053	4697027	37302.2935725388	4702799	10848	4708603	2908446.57559034	4713595	28872	4719382	22912	4725185	3162763	4713595	0.84317	4719382	1.03056	4725185	1.10599	4713595	34242.2050120379	4719382	22232.5725818972	4725185	2859666.90476406
41	4800456	27305	4806243	8526	4812046	2855011	4800456	0.84329	4806243	1.03146	4812046	1.1061	4800456	32379.134105705	4806243	8265.95311500204	4812046	2581150.89051623	4817023	30214	4822810	11760	4828614	3082908	4817023	0.84265	4822810	1.03041	4828614	1.1059	4817023	35855.9306948318	4822810	11412.9327161033	4828614	2787691.47300841	4833590	27741	4839378	22981	4845196	3043502	4833590	0.8431	4839378	1.03154	4845196	1.10545	4833590	32903.5701577512	4839378	22278.3411210423	4845196	2753179.24826994
42	4920467	27004	4926254	8500	4932089	2836659	4920467	0.84224	4926254	1.03077	4932089	1.106	4920467	32062.1200607903	4926254	8246.26250278918	4932089	2564791.13924051	4937065	29806	4942837	11502	4948656	3068533	4937065	0.84284	4942837	1.0304	4948656	1.10498	4937065	35363.7701105785	4942837	11162.6552795031	4948656	2777003.20367789	4953648	27474	4959420	23256	4965223	3023700	4953648	0.84301	4959420	1.03027	4965223	1.10498	4953648	32590.3607311894	4959420	22572.7236549642	4965223	2736429.61863563
43	5040478	26922	5046265	9102	5052068	2823936	5040478	0.84282	5046265	1.03096	5052068	1.10529	5040478	31942.763579412	5046265	8828.66454566618	5052068	2554927.6660424	5057060	29869	5062832	12366	5068636	3052753	5057060	0.8433	5062832	1.03145	5068636	1.10528	5057060	35419.1865291118	5062832	11988.9475980416	5068636	2761972.53184713	5073612	27005	5079400	25608	5085203	2993508	5073612	0.8427	5079400	1.0305	5085203	1.10536	5073612	32045.8051501127	5079400	24850.0727802038	5085203	2708174.71231092
44	5160489	26693	5166276	9458	5172079	2799638	5160489	0.84312	5166276	1.03185	5172079	1.10499	5160489	31659.7874561154	5166276	9166.06095847265	5172079	2533631.97856994	5177056	29479	5182843	13091	5188647	3027459	5177056	0.84337	5182843	1.03109	5188647	1.10636	5177056	34953.8162372387	5182843	12696.2728762766	5188647	2736414.0062909	5193639	26222	5199426	28814	5205229	2915822	5193639	0.84224	5199426	1.0315	5205229	1.10552	5193639	31133.6436170213	5199426	27934.0765874939	5205229	2637511.75917215
45	5280500	26389	5286287	10046	5292090	2768977	5280500	0.84289	5286287	1.03038	5292090	1.10599	5280500	31307.7625787469	5286287	9749.80104427493	5292090	2503618.47756309	5297067	29199	5302839	14304	5308642	2972600	5297067	0.84303	5302839	1.03024	5308642	1.10519	5297067	34635.7780861891	5302839	13884.1435005436	5308642	2689673.2688497	5313618	25611	5319390	33454	5325194	2794444	5313618	0.84235	5319390	1.03139	5325194	1.10644	5313618	30404.2262717398	5319390	32435.8390133703	5325194	2525617.29510864
46	5400511	25694	5406298	10992	5412101	2721584	5400511	0.84385	5406298	1.03184	5412101	1.1071	5400511	30448.5394323636	5406298	10652.8143898279	5412101	2458300.06322825	5417078	28361	5422865	16188	5428653	2897357	5417078	0.84278	5422865	1.03075	5428653	1.10617	5417078	33651.7240561001	5422865	15705.069124424	5428653	2619269.19008832	5433629	24467	5439417	38613	5445205	2617752	5433629	0.84259	5439417	1.03114	5445205	1.10652	5433629	29037.8475889816	5439417	37446.9034272747	5445205	2365752.08762607
47	5520522	25472	5526309	12103	5532128	2654689	5520522	0.84331	5526309	1.03212	5532128	1.10734	5520522	30204.7882747744	5526309	11726.3496492656	5532128	2397356.72873733	5537104	27696	5542892	17722	5548711	2798035	5537104	0.84359	5542892	1.03144	5548711	1.1069	5537104	32831.1146409986	5542892	17181.8040797332	5548711	2527811.90712802	5553687	22101	5559475	45899	5565278	2402645	5553687	0.84305	5559475	1.03179	5565278	1.10629	5553687	26215.5269556966	5559475	44484.8273388965	5565278	2171803.95737103
48	5640533	24798	5646320	13354	5652139	2570618	5640533	0.84358	5646320	1.03179	5652139	1.10709	5640533	29396.1450010669	5646320	12942.5561402999	5652139	2321959.37096352	5657115	26919	5662887	19911	5668691	2678094	5657115	0.84366	5662887	1.03249	5668691	1.10714	5657115	31907.4034563687	5662887	19284.4482755281	5668691	2418929.85530285	5673651	19931	5679439	53834	5685242	2174341	5673651	0.84396	5679439	1.03129	5685242	1.1059	5673651	23616.0481539409	5679439	52200.6419144954	5685242	1966128.04050999
49	5760544	24609	5766331	14957	5772134	2477351	5760544	0.84341	5766331	1.03128	5772134	1.10659	5760544	29177.9798674429	5766331	14503.3356605384	5772134	2238725.27313639	5777111	25814	5782898	22393	5788702	2535102	5777111	0.84295	5782898	1.03248	5788702	1.10652	5777111	30623.4058959606	5782898	21688.5557105222	5788702	2291058.45352999	5793678	17497	5799466	64321	5805269	1957747	5793678	0.84357	5799466	1.0317	5805269	1.10671	5793678	20741.6100619984	5799466	62344.6738392944	5805269	1768979.22671703
50	5880555	23985	5886358	17116	5892145	2370044	5880555	0.84438	5886358	1.03237	5892145	1.10715	5880555	28405.4572585803	5886358	16579.327179209	5892145	2140671.09244457	5897122	25060	5902909	25492	5908697	2389780	5897122	0.84364	5902909	1.03288	5908697	1.10723	5897122	29704.6133421839	5902909	24680.5049957401	5908697	2158341.08541134	5913673	15727	5919445	76163	5925249	1775458	5913673	0.8442	5919445	1.03208	5925249	1.10669	5913673	18629.4716891732	5919445	73795.6359972095	5925249	1604295.6925607
51	6000566	23411	6006353	18904	6012172	2257269	6000566	0.84385	6006353	1.03086	6012172	1.1072	6000566	27743.0823013569	6006353	18338.0866461013	6012172	2038718.38872832	6017148	23733	6022905	29064	6028708	2237670	6017148	0.84346	6022905	1.0319	6028708	1.10884	6017148	28137.6710217438	6022905	28165.5199147204	6028708	2018027.8489232	6033684	13931	6039472	88621	6045275	1621942	6033684	0.84362	6039472	1.03204	6045275	1.10715	6033684	16513.3590953273	6039472	85869.7337312507	6045275	1464970.41954568
52	6120577	22555	6126364	21605	6132167	2136671	6120577	0.84396	6126364	1.03241	6132167	1.1071	6120577	26725.2002464572	6126364	20926.7635919838	6132167	1929971.09565532	6137144	22806	6142916	32377	6148719	2084244	6137144	0.84436	6142916	1.03236	6148719	1.10731	6137144	27009.8062437823	6142916	31362.1217404781	6148719	1882258.80738005	6153711	12712	6159499	103016	6165302	1509507	6153711	0.84382	6159499	1.03178	6165302	1.10658	6153711	15064.8242516176	6159499	99842.989784644	6165302	1364119.17800792
53	6240588	21888	6246360	24342	6252178	2019308	6240588	0.84405	6246360	1.03104	6252178	1.10673	6240588	25932.1130264795	6246360	23609.1713221601	6252178	1824571.4853668	6257155	21815	6262943	36483	6268746	1940243	6257155	0.84332	6262943	1.03164	6268746	1.10645	6257155	25867.9979130105	6262943	35364.0804931953	6268746	1753574.94690226	6273722	11946	6279510	117302	6285313	1430161	6273722	0.8442	6279510	1.03207	6285313	1.10703	6273722	14150.6751954513	6279510	113657.01938822	6285313	1291890.01201413
54	6360599	21781	6366386	26730	6372189	1908996	6360599	0.84423	6366386	1.03205	6372189	1.10779	6360599	25799.8412754818	6366386	25899.9079501962	6372189	1723247.18583847	6377182	20864	6382969	40558	6388772	1814694	6377182	0.8444	6382969	1.03137	6388772	1.10763	6377182	24708.6688773093	6382969	39324.3937675131	6388772	1638357.57428022	6393749	11243	6399536	133074	6405324	1376862	6393749	0.84386	6399536	1.03266	6405324	1.10765	6393749	13323.3000734719	6399536	128865.260589158	6405324	1243047.8941904
55	6480610	20644	6486397	29807	6492185	1798436	6480610	0.84443	6486397	1.03194	6492185	1.10735	6480610	24447.2602820838	6486397	28884.4312653837	6492185	1624089.944462	6497161	19889	6502965	44855	6508783	1703300	6497161	0.84331	6502965	1.03142	6508783	1.1071	6497161	23584.4470005099	6502965	43488.5885478273	6508783	1538524.07189956	6513760	10824	6519547	148506	6525366	1346848	6513760	0.84378	6519547	1.03126	6525366	1.10711	6513760	12827.9883381924	6519547	144004.421775304	6525366	1216543.97485345
56	6600621	20867	6606408	267954	6612212	1683133	6600621	0.84354	6606408	1.03081	6612212	1.10629	6600621	24737.4161272732	6606408	259945.091723984	6612212	1521421.14635403	6617188	20173	6622976	501733	6628779	1607488	6617188	0.84417	6622976	1.03145	6628779	1.10647	6617188	23896.8454221306	6622976	486434.63085947	6628779	1452807.57725017	6633771	12342	6639558	1368473	6645346	1324683	6633771	0.84305	6639558	1.03245	6645346	1.10695	6633771	14639.7010853449	6639558	1325461.76570294	6645346	1196696.32774741
57	6720632	20298	6726419	269494	6732223	1594883	6720632	0.84356	6726419	1.03235	6732223	1.1069	6720632	24062.3073640286	6726419	261049.062817843	6732223	1440855.5425061	6737215	19196	6743002	506585	6748821	1524398	6737215	0.84317	6743002	1.03211	6748821	1.10694	6737215	22766.4646512566	6743002	490824.621406633	6748821	1377127.9382803	6753797	11664	6759585	1386428	6765388	1328551	6753797	0.84295	6759585	1.03139	6765388	1.10648	6753797	13837.1196393618	6759585	1344232.54055207	6765388	1200700.41934784
58	6840643	19874	6846430	271095	6852234	1517548	6840643	0.84464	6846430	1.03275	6852234	1.10717	6840643	23529.5510513355	6846430	262498.184458969	6852234	1370654.91297633	6857210	18709	6862998	509118	6868801	1461968	6857210	0.84466	6862998	1.03231	6868801	1.10696	6857210	22149.7407240783	6862998	493183.249217774	6868801	1320705.35520705	6873777	11821	6879565	1388643	6885352	1346309	6873777	0.84375	6879565	1.03152	6885352	1.10645	6873777	14010.0740740741	6879565	1346210.4467194	6885352	1216782.5025984
59	6960654	19527	6966441	271528	6972245	1450235	6960654	0.84395	6966441	1.03202	6972245	1.10715	6960654	23137.6266366491	6966441	263103.428228135	6972245	1309881.22657273	6977237	18332	6983024	510037	6988827	1412203	6977237	0.84417	6983024	1.03223	6988827	1.10723	6977237	21716.0050700688	6983024	494111.777413948	6988827	1275437.80425025	6993804	11528	6999576	1394524	7005379	1369207	6993804	0.84356	6999576	1.03255	7005379	1.10678	6993804	13665.8921712741	6999576	1350563.16885381	7005379	1237108.54912449
60	7080665	19302	7086452	271185	7092256	1395762	7080665	0.84327	7086452	1.03073	7092256	1.10726	7080665	22889.4660073286	7086452	263099.938878271	7092256	1260554.88322526	7097248	17925	7103020	510726	7108838	1373770	7097248	0.84358	7103020	1.03143	7108838	1.10653	7097248	21248.7256691719	7103020	495163.026089992	7108838	1241511.75295744	7113815	11254	7119602	1393100	7125406	1408057	7113815	0.84404	7119602	1.03071	7125406	1.10687	7113815	13333.4913037297	7119602	1351592.59151459	7125406	1272106.93216005
61	7200676	19183	7206463	271691	7212267	1351798	7200676	0.84369	7206463	1.03111	7212267	1.10604	7200676	22737.0242624661	7206463	263493.710661326	7212267	1222196.30393114	7217243	17678	7223031	511083	7228849	1342920	7217243	0.8433	7223031	1.03151	7228849	1.10616	7217243	20962.8839084549	7223031	495470.717685723	7228849	1214037.75222391	7233826	10991	7239613	1395916	7245401	1450774	7233826	0.84388	7239613	1.03132	7245401	1.10647	7233826	13024.3636536	7239613	1353523.63960749	7245401	1311173.37117138
62	7320687	18940	7326474	271742	7332278	1313087	7320687	0.84353	7326474	1.03099	7332278	1.10669	7320687	22453.261887544	7326474	263573.846497056	7332278	1186499.38103715	7337254	17678	7343042	510226	7348860	1326178	7337254	0.84367	7343042	1.03203	7348860	1.10632	7337254	20953.6904239809	7343042	494390.666937977	7348860	1198729.11996529	7353837	11046	7359624	1398662	7365428	1503976	7353837	0.84392	7359624	1.03234	7365428	1.10715	7353837	13088.9183808892	7359624	1354846.27157719	7365428	1358421.17147631
63	7440698	18744	7446485	270816	7452289	1285068	7440698	0.84416	7446485	1.03169	7452289	1.10703	7440698	22204.3214556482	7446485	262497.455631052	7452289	1160824.90989404	7457281	17572	7463053	509231	7468871	1309981	7457281	0.84309	7463053	1.03135	7468871	1.10788	7457281	20842.3774448754	7463053	493751.878605711	7468871	1182421.38137704	7473848	10991	7479620	1397478	7485423	1562732	7473848	0.84361	7479620	1.03176	7485423	1.10758	7473848	13028.5321416294	7479620	1354460.33961386	7485423	1410942.77614258
64	7560709	18553	7566496	271145	7572300	1255230	7560709	0.8435	7566496	1.03192	7572300	1.10723	7560709	21995.257854179	7566496	262757.771920304	7572300	1133666.89847638	7577276	17689	7583048	512288	7588836	1300057	7577276	0.84417	7583048	1.03241	7588836	1.1071	7577276	20954.310150799	7583048	496205.964684573	7588836	1174290.48866408	7593828	10771	7599615	1394203	7605403	1630564	7593828	0.84359	7599615	1.03154	7605403	1.10681	7593828	12768.0508303797	7599615	1351574.34515385	7605403	1473210.39744852
65	7680720	18654	7686523	272776	7692326	1235374	7680720	0.84377	7686523	1.03228	7692326	1.10732	7680720	22107.9204048497	7686523	264246.134769636	7692326	1115643.17451143	7697303	17302	7703075	511890	7708878	1298426	7697303	0.84279	7703075	1.03164	7708878	1.10712	7697303	20529.4320056004	7703075	496190.531580784	7708878	1172796.08353205	7713854	10908	7719657	1398415	7725461	1705539	7713854	0.84379	7719657	1.03277	7725461	1.10785	7713854	12927.3871460909	7719657	1354043.01054446	7725461	1539503.54289841
66	7800731	18629	7806534	271970	7812337	1215361	7800731	0.84316	7806534	1.03198	7812337	1.10704	7800731	22094.2644337967	7806534	263541.929107153	7812337	1097847.41292094	7817314	17627	7823101	511396	7828920	1291011	7817314	0.84353	7823101	1.0327	7828920	1.10854	7817314	20896.7078823515	7823101	495202.866272877	7828920	1164604.79549678	7833896	11047	7839668	1397900	7845472	1788265	7833896	0.84439	7839668	1.03211	7845472	1.10853	7833896	13082.8171816341	7839668	1354409.89816977	7845472	1613185.93091752
67	7920742	18440	7926545	271441	7932348	1202607	7920742	0.844	7926545	1.03311	7932348	1.10785	7920742	21848.3412322275	7926545	262741.62480278	7932348	1085532.3374103	7937325	17538	7943112	512779	7948915	1291754	7937325	0.84372	7943112	1.03241	7948915	1.10912	7937325	20786.5168539326	7943112	496681.550934222	7948915	1164665.68090017	7953892	10816	7959664	1401156	7965467	1872522	7953892	0.84369	7959664	1.03233	7965467	1.10921	7953892	12819.87459849	7959664	1357275.28987824	7965467	1688158.2387465
68	8040753	18538	8046540	272683	8052344	1190636	8040753	0.84436	8046540	1.03325	8052344	1.1077	8040753	21955.0902458667	8046540	263908.057101379	8052344	1074872.25783154	8057320	17448	8063108	512410	8068895	1291878	8057320	0.84523	8063108	1.0326	8068895	1.10892	8057320	20642.9019320185	8063108	496232.810381561	8068895	1164987.55545937	8073887	10748	8079675	1401094	8085478	1958004	8073887	0.84373	8079675	1.03317	8085478	1.10828	8073887	12738.6723240847	8079675	1356111.77250598	8085478	1766705.16475981
69	8160764	18396	8166567	271695	8172370	1180332	8160764	0.84405	8166567	1.03179	8172370	1.10819	8160764	21794.9173627155	8166567	263323.932195505	8172370	1065098.94512674	8177331	17574	8183119	511631	8188906	1289943	8177331	0.84434	8183119	1.03207	8188906	1.10797	8177331	20813.8901390435	8183119	495732.847578168	8188906	1164240.00649837	8193898	10991	8199670	1395420	8205474	2042679	8193898	0.84476	8199670	1.03237	8205474	1.10783	8193898	13010.7959657181	8199670	1351666.55365809	8205474	1843856.00678805
70	8280775	18251	8286578	272247	8292381	1173133	8280775	0.84375	8286578	1.03248	8292381	1.10858	8280775	21630.8148148148	8286578	263682.589493259	8292381	1058230.34873442	8297358	17584	8303145	512150	8308933	1292114	8297358	0.84481	8303145	1.0325	8308933	1.10829	8297358	20814.1475598064	8303145	496029.055690073	8308933	1165862.72545994	8313909	10886	8319697	1401149	8325500	2130744	8313909	0.84446	8319697	1.03306	8325500	1.10678	8313909	12891.0783222414	8319697	1356309.41087643	8325500	1925173.92797123
71	8400786	18126	8406589	271411	8412392	1164936	8400786	0.84425	8406589	1.03274	8412392	1.10759	8400786	21469.9437370447	8406589	262806.708368031	8412392	1051775.47648498	8417353	17592	8423141	511187	8428944	1294514	8417353	0.84437	8423141	1.03269	8428944	1.10884	8417353	20834.4683018108	8423141	495005.277479205	8428944	1167448.86548104	8433920	10939	8439708	1400015	8445511	2208752	8433920	0.84455	8439708	1.03288	8445511	1.10747	8433920	12952.4598898822	8439708	1355447.87390597	8445511	1994412.48972884
72	8520797	18133	8526584	271889	8532388	1158275	8520797	0.84491	8526584	1.03309	8532388	1.10815	8520797	21461.4574333361	8526584	263180.36182714	8532388	1045233.04606777	8537348	17600	8543136	511662	8548939	1296390	8537348	0.84467	8543136	1.03307	8548939	1.10741	8537348	20836.5397137344	8543136	495282.99147202	8548939	1170650.43660433	8553916	10922	8559703	1399773	8565507	2289491	8553916	0.84422	8559703	1.03278	8565507	1.10738	8553916	12937.385989434	8559703	1355344.79753675	8565507	2067484.51299464
73	8640808	18048	8646611	272634	8652414	1155547	8640808	0.84371	8646611	1.03409	8652414	1.10781	8640808	21391.2363252776	8646611	263646.297711031	8652414	1043091.32432457	8657391	17754	8663178	512736	8668982	1301366	8657391	0.84481	8663178	1.03298	8668982	1.10771	8657391	21015.3762384442	8663178	496365.854130767	8668982	1174825.54098094	8673958	11095	8679746	1401915	8685549	2366400	8673958	0.84453	8679746	1.03303	8685549	1.10942	8673958	13137.4847548341	8679746	1357090.30715468	8685549	2133006.43579528
74	8760819	18029	8766606	271322	8772425	1151880	8760819	0.8449	8766606	1.03274	8772425	1.10831	8760819	21338.6199550243	8766606	262720.529852625	8772425	1039312.10581877	8777402	17290	8783189	513144	8789008	1300992	8777402	0.84451	8783189	1.0322	8789008	1.10736	8777402	20473.4106168074	8783189	497136.213912033	8789008	1174859.12440399	8793985	11267	8799757	1399949	8805560	2417539	8793985	0.84414	8799757	1.03285	8805560	1.10817	8793985	13347.3120572417	8799757	1355423.34317665	8805560	2181559.68849545
75	8880830	18158	8886618	270958	8892421	1143020	8880830	0.84435	8886618	1.03235	8892421	1.10715	8880830	21505.2999348611	8886618	262467.186516201	8892421	1032398.50065483	8897397	17710	8903169	512783	8908972	1307284	8897397	0.8443	8903169	1.03302	8908972	1.10837	8897397	20975.9564135971	8903169	496392.131807709	8908972	1179465.34099624	8913949	11103	8919736	1400307	8925524	2473220	8913949	0.84534	8919736	1.03312	8925524	1.108	8913949	13134.3601391156	8919736	1355415.63419545	8925524	2232148.01444043
76	9000841	17973	9006629	271242	9012447	1140015	9000841	0.84471	9006629	1.03326	9012447	1.10743	9000841	21277.1246936819	9006629	262510.887869462	9012447	1029423.98165121	9017408	17512	9023196	512195	9028983	1306448	9017408	0.84415	9023196	1.03262	9028983	1.10789	9017408	20745.1282355032	9023196	496014.990993783	9028983	1179221.76389353	9033960	11129	9039747	1401227	9045535	2513881	9033960	0.84492	9039747	1.03258	9045535	1.10751	9033960	13171.6612223642	9039747	1357015.43706057	9045535	2269849.48217172
77	9120852	17886	9126640	272067	9132458	1136821	9120852	0.84368	9126640	1.0334	9132458	1.10862	9120852	21199.9810354637	9126640	263273.659763886	9132458	1025437.93184319	9137419	17823	9143207	512556	9148994	1305779	9137419	0.84497	9143207	1.03247	9148994	1.10699	9137419	21093.056558221	9143207	496436.700339961	9148994	1179576.14793268	9153986	11100	9159758	1399413	9165562	2543074	9153986	0.84482	9159758	1.03223	9165562	1.10742	9153986	13138.8934921048	9159758	1355718.20233863	9165562	2296395.22493724
78	9240863	17985	9246666	271862	9252469	1136442	9240863	0.84512	9246666	1.03244	9252469	1.10802	9240863	21281.0015145778	9246666	263319.902367208	9252469	1025651.16153138	9257446	17971	9263233	512019	9269037	1307894	9257446	0.84464	9263233	1.03303	9269037	1.1088	9257446	21276.5201742754	9263233	495647.754663466	9269037	1179558.08080808	9274013	11491	9279785	1403018	9285588	2574993	9274013	0.84446	9279785	1.03249	9285588	1.10803	9274013	13607.5124931909	9279785	1358868.36676384	9285588	2323937.98001859
79	9360874	17910	9366677	271724	9372480	1133120	9360874	0.84438	9366677	1.03262	9372480	1.10721	9360874	21210.8292474952	9366677	263140.36141078	9372480	1023401.16147795	9377441	17837	9383229	512300	9389032	1304367	9377441	0.84433	9383229	1.03262	9389032	1.10799	9377441	21125.6262361873	9383229	496116.674091147	9389032	1177237.15918014	9394008	11381	9399796	1401205	9405599	2591112	9394008	0.84402	9399796	1.03301	9405599	1.10788	9394008	13484.277623753	9399796	1356429.26980378	9405599	2338802.03632162
80	9480885	18029	9486673	272018	9492491	1127267	9480885	0.84353	9486673	1.0324	9492491	1.1077	9480885	21373.2765876732	9486673	263481.208833785	9492491	1017664.53010743	9497452	17884	9503240	511828	9509027	1304379	9497452	0.84474	9503240	1.03226	9509027	1.1073	9497452	21171.011198712	9503240	495832.445314165	9509027	1177981.57680845	9514004	11309	9519791	1402220	9525595	2600851	9514004	0.84428	9519791	1.03305	9525595	1.10709	9514004	13394.8453119818	9519791	1357359.2759305	9525595	2349267.90053203
81	9600896	17696	9606699	271565	9612487	1126767	9600896	0.84406	9606699	1.0332	9612487	1.10781	9600896	20965.3342179466	9606699	262838.753387534	9612487	1017112.14016844	9617463	17908	9623251	512816	9629038	1304586	9617463	0.8446	9623251	1.03296	9629038	1.1082	9617463	21202.9363012077	9623251	496452.912019827	9629038	1177211.69463996	9634015	11573	9639802	1401321	9645590	2613559	9634015	0.84466	9639802	1.03265	9645590	1.10889	9634015	13701.3709658324	9639802	1357014.47731564	9645590	2356914.57222989
82	9720907	17882	9726710	271955	9732513	1119305	9720907	0.84503	9726710	1.03335	9732513	1.10718	9720907	21161.3788859567	9726710	263178.013257851	9732513	1010951.2455066	9737505	17874	9743309	512330	9749112	1300476	9737505	0.84435	9743309	1.03207	9749112	1.10704	9737505	21168.9465269142	9743309	496410.127220053	9749112	1174732.62032086	9754088	11619	9759891	1402334	9765695	2617116	9754088	0.84421	9759891	1.03248	9765695	1.1071	9754088	13763.163193992	9759891	1358219.04540524	9765695	2363938.21696324
83	9840918	17753	9846721	272409	9852509	1117780	9840918	0.84449	9846721	1.03294	9852509	1.10686	9840918	21022.1553837227	9846721	263721.997405464	9852509	1009865.74634552	9857485	17945	9863273	512265	9869076	1297323	9857485	0.84358	9863273	1.0323	9869076	1.10676	9857485	21272.4341496953	9863273	496236.559139785	9869076	1172180.96064187	9874052	11803	9879840	1400174	9885643	2618763	9874052	0.84418	9879840	1.03207	9885643	1.10624	9874052	13981.6152953162	9879840	1356665.73003769	9885643	2367264.78883425
84	9960929	17807	9966717	271399	9972520	1115535	9960929	0.84435	9966717	1.03242	9972520	1.10788	9960929	21089.5955468704	9966717	262876.542492396	9972520	1006909.59309673	9977496	18215	9983284	511333	9989071	1292834	9977496	0.84433	9983284	1.03248	9989071	1.10753	9977496	21573.3184892163	9983284	495247.365566403	9989071	1167312.84931334	9994048	11769	9999835	1399389	10005639	2617898	9994048	0.84428	9999835	1.03273	10005639	1.10703	9994048	13939.6882550813	9999835	1355038.58704599	10005639	2364794.08868775
85	10080940	17795	10086728	272015	10092546	1109269	10080940	0.84499	10086728	1.0323	10092546	1.10691	10080940	21059.4208215482	10086728	263503.826407052	10092546	1002131.15790805	10097507	18163	10103295	510831	10109082	1292601	10097507	0.84443	10103295	1.03215	10109082	1.10719	10097507	21509.1837097214	10103295	494919.343118733	10109082	1167460.86940814	10114074	11835	10119862	1402031	10125665	2621833	10114074	0.84395	10119862	1.03218	10125665	1.10789	10114074	14023.3426150838	10119862	1358320.25421923	10125665	2366510.2131078
86	10200951	17918	10206754	271209	10212557	1104649	10200951	0.84521	10206754	1.03268	10212557	1.10634	10200951	21199.4652216609	10206754	262626.370221172	10212557	998471.536778929	10217534	18031	10223321	511568	10229140	1286482	10217534	0.84445	10223321	1.03299	10229140	1.10802	10217534	21352.3595239505	10223321	495230.350729436	10229140	1161063.87971336	10234101	12029	10239889	1400902	10245676	2621060	10234101	0.84452	10239889	1.03354	10245676	1.10833	10234101	14243.5939942216	10239889	1355440.52479827	10245676	2364873.27781437
87	10320962	17774	10326750	271874	10332568	1104658	10320962	0.84507	10326750	1.03382	10332568	1.10864	10320962	21032.5771829553	10326750	262980.015863497	10332568	996408.211863184	10337529	18284	10343317	511519	10349120	1282156	10337529	0.84543	10343317	1.03308	10349120	1.10846	10337529	21626.8644358492	10343317	495139.776203198	10349120	1156700.28688451	10354096	12232	10359884	1401389	10365672	2618955	10354096	0.84498	10359884	1.03357	10365672	1.10818	10354096	14476.0822741367	10359884	1355872.36471647	10365672	2363293.86922702
88	10440973	17601	10446761	272735	10452564	1102991	10440973	0.84485	10446761	1.03395	10452564	1.10846	10440973	20833.2840149139	10446761	263779.679868466	10452564	995066.127780885	10457540	18055	10463312	511601	10469115	1276871	10457540	0.84551	10463312	1.03266	10469115	1.10733	10457540	21353.9757069698	10463312	495420.564367749	10469115	1153107.92627311	10474092	11944	10479880	1400128	10485683	2613966	10474092	0.8454	10479880	1.03294	10485683	1.10785	10474092	14128.2233262361	10479880	1355478.5369915	10485683	2359494.51640565
89	10560984	17809	10566772	272773	10572590	1097730	10560984	0.84484	10566772	1.03362	10572590	1.10852	10560984	21079.7310733393	10566772	263900.659816954	10572590	990266.301013965	10577567	18112	10583354	513325	10589158	1271257	10577567	0.84512	10583354	1.03296	10589158	1.1075	10577567	21431.2760318061	10583354	496945.670693928	10589158	1147861.8510158	10594134	11939	10599906	1403720	10605709	2611806	10594134	0.84513	10599906	1.03214	10605709	1.1078	10594134	14126.8207258055	10599906	1360009.30106381	10605709	2357651.20057772
90	10680995	17743	10686783	272396	10692601	1094290	10680995	0.84506	10686783	1.03351	10692601	1.10869	10680995	20996.1422857549	10686783	263563.971321032	10692601	987011.698491012	10697562	18311	10703365	512444	10709169	1264488	10697562	0.84472	10703365	1.03345	10709169	1.10775	10697562	21677.0053982385	10703365	495857.564468528	10709169	1141492.21394719	10714145	12035	10719933	1405931	10725736	2611274	10714145	0.84509	10719933	1.03374	10725736	1.107	10714145	14241.086748157	10719933	1360043.14431095	10725736	2358874.43541102
91	10801006	18177	10806794	271363	10812597	1090764	10801006	0.84563	10806794	1.03377	10812597	1.10811	10801006	21495.2165840852	10806794	262498.428083616	10812597	984346.319408723	10817573	18245	10823361	510581	10829180	1257488	10817573	0.84605	10823361	1.03223	10829180	1.10885	10817573	21564.9193310088	10823361	494638.791742151	10829180	1134046.98561573	10834156	12374	10839944	1399608	10845731	2607548	10834156	0.84579	10839944	1.03402	10845731	1.10928	10834156	14630.1091287435	10839944	1353559.89245856	10845731	2350667.09937978
92	10921017	17714	10926805	271766	10932624	1086691	10921017	0.84497	10926805	1.03276	10932624	1.10868	10921017	20964.0578955466	10926805	263145.358069639	10932624	980166.504311434	10937584	18185	10943372	510529	10949175	1252036	10937584	0.84471	10943372	1.03478	10949175	1.10834	10937584	21528.0984006345	10943372	493369.605133458	10949175	1129649.74646769	10954152	12411	10959939	1400023	10965742	2606430	10954152	0.8449	10959939	1.03362	10965742	1.10791	10954152	14689.3123446562	10959939	1354485.20732958	10965742	2352564.7390131
93	11041028	17685	11046831	272393	11052635	1082187	11041028	0.84597	11046831	1.0329	11052635	1.1084	11041028	20904.9966310862	11046831	263716.719914803	11052635	976350.595452905	11057627	18379	11063414	511270	11069233	1245410	11057627	0.84521	11063414	1.03388	11069233	1.10779	11057627	21744.8918020374	11063414	494515.804542113	11069233	1124229.32144179	11074194	12319	11079981	1401573	11085800	2600605	11074194	0.84558	11079981	1.0333	11085800	1.10718	11074194	14568.6984081932	11079981	1356404.72273299	11085800	2348854.74809877
94	11161039	17496	11166842	272452	11172646	1076612	11161039	0.84452	11166842	1.03418	11172646	1.10834	11161039	20717.0937337186	11166842	263447.368929974	11172646	971373.40527275	11177622	18525	11183394	510866	11189197	1238844	11177622	0.84486	11183394	1.03298	11189197	1.10778	11177622	21926.7097507279	11183394	494555.557706829	11189197	1118312.30027623	11194174	12597	11199961	1402454	11205764	2595903	11194174	0.84495	11199961	1.03432	11205764	1.10829	11194174	14908.5744718622	11199961	1355918.86456803	11205764	2342259.69737163
95	11281050	17891	11286838	272431	11292657	1078529	11281050	0.84574	11286838	1.03406	11292657	1.10972	11281050	21154.2554449358	11286838	263457.633019361	11292657	971892.909923224	11297617	18606	11303405	510894	11309208	1232603	11297617	0.84578	11303405	1.03361	11309208	1.108	11297617	21998.6284849488	11303405	494281.208579638	11309208	1112457.58122744	11314185	12692	11319972	1403283	11325775	2594182	11314185	0.84475	11319972	1.03393	11325775	1.10767	11314185	15024.5634803196	11319972	1357232.11435977	11325775	2342017.02673179
96	11401061	17681	11406849	272252	11412668	1071742	11401061	0.84567	11406849	1.03368	11412668	1.10916	11401061	20907.6826658153	11406849	263381.317235508	11412668	966264.560568358	11417644	18622	11423447	510842	11429250	1224965	11417644	0.84512	11423447	1.03374	11429250	1.10865	11417644	22034.7406285498	11423447	494168.746493316	11429250	1104915.88869346	11434211	12780	11439999	1398975	11445802	2590330	11434211	0.84512	11439999	1.03432	11445802	1.10878	11434211	15122.112836047	11439999	1352555.30203419	11445802	2336198.34412598
97	11521072	17987	11526875	271025	11532679	1066126	11521072	0.84491	11526875	1.03395	11532679	1.10944	11521072	21288.6579635701	11526875	262125.828134823	11532679	960958.681857514	11537655	18604	11543427	510792	11549215	1218862	11537655	0.84623	11543427	1.03414	11549215	1.10879	11537655	21984.5668435295	11543427	493929.255226565	11549215	1099272.17958315	11554207	12780	11559994	1401840	11565782	2590759	11554207	0.84627	11559994	1.03425	11565782	1.10968	11554207	15101.5633308519	11559994	1355416.96881798	11565782	2334690.18095307
98	11641083	17496	11646886	271836	11652690	1063099	11641083	0.84537	11646886	1.03403	11652690	1.10868	11641083	20696.2631747046	11646886	262889.858127907	11652690	958887.145073421	11657666	18602	11663438	510757	11669241	1212276	11657666	0.84546	11663438	1.03459	11669241	1.10901	11657666	22002.2236415679	11663438	493680.588445665	11669241	1093115.48137528	11674218	12769	11680005	1400492	11685808	2583801	11674218	0.84559	11680005	1.03344	11685808	1.10768	11674218	15100.6989202805	11680005	1355174.94968261	11685808	2332624.04304492
99	11761094	17806	11766882	272067	11772701	1058442	11761094	0.84594	11766882	1.03506	11772701	1.10946	11761094	21048.7741447384	11766882	262851.428902672	11772701	954015.466983938	11777677	18740	11783449	511784	11789252	1202973	11777677	0.84604	11783449	1.035	11789252	1.11012	11777677	22150.2529431233	11783449	494477.29468599	11789252	1083642.30893957	11794229	12875	11800001	1400874	11805804	2582476	11794229	0.84586	11800001	1.03424	11805804	1.10906	11794229	15221.194996808	11800001	1354496.05507426	11805804	2328526.86058464
100	11881105	17773	11886893	271372	11892712	1056871	11881105	0.84555	11886893	1.03412	11892712	1.10867	11881105	21019.4547927385	11886893	262418.288012997	11892712	953278.252320348	11897688	18799	11903460	511286	11909263	1194535	11897688	0.84522	11903460	1.03428	11909263	1.1085	11897688	22241.5465795887	11903460	494340.023978033	11909263	1077613.89264772	11914255	13036	11920043	1401808	11925846	2578567	11914255	0.84628	11920043	1.03461	11925846	1.10971	11914255	15403.885238928	11920043	1354914.41219397	11925846	2323640.41055771
101	12001116	17792	12006919	272377	12012723	1053112	12001116	0.84593	12006919	1.03413	12012723	1.10909	12001116	21032.4731360751	12006919	263387.581832071	12012723	949527.991416386	12017699	18538	12023471	511405	12029274	1187839	12017699	0.84583	12023471	1.03352	12029274	1.10814	12017699	21916.9336627928	12023471	494818.677916248	12029274	1071921.41787139	12034251	13057	12040038	1399471	12045841	2572645	12034251	0.84583	12040038	1.03368	12045841	1.10868	12034251	15436.9081257463	12040038	1353872.57178237	12045841	2320457.66136306
102	12121127	17654	12126915	271866	12132734	1045195	12121127	0.84556	12126915	1.03357	12132734	1.10781	12121127	20878.4710724254	12126915	263035.885329489	12132734	943478.574845867	12137710	18596	12143482	510381	12149285	1183476	12137710	0.84535	12143482	1.03345	12149285	1.10879	12137710	21997.9889986396	12143482	493861.338236006	12149285	1067358.11109408	12154262	13267	12160049	1399024	12165837	2569504	12154262	0.84521	12160049	1.03348	12165837	1.10829	12154262	15696.6907632423	12160049	1353702.05519217	12165837	2318440.11946332
103	12241138	17688	12246941	271943	12252745	1043408	12241138	0.84578	12246941	1.03586	12252745	1.10894	12241138	20913.2398496063	12246941	262528.72009731	12252745	940905.729796022	12257721	18657	12263493	510411	12269281	1172483	12257721	0.84554	12263493	1.03331	12269281	1.10893	12257721	22065.1891099179	12263493	493957.282906388	12269281	1057310.19992245	12274257	13320	12280045	1398052	12285848	2561675	12274257	0.84571	12280045	1.03355	12285848	1.10828	12274257	15750.0798145937	12280045	1352669.92404818	12285848	2311396.9394016
104	12361149	17569	12366952	271988	12372756	1040890	12361149	0.8454	12366952	1.03367	12372756	1.10899	12361149	20781.878400757	12366952	263128.464597018	12372756	938592.773604812	12377732	18694	12383504	511557	12389307	1166600	12377732	0.84596	12383504	1.03347	12389307	1.10966	12377732	22097.9715352972	12383504	494989.694911318	12389307	1051313.01479733	12394284	13094	12400056	1399634	12405859	2559063	12394284	0.8452	12400056	1.03372	12405859	1.10847	12394284	15492.1911973497	12400056	1353977.86634679	12405859	2308644.34761428
105	12481160	17930	12486963	271855	12492767	1033296	12481160	0.84529	12486963	1.03266	12492767	1.10719	12481160	21211.6551715979	12486963	263257.025545678	12492767	933259.874095684	12497743	18686	12503515	509930	12509303	1158907	12497743	0.84533	12503515	1.03336	12509303	1.10834	12497743	22104.9767546402	12503515	493467.910505535	12509303	1045624.08647166	12514279	13450	12520067	1397641	12525870	2555020	12514279	0.84526	12520067	1.03289	12525870	1.10795	12514279	15912.2636821806	12520067	1353136.34559343	12525870	2306078.79416941
106	12601171	17737	12606959	271701	12612778	1032652	12601171	0.84633	12606959	1.0339	12612778	1.10864	12601171	20957.5461108551	12606959	262792.339684689	12612778	931458.363400202	12617738	18885	12623510	511611	12629314	1150122	12617738	0.84622	12623510	1.03408	12629314	1.10842	12617738	22316.8915884758	12623510	494749.922636547	12629314	1037622.92271883	12634306	13489	12640078	1397729	12645881	2547614	12634306	0.84604	12640078	1.03382	12645881	1.10794	12634306	15943.6906056451	12640078	1352004.21736859	12645881	2299415.13078326
107	12721182	17971	12726970	271195	12732789	1027186	12721182	0.84584	12726970	1.03424	12732789	1.10786	12721182	21246.3350042561	12726970	262216.700185644	12732789	927180.32964454	12737765	18645	12743553	511264	12749371	1142810	12737765	0.84685	12743553	1.03622	12749371	1.10933	12737765	22016.886107339	12743553	493393.294860165	12749371	1030180.37914777	12754348	13539	12760136	1400056	12765939	2546955	12754348	0.846	12760136	1.03538	12765939	1.10953	12754348	16003.5460992908	12760136	1352214.64583052	12765939	2295526.03354574
108	12841193	17747	12846981	271617	12852800	1026435	12841193	0.84617	12846981	1.03502	12852800	1.10951	12841193	20973.3268728506	12846981	262426.813008444	12852800	925124.604555164	12857760	18758	12863548	510450	12869351	1135925	12857760	0.84592	12863548	1.03482	12869351	1.10977	12857760	22174.6737280121	12863548	493274.192613208	12869351	1023567.94651144	12874343	13739	12880147	1396655	12885934	2539793	12874343	0.84623	12880147	1.03427	12885934	1.10809	12874343	16235.5388015079	12880147	1350377.56098504	12885934	2292045.77245531
109	12961204	17709	12966992	271079	12972811	1020806	12961204	0.84597	12966992	1.03429	12972811	1.10873	12961204	20933.3664314337	12966992	262091.86978507	12972811	920698.456792907	12977787	18981	12983559	509513	12989362	1128191	12977787	0.84628	12983559	1.03448	12989362	1.10966	12977787	22428.7469868129	12983559	492530.546748125	12989362	1016699.70982103	12994339	13896	13000126	1397162	13005914	2537569	12994339	0.84637	13000126	1.03474	13005914	1.10886	12994339	16418.3513120739	13000126	1350254.17012969	13005914	2288448.49665422
110	13081215	17993	13087003	270802	13092806	1021841	13081215	0.84629	13087003	1.03389	13092806	1.10987	13081215	21261.03345189	13087003	261925.349892155	13092806	920685.305486228	13097783	18895	13103570	510120	13109358	1119946	13097783	0.84529	13103570	1.03393	13109358	1.10868	13097783	22353.2752073253	13103570	493379.629181859	13109358	1010161.63365444	13114334	13837	13120122	1397490	13125925	2535740	13114334	0.84666	13120122	1.03467	13125925	1.11009	13114334	16343.0420711974	13120122	1350662.53008205	13125925	2284265.23975534
111	13201226	17774	13207014	271743	13212833	1014845	13201226	0.84524	13207014	1.03405	13212833	1.10931	13201226	21028.346978373	13207014	262794.83583966	13212833	914843.461250687	13217794	19002	13223581	509500	13229384	1113379	13217794	0.84618	13223581	1.03394	13229384	1.10891	13217794	22456.2149897185	13223581	492775.209393195	13229384	1004030.0835956	13234361	13971	13240148	1396710	13245952	2523720	13234361	0.84638	13240148	1.03455	13245952	1.10862	13234361	16506.7700087431	13240148	1350065.24575903	13245952	2276451.80494669
112	13321237	17836	13327025	270429	13332828	1013366	13321237	0.84565	13327025	1.03373	13332828	1.10881	13321237	21091.4681014604	13327025	261605.061282927	13332828	913922.132736898	13337805	19227	13343577	509863	13349380	1107457	13337805	0.84534	13343577	1.03382	13349380	1.1087	13337805	22744.6944424729	13343577	493183.532916755	13349380	998878.867141698	13354372	14082	13360159	1396716	13365963	2522142	13354372	0.84618	13360159	1.03417	13365963	1.1088	13354372	16641.8492519322	13360159	1350567.12145972	13365963	2274659.09090909
113	13441248	17794	13447036	271181	13452839	1011617	13441248	0.84595	13447036	1.034	13452839	1.10952	13441248	21034.3400910219	13447036	262264.023210832	13452839	911760.941668469	13457816	19134	13463603	508909	13469406	1098962	13457816	0.84617	13463603	1.03406	13469406	1.10838	13457816	22612.4773981588	13463603	492146.490532464	13469406	991502.914163013	13474398	14234	13480170	1399366	13485974	2516357	13474398	0.84633	13480170	1.03443	13485974	1.10871	13474398	16818.4986943627	13480170	1352789.45892907	13485974	2269625.96170324
114	13561259	17746	13567047	271805	13572850	1006127	13561259	0.84598	13567047	1.03414	13572850	1.10792	13561259	20976.8552448048	13567047	262831.918308933	13572850	908122.427612102	13577842	19305	13583614	509335	13589417	1091476	13577842	0.84556	13583614	1.03525	13589417	1.10886	13577842	22831.0232272104	13583614	491992.272397971	13589417	984322.637663907	13594409	14453	13600181	1394085	13605985	2513242	13594409	0.84555	13600181	1.03366	13605985	1.10929	13594409	17093.0163798711	13600181	1348688.15664725	13605985	2265631.16948679
115	13681270	17706	13687058	270974	13692861	1001920	13681270	0.8459	13687058	1.0338	13692861	1.1075	13681270	20931.5521929306	13687058	262114.528922422	13692861	904668.171557562	13697838	19175	13703625	510116	13709428	1086343	13697838	0.84595	13703625	1.03436	13709428	1.10898	13697838	22666.8242803948	13703625	493170.656251209	13709428	979587.548918826	13714405	14436	13720177	1396816	13725980	2509155	13714405	0.84591	13720177	1.03427	13725980	1.10819	13714405	17065.6452814129	13720177	1350533.22633355	13725980	2264192.06092818
116	13801281	17691	13807053	270495	13812872	1001675	13801281	0.8466	13807053	1.03416	13812872	1.10944	13801281	20896.527285613	13807053	261560.106753307	13812872	902865.409576002	13817849	19138	13823636	510545	13829439	1079274	13817849	0.84621	13823636	1.03495	13829439	1.10925	13817849	22616.1354746458	13823636	493304.024349002	13829439	972976.335361731	13834416	14464	13840203	1394289	13846022	2497492	13834416	0.84614	13840203	1.03432	13846022	1.10822	13834416	17094.0979034202	13840203	1348024.78923351	13846022	2253606.68459331
117	13921292	17893	13927080	270498	13932883	997765	13921292	0.84646	13927080	1.03369	13932883	1.10897	13921292	21138.6243886303	13927080	261681.935589974	13932883	899722.264804278	13937875	19275	13943647	509334	13949450	1072162	13937875	0.84555	13943647	1.03368	13949450	1.10811	13937875	22795.8133759092	13943647	492738.565126538	13949450	967559.17733799	13954427	14504	13960214	1393864	13966002	2494812	13954427	0.84592	13960214	1.0338	13966002	1.10838	13954427	17145.8293928504	13960214	1348291.73921455	13966002	2250863.42229199
118	14041303	17843	14047107	270996	14052894	994951	14041303	0.8463	14047107	1.03457	14052894	1.10814	14041303	21083.5401157982	14047107	261940.709666818	14052894	897856.769000307	14057886	19413	14063674	509518	14069477	1064582	14057886	0.8459	14063674	1.03462	14069477	1.10815	14057886	22949.5212200024	14063674	492468.732481491	14069477	960684.022921085	14074469	14478	14080257	1395726	14086060	2491894	14074469	0.84545	14080257	1.03384	14086060	1.10857	14074469	17124.6081968183	14080257	1350040.62524182	14086060	2247845.42248122
119	14161314	17783	14167086	270418	14172905	993553	14161314	0.84571	14167086	1.03361	14172905	1.10847	14161314	21027.3025032221	14167086	261624.790781823	14172905	896328.272303265	14177866	19334	14183654	509813	14189472	1058915	14177866	0.84532	14183654	1.03444	14189472	1.1078	14177866	22871.8118582312	14183654	492839.604036967	14189472	955871.998555696	14194433	14521	14200221	1395839	14206024	2485739	14194433	0.84559	14200221	1.0344	14206024	1.10848	14194433	17172.6250310434	14200221	1349418.98685228	14206024	2242475.28146651
120	14281325	17961	14287113	270784	14292916	992635	14281325	0.84586	14287113	1.03407	14292916	1.10924	14281325	21234.0103563237	14287113	261862.349744215	14292916	894878.475352494	14297893	19436	14303680	509386	14309499	1055835	14297893	0.84599	14303680	1.03387	14309499	1.10907	14297893	22974.2668353054	14303680	492698.308297949	14309499	952000.324596283	14314475	14572	14320263	1394377	14326066	2484175	14314475	0.84546	14320263	1.03386	14326066	1.10878	14314475	17235.587727391	14320263	1348709.68989999	14326066	2240457.98084381
121	14401336	17955	14407124	270765	14412927	989907	14401336	0.84654	14407124	1.03501	14412927	1.1096	14401336	21209.8660429513	14407124	261606.168056347	14412927	892129.596250901	14417919	19409	14423707	506656	14429541	1049945	14417919	0.84692	14423707	1.03401	14429541	1.10913	14417919	22917.1586454447	14423707	489991.392733146	14429541	946638.356189085	14434518	14522	14440290	1391669	14446093	2474996	14434518	0.84564	14440290	1.03374	14446093	1.10915	14434518	17172.7922047207	14440290	1346246.63841972	14446093	2231434.88256773
122	14521347	18020	14527135	269758	14532938	987450	14521347	0.84565	14527135	1.0345	14532938	1.11008	14521347	21309.0522083604	14527135	260761.720637989	14532938	889530.484289421	14537930	19539	14543718	508772	14549521	1043702	14537930	0.84573	14543718	1.03486	14549521	1.10883	14537930	23103.1180163882	14543718	491633.650928628	14549521	941264.215434287	14554497	14965	14560301	1394918	14566119	2470665	14554497	0.84603	14560301	1.03384	14566119	1.10887	14554497	17688.4980438046	14560301	1349259.07297067	14566119	2228092.56269896
123	14641358	18028	14647146	270700	14652949	984103	14641358	0.84558	14647146	1.03453	14652949	1.10829	14641358	21320.277206178	14647146	261664.717311243	14652949	887947.197935558	14657926	19552	14663713	506523	14669516	1040547	14657926	0.84656	14663713	1.03417	14669516	1.10961	14657926	23095.8230958231	14663713	489786.978929963	14669516	937759.212696353	14674493	14871	14680280	1392783	14686084	2463437	14674493	0.84549	14680280	1.03461	14686084	1.10751	14674493	17588.6172515346	14680280	1346191.31846783	14686084	2224302.26363645
124	14761369	17959	14767157	269475	14772960	983380	14761369	0.84568	14767157	1.03467	14772960	1.10897	14761369	21236.1649796613	14767157	260445.35938995	14772960	886750.768731345	14777921	19400	14783709	507459	14789527	1031510	14777921	0.84514	14783709	1.03469	14789527	1.1096	14777921	22954.7767233831	14783709	490445.447428698	14789527	929623.287671233	14794519	14707	14800307	1395747	14806110	2458340	14794519	0.84589	14800307	1.03445	14806110	1.1089	14794519	17386.42140231	14800307	1349264.82671951	14806110	2216917.66615565
125	14881380	17745	14887168	270410	14892987	982341	14881380	0.84628	14887168	1.03525	14892987	1.10881	14881380	20968.2374627783	14887168	261202.608065685	14892987	885941.685230111	14897963	19572	14903751	507928	14909554	1025764	14897963	0.84624	14903751	1.03485	14909554	1.1093	14897963	23128.1905842314	14903751	490822.824563947	14909554	924694.852609754	14914546	15088	14920334	1395159	14926153	2456800	14914546	0.84775	14920334	1.03608	14926153	1.10958	14914546	17797.6997935712	14920334	1346574.58883484	14926153	2214171.12781413
126	15001391	18094	15007179	269937	15012998	978416	15001391	0.84696	15007179	1.03408	15012998	1.10925	15001391	21363.4646264286	15007179	261040.73185827	15012998	882051.836826685	15017974	19777	15023762	507937	15029565	1019035	15017974	0.84707	15023762	1.03434	15029565	1.10884	15017974	23347.5391644138	15023762	491073.534814471	15029565	919009.956350781	15034542	15055	15040345	1391752	15046164	2440544	15034542	0.8471	15040345	1.03361	15046164	1.10858	15034542	17772.3999527801	15040345	1346496.26067859	15046164	2201504.62754154
127	15121402	17818	15127190	270514	15132993	975870	15121402	0.84658	15127190	1.03381	15132993	1.10936	15121402	21047.0363108035	15127190	261667.037463364	15132993	879669.358909642	15137970	19699	15143757	507869	15149561	1017067	15137970	0.84652	15143757	1.03408	15149561	1.10921	15137970	23270.5665548363	15143757	491131.247098871	15149561	916929.165802688	15154553	15045	15160325	1392385	15166128	2440273	15154553	0.84561	15160325	1.03503	15166128	1.10926	15154553	17791.8898783127	15160325	1345260.52384955	15166128	2199910.75131169
128	15241413	17843	15247201	270147	15253004	973320	15241413	0.84692	15247201	1.03478	15253004	1.10923	15241413	21068.1056061966	15247201	261067.086723748	15253004	877473.562741722	15257996	19723	15263768	508706	15269587	1008662	15257996	0.84673	15263768	1.0348	15269587	1.10867	15257996	23293.1394895657	15263768	491598.376497874	15269587	909794.618777454	15274564	15213	15280351	1392393	15286186	2435911	15274564	0.84632	15280351	1.03496	15286186	1.10987	15274564	17975.4702712922	15280351	1345359.24093685	15286186	2194771.45972051
129	15361424	17811	15367212	269725	15373015	972106	15361424	0.8464	15367212	1.03499	15373015	1.10897	15361424	21043.2419659735	15367212	260606.382670364	15373015	876584.578482736	15377992	19626	15383779	508199	15389598	1004078	15377992	0.84587	15383779	1.03495	15389598	1.10945	15377992	23202.1469020062	15383779	491037.24817624	15389598	905023.209698499	15394575	15158	15400347	1397190	15406150	2429094	15394575	0.84686	15400347	1.03481	15406150	1.10935	15394575	17899.0624188178	15400347	1350189.88993149	15406150	2189655.20349754
130	15481435	17777	15487223	271514	15493026	972208	15481435	0.84643	15487223	1.03376	15493026	1.10941	15481435	21002.3274222322	15487223	262647.036062529	15493026	876328.85948387	15498018	19707	15503790	509931	15509609	999034	15498018	0.84611	15503790	1.03409	15509609	1.10863	15498018	23291.2978217962	15503790	493120.521424634	15509609	901142.85198849	15514570	15269	15520373	1401877	15526176	2420264	15514570	0.84628	15520373	1.03402	15526176	1.10843	15514570	18042.4918466701	15520373	1355754.24073035	15526176	2183506.40094548
131	15601447	18039	15607234	271505	15613037	969446	15601447	0.84584	15607234	1.03313	15613037	1.10835	15601447	21326.7284592831	15607234	262798.486153727	15613037	874674.967293725	15618014	19470	15623801	510519	15629605	995096	15618014	0.84576	15623801	1.03563	15629605	1.10799	15618014	23020.7150964813	15623801	492955.012890704	15629605	898109.18871109	15634581	15445	15640369	1394647	15646172	2412749	15634581	0.84568	15640369	1.0336	15646172	1.10877	15634581	18263.4093274052	15640369	1349310.17801858	15646172	2176059.0564319
132	15721458	17878	15727245	271264	15733048	965777	15721458	0.84587	15727245	1.03581	15733048	1.10794	15721458	21135.6354995448	15727245	261885.867099178	15733048	871687.094969042	15738025	19707	15743812	506970	15749616	991003	15738025	0.84652	15743812	1.03442	15749616	1.10893	15738025	23280.0170108208	15743812	490100.732777789	15749616	893656.948590082	15754608	15546	15760380	1393240	15766183	2405873	15754608	0.84551	15760380	1.03517	15766183	1.10862	15754608	18386.5359368902	15760380	1345904.53741897	15766183	2170151.17894319
133	15841469	18434	15847256	271065	15853059	964893	15841469	0.84572	15847256	1.03426	15853059	1.10816	15841469	21796.8121837015	15847256	262085.935838184	15853059	870716.3225527	15858051	19887	15863839	506659	15869642	983085	15858051	0.84617	15863839	1.03416	15869642	1.10795	15858051	23502.3695002186	15863839	489923.222712153	15869642	887300.870977932	15874619	15527	15880406	1387003	15886225	2396774	15874619	0.84605	15880406	1.03447	15886225	1.10868	15874619	18352.3432421252	15880406	1340786.1030286	15886225	2161826.67676877
134	15961480	18113	15967267	269457	15973070	963465	15961480	0.84615	15967267	1.0342	15973070	1.10884	15961480	21406.3700289547	15967267	260546.315993038	15973070	868894.520399697	15978047	19910	15983834	506542	15989638	979356	15978047	0.84639	15983834	1.03432	15989638	1.10794	15978047	23523.4348231903	15983834	489734.318199397	15989638	883943.173818077	15994614	15523	16000433	1386366	16006236	2389250	15994614	0.84623	16000433	1.03426	16006236	1.10848	15994614	18343.7127022204	16000433	1340442.44193916	16006236	2155429.05600462
135	16081491	18105	16087278	270022	16093081	963734	16081491	0.84755	16087278	1.03523	16093081	1.1087	16081491	21361.5715886968	16087278	260832.858398617	16093081	869246.865698566	16098042	19651	16103830	506975	16109617	975593	16098042	0.84644	16103830	1.03437	16109617	1.10868	16098042	23216.057842257	16103830	490129.257422392	16109617	879959.05040228	16114609	15441	16120381	1387629	16126185	2384369	16114609	0.84627	16120381	1.03426	16126185	1.10811	16114609	18245.9498741536	16120381	1341663.60489625	16126185	2151743.96043714
136	16201502	18014	16207289	270550	16213092	959682	16201502	0.84613	16207289	1.0342	16213092	1.10747	16201502	21289.8727145947	16207289	261603.171533553	16213092	866553.495805755	16218069	20066	16223856	507207	16229675	970858	16218069	0.84603	16223856	1.03329	16229675	1.1079	16218069	23717.8350649504	16223856	490866.068577069	16229675	876304.720642657	16234636	15676	16240424	1387547	16246227	2372232	16234636	0.84599	16240424	1.0343	16246227	1.10794	16234636	18529.7698554356	16240424	1341532.43739727	16246227	2141119.55521057
137	16321513	18099	16327300	269319	16333103	959100	16321513	0.84567	16327300	1.03336	16333103	1.10894	16321513	21401.9653056157	16327300	260624.564527367	16333103	864879.975472073	16338080	19975	16343867	507235	16349702	967528	16338080	0.84608	16343867	1.03463	16349702	1.10791	16338080	23608.8785930408	16343867	490257.386698627	16349702	873291.15180836	16354663	15657	16360435	1387799	16366238	2368339	16354663	0.84577	16360435	1.03499	16366238	1.1073	16354663	18512.1250458162	16360435	1340881.55441115	16366238	2138841.32574731
138	16441524	17907	16447311	269644	16453114	959549	16441524	0.84568	16447311	1.03404	16453114	1.10865	16441524	21174.6760003784	16447311	260767.475146029	16453114	865511.207324223	16458106	19814	16463894	506057	16469697	962834	16458106	0.84599	16463894	1.0344	16469697	1.10862	16458106	23421.0806274306	16463894	489227.571539056	16469697	868497.772004835	16474674	15934	16480461	1387645	16486249	2359950	16474674	0.84572	16480461	1.03482	16486249	1.10883	16474674	18840.7510760062	16480461	1340953.01598346	16486249	2128324.45009605
139	16561535	17786	16567322	268921	16573125	958267	16561535	0.84646	16567322	1.0343	16573125	1.10966	16561535	21012.215580181	16567322	260002.900512424	16573125	863568.119964674	16578117	20017	16583905	506059	16589693	957401	16578117	0.84631	16583905	1.03481	16589693	1.10748	16578117	23652.0896598173	16583905	489035.668383568	16589693	864486.040379962	16594685	15809	16600457	1384887	16606260	2353233	16594685	0.84646	16600457	1.03417	16606260	1.10781	16594685	18676.6061007017	16600457	1339128.96332324	16606260	2124220.7598776
140	16681546	17848	16687333	269104	16693136	959179	16681546	0.84623	16687333	1.03466	16693136	1.10979	16681546	21091.1927017478	16687333	260089.304699128	16693136	864288.739311041	16698113	20007	16703900	507420	16709704	954183	16698113	0.84616	16703900	1.03465	16709704	1.10877	16698113	23644.4644038952	16703900	490426.714347847	16709704	860577.937714765	16714696	15915	16720468	1386751	16726271	2346966	16714696	0.84663	16720468	1.03523	16726271	1.1093	16714696	18798.0581836221	16720468	1339558.35901201	16726271	2115718.02037321
141	16801557	18280	16807344	270018	16813147	956275	16801557	0.84654	16807344	1.0342	16813147	1.10822	16801557	21593.7817468755	16807344	261088.764262232	16813147	862892.746927505	16818139	19926	16823927	506352	16829746	950348	16818139	0.84705	16823927	1.03424	16829746	1.1096	16818139	23523.995041615	16823927	489588.49009901	16829746	856478.010093728	16834722	15856	16840510	1387727	16846313	2341894	16834722	0.84666	16840510	1.03542	16846313	1.10943	16834722	18727.7065173742	16840510	1340255.16215642	16846313	2110898.38926296
142	16921568	17985	16927355	268665	16933158	954062	16921568	0.84637	16927355	1.03533	16933158	1.10838	16921568	21249.5717003202	16927355	259496.971979948	16933158	860771.576535123	16938135	20130	16943907	505936	16949694	946686	16938135	0.84583	16943907	1.03473	16949694	1.10876	16938135	23799.1085679155	16943907	488954.606515709	16949694	853824.091778203	16954686	15980	16960474	1385433	16966277	2330120	16954686	0.84646	16960474	1.03467	16966277	1.10808	16954686	18878.623916074	16960474	1339009.53927339	16966277	2102844.55995957
143	17041579	18053	17047366	268795	17053169	956330	17041579	0.84632	17047366	1.03434	17053169	1.10947	17041579	21331.1749692788	17047366	259871.028868651	17053169	861970.129881836	17058161	20394	17063949	503821	17069768	942117	17058161	0.84636	17063949	1.03385	17069768	1.10973	17058161	24096.129306678	17063949	487325.047153843	17069768	848960.557973561	17074744	16002	17080532	1383107	17086335	2322253	17074744	0.84653	17080532	1.03541	17086335	1.10928	17074744	18903.051279931	17080532	1335806.10579384	17086335	2093477.7513342
144	17161590	18148	17167377	268714	17173180	952328	17161590	0.8463	17167377	1.03386	17173180	1.109	17161590	21443.9324116743	17167377	259913.334494032	17173180	858726.780883679	17178157	20179	17183944	505691	17189748	939704	17178157	0.84679	17183944	1.03509	17189748	1.10908	17178157	23829.9932686971	17183944	488547.855742013	17189748	847282.432286219	17194740	16414	17200527	1382488	17206315	2311286	17194740	0.84646	17200527	1.03445	17206315	1.10747	17194740	19391.3474942703	17200527	1336447.3875006	17206315	2086996.4874895
145	17281601	18340	17287388	268804	17293191	952849	17281601	0.84681	17287388	1.03415	17293191	1.10901	17281601	21657.750853202	17287388	259927.476671663	17293191	859188.826070099	17298168	20035	17303955	506987	17309759	936481	17298168	0.84628	17303955	1.03484	17309759	1.10878	17298168	23674.1976650754	17303955	489918.248231611	17309759	844604.881040423	17314735	16311	17320523	1385248	17326326	2309317	17314735	0.84645	17320523	1.03463	17326326	1.10856	17314735	19269.8919014708	17320523	1338882.49905763	17326326	2083168.2543119
146	17401612	18299	17407399	269644	17413202	952945	17401612	0.84709	17407399	1.03529	17413202	1.11012	17401612	21602.191030469	17407399	260452.62680022	17413202	858416.207256873	17418179	19999	17423967	504814	17429770	931784	17418179	0.84609	17423967	1.03538	17429770	1.10838	17418179	23636.9653346571	17423967	487563.986169329	17429770	840671.971706455	17434746	16290	17440534	1382701	17446321	2301395	17434746	0.84598	17440534	1.0345	17446321	1.10966	17434746	19255.7743681884	17440534	1336588.6901885	17446321	2073964.09711083
147	17521623	17972	17527410	268448	17533213	949725	17521623	0.8468	17527410	1.03477	17533213	1.10877	17521623	21223.4293811998	17527410	259427.698908936	17533213	856557.266159799	17538206	20387	17543978	505949	17549781	931292	17538206	0.84672	17543978	1.0343	17549781	1.10873	17538206	24077.6171579743	17543978	489170.453446776	17549781	839962.840366906	17554757	16230	17560545	1381459	17566348	2289742	17554757	0.84663	17560545	1.03398	17566348	1.10866	17554757	19170.1215406966	17560545	1336059.69167682	17566348	2065323.9045334
148	17641634	18122	17647421	269004	17653225	949539	17641634	0.84585	17647421	1.0342	17653225	1.10844	17641634	21424.6024708873	17647421	260108.296267647	17653225	856644.473313847	17658201	20532	17663973	504959	17669776	926565	17658201	0.84637	17663973	1.03516	17669776	1.10852	17658201	24258.8938643856	17663973	487807.681904247	17669776	835857.720203515	17674753	16203	17680540	1380364	17686343	2282346	17674753	0.84633	17680540	1.03411	17686343	1.10807	17674753	19145.0143561022	17680540	1334832.85143747	17686343	2059748.93282915
149	17761645	18350	17767417	267324	17773236	952081	17761645	0.84649	17767417	1.03444	17773236	1.10988	17761645	21677.7516568418	17767417	258423.881520436	17773236	857823.368292068	17778212	20400	17784000	505265	17789803	925026	17778212	0.84623	17784000	1.0351	17789803	1.10895	17778212	24106.9212861752	17784000	488131.581489711	17789803	834145.813607466	17794779	16408	17800567	1381196	17806386	2273015	17794779	0.84633	17800567	1.03456	17806386	1.1084	17794779	19387.2366570959	17800567	1335056.44911847	17806386	2050717.25009022
150	17881656	18109	17887459	269738	17893262	949839	17881656	0.84636	17887459	1.03483	17893262	1.10851	17881656	21396.3325298927	17887459	260659.238715538	17893262	856861.011628222	17898239	20419	17904011	506433	17909814	920241	17898239	0.84592	17904011	1.03545	17909814	1.10854	17898239	24138.2163797995	17904011	489094.596552224	17909814	830137.838959352	17914806	16340	17920593	1380464	17926397	2269973	17914806	0.8462	17920593	1.03477	17926397	1.10895	17914806	19309.8558260459	17920593	1334078.10431304	17926397	2046957.03142612
151	18001667	18300	18007454	267960	18013258	949585	18001667	0.84587	18007454	1.03349	18013258	1.10856	18001667	21634.5301287432	18007454	259276.819320942	18013258	856593.238074619	18018265	20358	18024053	505216	18029856	918098	18018265	0.8467	18024053	1.03434	18029856	1.1086	18018265	24043.9352781387	18024053	488442.871782973	18029856	828159.841241205	18034832	16622	18040620	1377109	18046423	2253050	18034832	0.84665	18040620	1.03406	18046423	1.10842	18034832	19632.6699344475	18040620	1331749.60833994	18046423	2032668.12219195
152	18121678	18162	18127465	268421	18133269	947729	18121678	0.84576	18127465	1.0334	18133269	1.10835	18121678	21474.1770715097	18127465	259745.500290304	18133269	855080.976225921	18138261	20522	18144033	503202	18149836	916704	18138261	0.84567	18144033	1.0344	18149836	1.10946	18138261	24267.1491243629	18144033	486467.517401392	18149836	826261.424476773	18154812	16709	18160615	1378062	18166419	2249223	18154812	0.84617	18160615	1.03509	18166419	1.10819	18154812	19746.6230190151	18160615	1331345.10042605	18166419	2029636.61465994
153	18241689	18028	18247476	268549	18253280	948058	18241689	0.84634	18247476	1.03378	18253280	1.109	18241689	21301.131932793	18247476	259773.8396951	18253280	854876.46528404	18258256	20513	18264044	503721	18269847	912236	18258256	0.84597	18264044	1.03413	18269847	1.10847	18258256	24247.9047720368	18264044	487096.399872357	18269847	822968.596353533	18274823	16618	18280611	1377886	18286398	2235964	18274823	0.84682	18280611	1.03421	18286398	1.10791	18274823	19624.0051014383	18280611	1332307.75181056	18286398	2018181.98229098
154	18361700	18080	18367487	268943	18373306	944207	18361700	0.84667	18367487	1.03528	18373306	1.10845	18361700	21354.2466368243	18367487	259778.03106406	18373306	851826.424286165	18378283	20618	18384055	504282	18389858	909517	18378283	0.84615	18384055	1.03415	18389858	1.10848	18378283	24366.838031082	18384055	487629.454141082	18389858	820508.263568129	18394834	16643	18400622	1377942	18406441	2233178	18394834	0.8463	18400622	1.03393	18406441	1.10853	18394834	19665.6032139903	18400622	1332722.71817241	18406441	2014539.9763651
155	18481711	18037	18487498	268312	18493317	946673	18481711	0.84589	18487498	1.03412	18493317	1.10796	18481711	21323.1034768114	18487498	259459.250377132	18493317	854428.860247662	18498294	20431	18504081	503855	18509884	909201	18498294	0.84651	18504081	1.03519	18509884	1.10896	18498294	24135.5683925766	18504081	486727.0742569	18509884	819868.164766989	18514861	16656	18520664	1377063	18526483	2222377	18514861	0.84632	18520664	1.03474	18526483	1.10798	18514861	19680.4991019945	18520664	1330829.96694822	18526483	2005791.62078738
156	18601722	18230	18607509	268560	18613313	946792	18601722	0.84718	18607509	1.0354	18613313	1.1086	18601722	21518.4494440379	18607509	259378.018157234	18613313	854042.937037705	18618289	20672	18624092	504149	18629895	903879	18618289	0.84674	18624092	1.03579	18629895	1.10973	18618289	24413.633464818	18624092	486728.970158044	18629895	814503.527885161	18634887	16575	18640675	1375508	18646478	2214570	18634887	0.84718	18640675	1.03528	18646478	1.10953	18634887	19564.9094643405	18640675	1328633.79955181	18646478	1995953.2414626
157	18721733	18289	18727520	268234	18733324	946616	18721733	0.84672	18727520	1.03525	18733324	1.10892	18721733	21599.8204837491	18727520	259100.700313934	18733324	853637.773689716	18738300	20529	18744088	502792	18749891	902229	18738300	0.84671	18744088	1.03491	18749891	1.109	18738300	24245.6094766803	18744088	485831.618208347	18749891	813551.848512173	18754867	16691	18760655	1376947	18766474	2203318	18754867	0.84633	18760655	1.0349	18766474	1.10936	18754867	19721.6215896872	18760655	1330512.12677553	18766474	1986116.31931925
158	18841744	18032	18847531	267682	18853350	944506	18841744	0.84634	18847531	1.03546	18853350	1.10929	18841744	21305.858165749	18847531	258515.056110328	18853350	851450.928071109	18858327	20653	18864114	503602	18869917	900900	18858327	0.84685	18864114	1.03524	18869917	1.10997	18858327	24388.026214796	18864114	486459.17854797	18869917	811643.557933998	18874894	16815	18880681	1371785	18886485	2192855	18874894	0.84559	18880681	1.03505	18886485	1.10916	18874894	19885.5237171679	18880681	1325332.10955992	18886485	1977041.18431967
159	18961755	18159	18967542	267940	18973361	944506	18961755	0.84624	18967542	1.03483	18973361	1.10958	18961755	21458.4515031197	18967542	258921.75526415	18973361	851228.392725175	18978338	20866	18984110	503647	18989913	897037	18978338	0.8454	18984110	1.03456	18989913	1.10928	18978338	24681.8074284362	18984110	486822.417259511	18989913	808665.981537574	18994889	16926	19000692	1372332	19006496	2185795	18994889	0.84545	19000692	1.03439	19006496	1.10966	18994889	20020.1076349873	19000692	1326706.561355	19006496	1969788.0431844
160	19081766	18200	19087569	268926	19093372	947046	19081766	0.84589	19087569	1.03494	19093372	1.10909	19081766	21515.7999267044	19087569	259846.947649139	19093372	853894.634339864	19098349	20313	19104121	502546	19109939	894364	19098349	0.84577	19104121	1.0345	19109939	1.10902	19098349	24017.1677879329	19104121	485786.370227163	19109939	806445.330111269	19114916	16696	19120719	1374974	19126522	2177995	19114916	0.84614	19120719	1.03575	19126522	1.10981	19114916	19731.9592502423	19120719	1327515.32705769	19126522	1962493.57998216
161	19201777	18067	19207580	267651	19213383	945622	19201777	0.84652	19207580	1.03497	19213383	1.10907	19201777	21342.673533998	19207580	258607.495869445	19213383	852626.074098118	19218360	20291	19224147	503368	19229950	889740	19218360	0.8462	19224147	1.03471	19229950	1.10811	19218360	23978.9647837391	19224147	486482.202742798	19229950	802934.726696808	19234927	17046	19240714	1375500	19246518	2167777	19234927	0.8467	19240714	1.03523	19246518	1.11021	19234927	20132.2782567615	19240714	1328690.24274799	19246518	1952582.84468704
162	19321788	18178	19327575	267853	19333379	946509	19321788	0.84634	19327575	1.0347	19333379	1.1091	19321788	21478.3656686438	19327575	258870.203923843	19333379	853402.758993779	19338371	20756	19344158	503651	19349961	889997	19338371	0.84659	19344158	1.03519	19349961	1.10911	19338371	24517.18068959	19344158	486530.008983858	19349961	802442.498940592	19354938	16841	19360741	1374221	19366544	2156157	19354938	0.84632	19360741	1.03463	19366544	1.10965	19354938	19899.0925418282	19360741	1328224.58270106	19366544	1943096.4718605
163																																																						
164																																																						
165																																																						
166																																																						
167																																																						
168																																																						
169																																																						
170																																																						
171																																																						
172																																																						
173																																																						
174																																																						
175																																																						
176																																																						
177																																																						
178																																																						
179																																																						
180																																																						
181																																																						
182																																																						
183																																																						
184																																																						
185																																																						
186																																																						
187																																																						
188																																																						
189																																																						
190																																																						
191																																																						
192																																																						
193																																																						
194																																																						
195																																																						
196																																																						
197																																																						
198																																																						
199																																																						
200																																																						
201																																																						
202																																																						
203																																																						
204																																																						
205																																																						
206																																																						
207																																																						
208																																																						
209																																																						
210																																																						
211																																																						
212																																																						
213																																																						
214																																																						
215																																																						
216																																																						
217																																																						
218																																																						
219																																																						
220																																																						
221																																																						
222																																																						
223																																																						
224																																																						
225																																																						
226																																																						
227																																																						
228																																																						
229																																																						
230																																																						
231																																																						
232																																																						
233																																																						
234																																																						
235																																																						
236																																																						
237																																																						
238																																																						
239																																																						
240																																																						
241																																																						
242																																																						
243																																																						
244																																																						
245																																																						
246																																																						
247																																																						
248																																																						
249																																																						
250																																																						
251																																																						
252																																																						
253																																																						
254																																																						
255																																																						
256																																																						
257																																																						
258																																																						
259																																																						
260																																																						
261																																																						
262																																																						
263																																																						
264																																																						
265																																																						
266																																																						
267																																																						
268																																																						
269																																																						
270																																																						
271																																																						
272																																																						
273																																																						
274																																																						
275																																																						
276																																																						
277																																																						
278																																																						
279																																																						
280																																																						
281																																																						
282																																																						
283																																																						
284																																																						
285																																																						
286																																																						
287																																																						
288																																																						
289																																																						
290																																																						
291																																																						
292																																																						
293																																																						
294																																																						
295																																																						
296																																																						
297																																																						
298																																																						
299																																																						
300																																																						
301																																																						